4.0,D4 D3 D2,?,?
4.125,D4 D3 D2,?,?
4.25,D4 D3 D2,?,?
4.375,D4 D3 D2,?,?
4.5,D4 D3 D2,?,?
4.625,D4 D3 D2,?,?
4.75,D4 D3 D2,?,?
4.875,D4 D3 D2,?,?
5.0,D4 D3 D2,?,?
5.125,D4 D3 D2,?,?
5.25,D4 D3 D2,?,?
5.375,D4 D3 D2,?,?
5.5,D4 D3 D2,?,?
5.625,D4 D3 D2,?,?
5.75,D4 D3 D2,?,?
5.875,D4 D3 D2,?,?
6.0,D4 D3 D2,?,?
6.125,D4 D3 D2,?,?
6.25,D4 D3 D2,?,?
6.375,D4 D3 D2,?,?
6.5,D4 D3 D2,?,?
6.625,D4 D3 D2,?,?
6.75,D4 D3 D2,?,?
6.875,D4 D3 D2,?,?
7.0,D4 D3 D2,?,?
7.125,D4 D3 D2,?,?
7.25,D4 D3 D2,?,?
7.375,D4 D3 D2,?,?
7.5,D4 D3 D2,?,?
7.625,D4 D3 D2,?,?
7.75,D4 D3 D2,?,?
7.875,D4 D3 D2,?,?
8.0,D4 D3 D2,?,?
8.125,D4 D3 D2,?,?
8.25,D4 D3 D2,?,?
8.375,D4 D3 D2,?,?
8.5,D4 D3 D2,?,?
8.625,D4 D3 D2,?,?
8.75,D4 D3 D2,?,?
8.875,D4 D3 D2,?,?
9.0,D4 D3 D2,?,?
9.125,D4 D3 D2,?,?
9.25,D4 D3 D2,?,?
9.375,D4 D3 D2,?,?
9.5,D4 D3 D2,?,?
9.625,D4 D3 D2,?,?
9.75,D4 D3 D2,?,?
9.875,D4 D3 D2,?,?
10.0,D4 D3 D2,?,?
10.125,D4 D3 D2,?,?
10.25,D4 D3 D2,?,?
10.375,D4 D3 D2,?,?
10.5,D4 D3 D2,?,?
10.625,D4 D3 D2,?,?
10.75,D4 D3 D2,?,?
10.875,D4 D3 D2,?,?
11.0,D4 D3 D2,?,?
11.125,D4 D3 D2,?,?
11.25,D4 D3 D2,?,?
11.375,D4 D3 D2,?,?
11.5,D4 D3 D2,?,?
11.625,D4 D3 D2,?,?
11.75,D4 D3 D2,?,?
11.875,D4 D3 D2,?,?
12.0,D2 D3 D4,?,?
12.125,D3 D4 D2,?,?
12.25,D3 D4 D2,?,?
12.375,D3 D4 D2,?,?
12.5,D3 D4 D2,?,?
12.625,D3 D4 D2,?,?
12.75,D3 D4 D2,?,?
12.875,D3 D4 D2,?,?
13.0,D3 D4 D2,?,?
13.125,D3 D4 D2,?,?
13.25,D3 D4 D2,?,?
13.375,D3 D4 D2,?,?
13.5,D3 D4 D2,?,?
13.625,D3 D4 D2,?,?
13.75,D3 D4 D2,?,?
13.875,D3 D4 D2,?,?
14.0,D3 D4 D2,?,?
14.125,D3 D4 D2,?,?
14.25,D3 D4 D2,?,?
14.375,D3 D4 D2,?,?
14.5,D3 D4 D2,?,?
14.625,D3 D4 D2,?,?
14.75,D3 D4 D2,?,?
14.875,D3 D4 D2,?,?
15.0,D3 D4 D2,?,?
15.125,D3 D4 D2,?,?
15.25,D3 D4 D2,?,?
15.375,D3 D4 D2,?,?
15.5,D3 D4 D2,?,?
15.625,D3 D4 D2,?,?
15.75,D3 D4 D2,?,?
15.875,D3 D4 D2,?,?
16.0,D3 D4 D2,?,?
16.125,D3 D4 D2,?,?
16.25,D3 D4 D2,?,?
16.375,D3 D4 D2,?,?
16.5,D3 D4 D2,?,?
16.625,D3 D4 D2,?,?
16.75,D3 D4 D2,?,?
16.875,D3 D4 D2,?,?
17.0,D3 D4 D2,?,?
17.125,D3 D4 D2,?,?
17.25,D3 D4 D2,?,?
17.375,D3 D4 D2,?,?
17.5,D3 D4 D2,?,?
17.625,D3 D4 D2,?,?
17.75,D3 D4 D2,?,?
17.875,D3 D4 D2,?,?
18.0,D3 D4 D2,?,?
18.125,D3 D4 D2,?,?
18.25,D3 D4 D2,?,?
18.375,D3 D4 D2,?,?
18.5,D3 D4 D2,?,?
18.625,D3 D4 D2,?,?
18.75,D3 D4 D2,?,?
18.875,D3 D4 D2,?,?
19.0,D3 D4 D2,?,?
19.125,D3 D4 D2,?,?
19.25,D3 D4 D2,?,?
19.375,D3 D4 D2,?,?
19.5,D3 D4 D2,?,?
19.625,D3 D4 D2,?,?
19.75,D3 D4 D2,?,?
19.875,D3 D4 D2,?,?
20.0,D3 D4 D2,?,?
20.125,D3 D4 D2,?,?
20.25,D3 D4 D2,?,?
20.375,D3 D4 D2,?,?
20.5,D3 D4 D2,?,?
20.625,D3 D4 D2,?,?
20.75,D3 D4 D2,?,?
20.875,D2 D3 D4,?,?
21.0,D3 D4 D2,?,?
21.125,D3 D4 D2,?,?
21.25,D3 D4 D2,?,?
21.375,D3 D4 D2,?,?
21.5,D3 D4 D2,?,?
21.625,D3 D4 D2,?,?
21.75,D3 D4 D2,?,?
21.875,D3 D4 D2,?,?
22.0,D3 D4 D2,?,?
22.125,D3 D4 D2,?,?
22.25,D3 D4 D2,?,?
22.375,D3 D4 D2,?,?
22.5,D3 D4 D2,?,?
22.625,D3 D4 D2,?,?
22.75,D3 D4 D2,?,?
22.875,D3 D4 D2,?,?
23.0,D3 D4 D2,?,?
23.125,D3 D4 D2,?,?
23.25,D3 D4 D2,?,?
23.375,D3 D4 D2,?,?
23.5,D3 D4 D2,?,?
23.625,D3 D4 D2,?,?
23.75,D3 D4 D2,?,?
23.875,D3 D4 D2,?,?
24.0,D3 D4 D2,?,?
24.125,D3 D4 D2,?,?
24.25,D3 D4 D2,?,?
24.375,D3 D4 D2,?,?
24.5,D3 D4 D2,?,?
24.625,D3 D4 D2,?,?
24.75,D3 D4 D2,?,?
24.875,D3 D4 D2,?,?
25.0,D3 D4 D2,?,?
25.125,D3 D4 D2,?,?
25.25,D3 D4 D2,?,?
25.375,D3 D4 D2,?,?
25.5,D3 D4 D2,?,?
25.625,D3 D4 D2,?,?
25.75,D3 D4 D2,?,?
25.875,D3 D4 D2,?,?
26.0,F3 F4 D4 D3 D2,?,?
26.125,F3 F4 D4 D3 D2,?,?
26.25,F3 F4 D4 D3 D2,?,?
26.375,F3 F4 D4 D3 D2,?,?
26.5,F3 F4 D4 D3 D2,?,?
26.625,F3 F4 D4 D3 D2,?,?
26.75,F3 F4 D4 D3 D2,?,?
26.875,F3 F4 D4 D3 D2,?,?
27.0,F3 F4 D4 D3 D2,?,?
27.125,F3 F4 D4 D3 D2,?,?
27.25,F3 F4 D4 D3 D2,?,?
27.375,F3 F4 D4 D3 D2,?,?
27.5,F3 F4 D4 D3 D2,?,?
27.625,F3 F4 D4 D3 D2,?,?
27.75,F3 F4 D4 D3 D2,?,?
27.875,F3 F4 D4 D3 D2,?,?
28.0,D2 D3 D4,?,?
28.125,D3 D4 D2,?,?
28.25,D3 D4 D2,?,?
28.375,D3 D4 D2,?,?
28.5,D3 D4 D2,?,?
28.625,D3 D4 D2,?,?
28.75,D3 D4 D2,?,?
28.875,D3 D4 D2,?,?
29.0,D3 D4 D2,?,?
29.125,D3 D4 D2,?,?
29.25,D3 D4 D2,?,?
29.375,D3 D4 D2,?,?
29.5,D3 D4 D2,?,?
29.625,D3 D4 D2,?,?
29.75,D3 D4 D2,?,?
29.875,D3 D4 D2,?,?
30.0,D3 D4 D2,?,?
30.125,D3 D4 D2,?,?
30.25,D3 D4 D2,?,?
30.375,D3 D4 D2,?,?
30.5,D3 D4 D2,?,?
30.625,D3 D4 D2,?,?
30.75,D3 D4 D2,?,?
30.875,D3 D4 D2,?,?
31.0,D3 D4 D2,?,?
31.125,D3 D4 D2,?,?
31.25,D3 D4 D2,?,?
31.375,D3 D4 D2,?,?
31.5,D3 D4 D2,?,?
31.625,D3 D2 D4,?,?
31.75,D3 D2 D4,?,?
31.875,D3 D4 D2,?,?
32.0,D3 D4 D2,?,?
32.125,D3 D2 D4,?,?
32.25,D3 D2 D4,?,?
32.375,D3 D2 D4,?,?
32.5,D3 D2 D4,?,?
32.625,D3 D2 D4,?,?
32.75,D3 D2 D4,?,?
32.875,D3 D4 D2,?,?
33.0,D3 D4 D2,?,?
33.125,D3 D4 D2,?,?
33.25,D3 D4 D2,?,?
33.375,D3 D4 D2,?,?
33.5,D3 D4 D2,?,?
33.625,D3 D4 D2,?,?
33.75,D3 D4 D2,?,?
33.875,D3 D4 D2,?,?
34.0,D3 D4 D2,?,?
34.125,D3 D4 D2,?,?
34.25,D3 D4 D2,?,?
34.375,D3 D4 D2,?,?
34.5,D3 D4 D2,?,?
34.625,D3 D4 D2,?,?
34.75,D3 D4 D2,?,?
34.875,D3 D4 D2,?,?
35.0,D3 D4 D2,?,?
35.125,D3 D4 D2,?,?
35.25,D3 D4 D2,?,?
35.375,D3 D4 D2,?,?
35.5,D3 D4 D2,?,?
35.625,D3 D4 D2,?,?
35.75,D3 D4 D2,?,?
35.875,D3 D4 D2,?,?
36.0,D3 D4 D2,?,?
36.125,D3 D4 D2,?,?
36.25,D3 D4 D2,?,?
36.375,D3 D4 D2,?,?
36.5,D3 D4 D2,?,?
36.625,D3 D4 D2,?,?
36.75,D3 D4 D2,?,?
36.875,D2 D3 D4,?,?
37.0,D3 D4 D2,?,?
37.125,D3 D4 D2,?,?
37.25,D3 D4 D2,?,?
37.375,D3 D4 D2,?,?
37.5,D3 D4 D2,?,?
37.625,D3 D4 D2,?,?
37.75,D3 D4 D2,?,?
37.875,D3 D4 D2,?,?
38.0,D3 D4 D2,?,?
38.125,D3 D4 D2,?,?
38.25,D3 D4 D2,?,?
38.375,D3 D4 D2,?,?
38.5,D3 D4 D2,?,?
38.625,D3 D4 D2,?,?
38.75,D3 D4 D2,?,?
38.875,D3 D4 D2,?,?
39.0,D3 D4 D2,?,?
39.125,D3 D4 D2,?,?
39.25,D3 D4 D2,?,?
39.375,D3 D4 D2,?,?
39.5,D3 D4 D2,?,?
39.625,D3 D4 D2,?,?
39.75,D3 D4 D2,?,?
39.875,D3 D4 D2,?,?
40.0,D3 D4 D2,?,?
40.125,D3 D4 D2,?,?
40.25,D3 D4 D2,?,?
40.375,D3 D4 D2,?,?
40.5,D3 D4 D2,?,?
40.625,D3 D4 D2,?,?
40.75,D3 D4 D2,?,?
40.875,D3 D4 D2,?,?
41.0,D3 D4 D2,?,?
41.125,D3 D4 D2,?,?
41.25,D3 D4 D2,?,?
41.375,D3 D4 D2,?,?
41.5,D3 D4 D2,?,?
41.625,D3 D4 D2,?,?
41.75,D3 D4 D2,?,?
41.875,D3 D4 D2,?,?
42.0,A3 A4 D4 D3 D2,?,?
42.125,A3 A4 D4 D3 D2,?,?
42.25,A3 A4 D4 D3 D2,?,?
42.375,A3 A4 D4 D3 D2,?,?
42.5,A3 A4 D4 D3 D2,?,?
42.625,A3 A4 D4 D3 D2,?,?
42.75,A3 A4 D4 D3 D2,?,?
42.875,A3 A4 D4 D3 D2,?,?
43.0,A3 A4 D4 D3 D2,?,?
43.125,A3 A4 D4 D3 D2,?,?
43.25,A3 A4 D4 D3 D2,?,?
43.375,A3 A4 D4 D3 D2,?,?
43.5,A3 A4 D4 D3 D2,?,?
43.625,A3 A4 D4 D3 D2,?,?
43.75,A3 A4 D4 D3 D2,?,?
43.875,A3 A4 D4 D3 D2,?,?
44.0,D3 D4 D2,?,?
44.125,D3 D4 D2,?,?
44.25,D3 D4 D2,?,?
44.375,D3 D4 D2,?,?
44.5,D3 D4 D2,?,?
44.625,D3 D4 D2,?,?
44.75,D3 D4 D2,?,?
44.875,D3 D4 D2,?,?
45.0,D3 D4 D2,?,?
45.125,D3 D4 D2,?,?
45.25,D3 D4 D2,?,?
45.375,D3 D4 D2,?,?
45.5,D3 D4 D2,?,?
45.625,D3 D4 D2,?,?
45.75,D3 D4 D2,?,?
45.875,D3 D4 D2,?,?
46.0,D4 D3 D2,?,?
46.125,D4 D3 D2,?,?
46.25,D4 D3 D2,?,?
46.375,D4 D3 D2,?,?
46.5,D4 D3 D2,?,?
46.625,D4 D3 D2,?,?
46.75,D4 D3 D2,?,?
46.875,D4 D3 D2,?,?
47.0,D4 D3 D2,?,?
47.125,D4 D3 D2,?,?
47.25,D4 D3 D2,?,?
47.375,D4 D3 D2,?,?
47.5,D3 D4 D2,?,?
47.625,D3 D4 D2,?,?
47.75,D3 D4 D2,?,?
47.875,D3 D4 D2,?,?
48.0,D3 D4 D2,?,?
48.125,D3 D4 D2,?,?
48.25,D3 D4 D2,?,?
48.375,D3 D4 D2,?,?
48.5,D3 D4 D2,?,?
48.625,D3 D4 D2,?,?
48.75,D3 D4 D2,?,?
48.875,D3 D4 D2,?,?
49.0,D4 D3 D2,?,?
49.125,D4 D3 D2,?,?
49.25,D4 D3 D2,?,?
49.375,D4 D3 D2,?,?
49.5,D4 D3 D2,?,?
49.625,D4 D3 D2,?,?
49.75,D4 D3 D2,?,?
49.875,D4 D3 D2,?,?
50.0,D4 D3 D2,?,?
50.125,D4 D3 D2,?,?
50.25,D4 D3 D2,?,?
50.375,D4 D3 D2,?,?
50.5,D4 D3 D2,?,?
50.625,D4 D3 D2,?,?
50.75,D4 D3 D2,?,?
50.875,D4 D3 D2,?,?
51.0,F3 F4 D4 D3 D2,?,?
51.125,F3 F4 D4 D3 D2,?,?
51.25,F3 F4 D4 D3 D2,?,?
51.375,F3 F4 D4 D3 D2,?,?
51.5,F3 F4 D4 D3 D2,?,?
51.625,F3 F4 D4 D3 D2,?,?
51.75,F3 F4 D4 D3 D2,?,?
51.875,F3 F4 D4 D3 D2,?,?
52.0,D3 D4 D2,?,?
52.125,D3 D4 D2,?,?
52.25,D3 D4 D2,?,?
52.375,D3 D4 D2,?,?
52.5,D3 D4 D2,?,?
52.625,D3 D4 D2,?,?
52.75,D3 D4 D2,?,?
52.875,D3 D4 D2,?,?
53.0,D3 D4 D2,?,?
53.125,D3 D4 D2,?,?
53.25,D3 D4 D2,?,?
53.375,D3 D4 D2,?,?
53.5,D3 D4 D2,?,?
53.625,D3 D4 D2,?,?
53.75,D3 D4 D2,?,?
53.875,D3 D4 D2,?,?
54.0,D4 D3 D2,?,?
54.125,D4 D3 D2,?,?
54.25,D4 D3 D2,?,?
54.375,D4 D3 D2,?,?
54.5,D4 D3 D2,?,?
54.625,D4 D3 D2,?,?
54.75,D4 D3 D2,?,?
54.875,D4 D3 D2,?,?
55.0,D4 D3 D2,?,?
55.125,D4 D3 D2,?,?
55.25,D4 D3 D2,?,?
55.375,D4 D3 D2,?,?
55.5,D3 D4 D2,?,?
55.625,D3 D4 D2,?,?
55.75,D3 D4 D2,?,?
55.875,D3 D4 D2,?,?
56.0,D3 D4 D2,?,?
56.125,D3 D4 D2,?,?
56.25,D3 D4 D2,?,?
56.375,D3 D4 D2,?,?
56.5,D3 D4 D2,?,?
56.625,D3 D4 D2,?,?
56.75,D3 D4 D2,?,?
56.875,D3 D4 D2,?,?
57.0,D4 D3 D2,?,?
57.125,D4 D3 D2,?,?
57.25,D4 D3 D2,?,?
57.375,D4 D3 D2,?,?
57.5,D4 D3 D2,?,?
57.625,D4 D3 D2,?,?
57.75,D4 D3 D2,?,?
57.875,D4 D3 D2,?,?
58.0,D4 D3 D2,?,?
58.125,D4 D3 D2,?,?
58.25,D4 D3 D2,?,?
58.375,D4 D3 D2,?,?
58.5,D4 D3 D2,?,?
58.625,D4 D3 D2,?,?
58.75,D4 D3 D2,?,?
58.875,D4 D3 D2,?,?
59.0,A3 A4 D4 D3 D2,?,?
59.125,A3 A4 D4 D3 D2,?,?
59.25,A3 A4 D4 D3 D2,?,?
59.375,A3 A4 D4 D3 D2,?,?
59.5,A3 A4 D4 D3 D2,?,?
59.625,A3 A4 D4 D3 D2,?,?
59.75,A3 A4 D4 D3 D2,?,?
59.875,A3 A4 D4 D3 D2,?,?
60.0,D3 D4 D2,?,?
60.125,D3 D4 D2,?,?
60.25,D3 D4 D2,?,?
60.375,D3 D4 D2,?,?
60.5,D3 D4 D2,?,?
60.625,D3 D4 D2,?,?
60.75,D3 D4 D2,?,?
60.875,D3 D4 D2,?,?
61.0,D3 D4 D2,?,?
61.125,D3 D4 D2,?,?
61.25,D3 D4 D2,?,?
61.375,D3 D4 D2,?,?
61.5,D3 D4 D2,?,?
61.625,D3 D4 D2,?,?
61.75,D3 D4 D2,?,?
61.875,D3 D4 D2,?,?
62.0,D4 D3 D2,?,?
62.125,D4 D3 D2,?,?
62.25,D4 D3 D2,?,?
62.375,D4 D3 D2,?,?
62.5,D4 D3 D2,?,?
62.625,D4 D3 D2,?,?
62.75,D4 D3 D2,?,?
62.875,D4 D3 D2,?,?
63.0,D4 D3 D2,?,?
63.125,D4 D3 D2,?,?
63.25,D4 D3 D2,?,?
63.375,D4 D3 D2,?,?
63.5,D3 D4 D2,?,?
63.625,D3 D4 D2,?,?
63.75,D3 D4 D2,?,?
63.875,D3 D4 D2,?,?
64.0,D3 D4 D2,?,?
64.125,D3 D4 D2,?,?
64.25,D3 D4 D2,?,?
64.375,D3 D4 D2,?,?
64.5,D3 D4 D2,?,?
64.625,D3 D4 D2,?,?
64.75,D3 D4 D2,?,?
64.875,D3 D4 D2,?,?
65.0,D4 D3 D2,?,?
65.125,D4 D3 D2,?,?
65.25,D4 D3 D2,?,?
65.375,D4 D3 D2,?,?
65.5,D4 D3 D2,?,?
65.625,D4 D3 D2,?,?
65.75,D4 D3 D2,?,?
65.875,D4 D3 D2,?,?
66.0,D4 D3 D2,?,?
66.125,D4 D3 D2,?,?
66.25,D4 D3 D2,?,?
66.375,D4 D3 D2,?,?
66.5,D4 D3 D2,?,?
66.625,D4 D3 D2,?,?
66.75,D4 D3 D2,?,?
66.875,D4 D3 D2,?,?
67.0,E3 E4 D4 D3 D2,?,?
67.125,E3 E4 D4 D3 D2,?,?
67.25,E3 E4 D4 D3 D2,?,?
67.375,E3 E4 D4 D3 D2,?,?
67.5,E3 E4 D4 D3 D2,?,?
67.625,E3 E4 D4 D3 D2,?,?
67.75,E3 E4 D4 D3 D2,?,?
67.875,E3 E4 D4 D3 D2,?,?
68.0,D3 D4 D2,?,?
68.125,D3 D4 D2,?,?
68.25,D3 D4 D2,?,?
68.375,D3 D4 D2,?,?
68.5,D3 D4 D2,?,?
68.625,D3 D4 D2,?,?
68.75,D3 D4 D2,?,?
68.875,D3 D4 D2,?,?
69.0,D3 D4 D2,?,?
69.125,D3 D4 D2,7,m
69.25,D3 D4 D2,7,m
69.375,D3 D4 D2,7,m
69.5,D3 D4 D2,7,m
69.625,D3 D4 D2,7,m
69.75,D3 D4 D2,7,m
69.875,D3 D4 D2,7,m
70.0,D4 D3 D2,7,m
70.125,D4 D3 D2,7,m
70.25,D4 D3 D2,7,m
70.375,D4 D3 D2,7,m
70.5,D4 D3 D2,7,m
70.625,D4 D3 D2,7,m
70.75,D4 D3 D2,7,m
70.875,D4 D3 D2,7,m
71.0,D4 D3 D2,7,m
71.125,D4 D3 D2,7,m
71.25,D4 D3 D2,7,m
71.375,D4 D3 D2,7,m
71.5,D3 D4 D2,7,m
71.625,D3 D4 D2,7,m
71.75,D3 D4 D2,7,m
71.875,D3 D4 D2,7,m
72.0,D3 D4 D2,7,m
72.125,D3 D4 D2,7,m
72.25,D3 D4 D2,7,m
72.375,D3 D4 D2,7,m
72.5,D3 D4 D2,7,m
72.625,D3 D4 D2,7,m
72.75,D3 D4 D2,7,m
72.875,D3 D4 D2,7,m
73.0,D4 D3 D2,7,m
73.125,D4 D3 D2,7,m
73.25,D4 D3 D2,7,m
73.375,D4 D3 D2,7,m
73.5,D4 D3 D2,7,m
73.625,D4 D3 D2,7,m
73.75,D4 D3 D2,7,m
73.875,D4 D3 D2,7,m
74.0,D4 D3 D2,7,m
74.125,D4 D3 D2,7,m
74.25,D4 D3 D2,7,m
74.375,D4 D3 D2,7,m
74.5,D4 D3 D2,7,m
74.625,D4 D3 D2,7,m
74.75,D4 D3 D2,7,m
74.875,D4 D3 D2,7,m
75.0,D3 D4 D2,7,m
75.125,D3 D4 D2,7,m
75.25,D3 D4 D2,7,m
75.375,D3 D4 D2,7,m
75.5,D3 D4 D2,7,m
75.625,D3 D4 D2,7,m
75.75,D3 D4 D2,7,m
75.875,D3 D4 D2,7,m
76.0,C#4 E-4 D3 C#3 C#2 E-3,7,m
76.125,C#4 E-4 C#3 C#2 E-3,7,m
76.25,C#4 E-4 C#3 C#2 E-3,7,m
76.375,C#4 E-4 C#3 C#2 E-3,7,m
76.5,C#4 E-4 C#3 C#2 E-3,7,m
76.625,C#4 E-4 C#3 C#2 E-3,7,m
76.75,C#4 E-4 C#3 C#2 E-3,7,m
76.875,C#4 E-4 C#3 C#2 E-3,7,m
77.0,C#4 E-4 C#3 C#2 E-3,7,m
77.125,C#4 E-4 C#3 C#2 E-3,7,m
77.25,C#4 E-4 C#3 C#2 E-3,7,m
77.375,C#4 E-4 C#3 C#2 E-3,7,m
77.5,C#4 E-4 C#3 C#2 E-3,7,m
77.625,E-3 C#4 E-4 C#3 C#2,7,m
77.75,B-3 C#4 E-4 E-3 C#3 C#2,7,m
77.875,B-3 C#4 E-4 E-3 C#3 C#2,7,m
78.0,E-4 C#4 E-3 C#3 C#2,7,m
78.125,E-4 C#4 E-3 C#3 C#2,11,M
78.25,E-4 C#4 E-3 C#3 C#2,11,M
78.375,E-4 C#4 E-3 C#3 C#2,11,M
78.5,E-4 C#4 E-3 C#3 C#2,11,M
78.625,E-4 C#4 E-3 C#3 C#2,11,M
78.75,E-4 C#4 E-3 C#3 C#2,11,M
78.875,E-4 C#4 E-3 C#3 C#2,11,M
79.0,E-4 C#4 E-3 C#3 C#2,11,M
79.125,E-4 C#4 E-3 C#3 C#2,11,M
79.25,E-4 C#4 E-3 C#3 C#2,11,M
79.375,E-4 C#4 E-3 C#3 C#2,11,M
79.5,E-4 C#4 E-3 C#3 C#2,11,M
79.625,E-4 C#4 E-3 C#3 C#2,11,M
79.75,E-4 C#4 E-3 C#3 C#2,11,M
79.875,E-4 C#4 E-3 C#3 C#2,11,M
80.0,E-4 C#4 C#3 C#2 E-3,11,M
80.125,E-4 C#4 E-3 C#3 C#2,11,M
80.25,E-4 C#4 C#3 C#2 E-3,11,M
80.375,E-4 C#4 E-3 C#3 C#2,11,M
80.5,E-4 C#4 E-3 C#3 C#2,11,M
80.625,E-4 C#4 E-3 C#3 C#2,11,M
80.75,E-4 C#4 E-3 C#3 C#2,11,M
80.875,E-4 C#4 E-3 C#3 C#2,11,M
81.0,E-4 C#4 E-3 C#3 C#2,11,M
81.125,E-4 C#4 E-3 C#3 C#2,11,M
81.25,E-4 C#4 E-3 C#3 C#2,11,M
81.375,E-4 C#4 E-3 C#3 C#2,11,M
81.5,E-4 C#4 E-3 C#3 C#2,11,M
81.625,E-4 C#4 E-3 C#3 C#2,11,M
81.75,E-4 C#4 C#3 C#2 E-3,11,M
81.875,E-4 C#4 E-3 C#3 C#2,11,M
82.0,D4 C#4 E-4 E-3 C#3 C#2,11,M
82.125,D4 C#4 E-4 E-3 C#3 C#2,11,M
82.25,D4 C#4 E-4 E-3 C#3 C#2,11,M
82.375,D4 C#4 E-4 E-3 C#3 C#2,11,M
82.5,D4 C#4 E-4 E-3 C#3 C#2,11,M
82.625,D4 C#4 E-4 E-3 C#3 C#2,11,M
82.75,D4 C#4 E-4 E-3 C#3 C#2,11,M
82.875,D4 C#4 E-4 E-3 C#3 C#2,11,M
83.0,D4 C#4 E-4 E-3 C#3 C#2,11,M
83.125,D4 C#4 E-4 E-3 C#3 C#2,11,M
83.25,D4 C#4 E-4 E-3 C#3 C#2,11,M
83.375,D4 C#4 E-4 E-3 C#3 C#2,11,M
83.5,D4 C#4 E-4 E-3 C#3 C#2,11,M
83.625,D4 C#4 E-4 E-3 C#3 C#2,11,M
83.75,E-4 C#4 E-3 C#3 C#2,11,M
83.875,E-4 C#4 E-3 C#3 C#2,11,M
84.0,B4 B3 E-4 B2 C#3 B1 F#3 E-3,11,M
84.125,B4 B3 E-4 E-3 B2 B1 F#3,11,M
84.25,B4 B3 E-4 E-3 B2 B1 F#3,11,M
84.375,B4 B3 E-4 E-3 B2 B1 F#3,11,M
84.5,B4 B3 E-4 E-3 B2 B1 F#3,11,M
84.625,B4 B3 E-4 E-3 B2 B1 F#3,11,M
84.75,B4 B3 E-4 E-3 B2 B1 F#3,11,M
84.875,B4 B3 E-4 E-3 B2 B1 F#3,11,M
85.0,B4 B3 E-4 E-3 B2 B1 F#3,11,M
85.125,B4 B3 E-4 E-3 B2 B1 F#3,11,M
85.25,B4 B3 E-4 E-3 B2 B1 F#3,11,M
85.375,B4 B3 E-4 E-3 B2 B1 F#3,11,M
85.5,B4 B3 E-4 E-3 B2 B1 F#3,11,M
85.625,B4 B3 E-4 E-3 B2 B1 F#3,11,M
85.75,B4 B3 E-4 E-3 B2 B1 F#3,11,M
85.875,B4 B3 E-4 E-3 B2 B1 F#3,11,M
86.0,B4 B3 E-4 E-3 B2 B1 F#3,11,M
86.125,B4 B3 E-4 E-3 B2 B1 F#3,11,M
86.25,B4 B3 E-4 E-3 B2 B1 F#3,11,M
86.375,B4 B3 E-4 E-3 B2 B1 F#3,11,M
86.5,B4 B3 E-4 E-3 B2 B1 F#3,11,M
86.625,B4 B3 E-4 E-3 B2 B1 F#3,11,M
86.75,B4 B3 E-4 E-3 B2 B1 F#3,11,M
86.875,B4 B3 E-4 E-3 B2 B1 F#3,11,M
87.0,B4 B3 E-4 E-3 B2 B1 F#3,11,M
87.125,B4 B3 E-4 E-3 B2 B1 F#3,11,M
87.25,B4 B3 E-4 E-3 B2 B1 F#3,11,M
87.375,B4 B3 E-4 E-3 B2 B1 F#3,11,M
87.5,B4 B3 E-4 E-3 B2 B1 F#3,11,M
87.625,B4 B3 E-4 E-3 B2 B1 F#3,11,M
87.75,B4 B3 E-4 E-3 B2 B1 F#3,11,M
87.875,B4 B3 E-4 E-3 B2 B1 F#3,11,M
88.0,F#4 B3 E-4 E-3 B2 B1 F#3,11,M
88.125,F#4 B3 E-4 E-3 B2 B1 F#3,11,M
88.25,F#4 B3 E-4 B2 B1 F#3 E-3,11,M
88.375,F#4 B3 E-4 E-3 B2 B1 F#3,11,M
88.5,F#4 B3 E-4 E-3 B2 B1 F#3,11,M
88.625,F#4 B3 E-4 E-3 B2 B1 F#3,11,M
88.75,F#4 B3 E-4 E-3 B2 B1 F#3,11,M
88.875,F#4 B3 E-4 E-3 B2 B1 F#3,11,M
89.0,F#4 B3 E-4 E-3 B2 B1 F#3,11,M
89.125,F#4 B3 E-4 E-3 B2 B1 F#3,11,M
89.25,F#4 B3 E-4 E-3 B2 B1 F#3,11,M
89.375,F#4 B3 E-4 E-3 B2 B1 F#3,11,M
89.5,F#4 B3 E-4 E-3 B2 B1 F#3,11,M
89.625,F#4 B3 E-4 E-3 B2 B1 F#3,11,M
89.75,F#4 B3 E-4 E-3 B2 B1 F#3,11,M
89.875,F#4 B3 E-4 E-3 B2 B1 F#3,11,M
90.0,E-4 B3 E-3 B2 B1 F#3,11,M
90.125,B3 E-3 B2 B1 F#3 E-4,11,M
90.25,B3 B2 B1 F#3 E-4 E-3,11,M
90.375,B3 E-3 B2 B1 F#3 E-4,11,M
90.5,B3 E-3 B2 B1 F#3 E-4,11,M
90.625,B3 E-3 B2 B1 F#3 E-4,11,M
90.75,B3 E-3 B2 B1 F#3 E-4,11,M
90.875,B3 E-3 B2 B1 F#3 E-4,11,M
91.0,B3 E-3 B2 B1 F#3 E-4,11,M
91.125,B3 E-3 B2 B1 F#3 E-4,11,M
91.25,B3 E-3 B2 B1 F#3 E-4,11,M
91.375,B3 E-3 B2 B1 F#3 E-4,11,M
91.5,B3 E-3 B2 B1 F#3 E-4,11,M
91.625,B3 B2 B1 F#3 E-4 E-3,11,M
91.75,B3 E-3 B2 B1 F#3 E-4,11,M
91.875,B3 E-3 B2 B1 F#3 E-4,11,M
92.0,E-4 B2 B1 B3 F#3 E-3,11,M
92.125,E-4 F#3 B2 B1 B3 E-3,11,M
92.25,E-4 E-3 F#3 B2 B1 B3,11,M
92.375,E-4 B2 B1 F#3 B3 E-3,11,M
92.5,E-4 E-3 B2 B1 F#3 B3,11,M
92.625,E-4 F#3 B2 B1 B3 E-3,11,M
92.75,E-4 E-3 B2 B1 F#3 B3,11,M
92.875,E-4 F#3 B2 B1 B3 E-3,11,M
93.0,E-4 E-3 B2 B1 F#3 B3,11,M
93.125,E-4 F#3 B2 B1 B3 E-3,11,M
93.25,E-4 E-3 B2 B1 F#3 B3,11,M
93.375,E-4 F#3 B2 B1 B3 E-3,11,M
93.5,E-4 E-3 B2 B1 F#3 B3,11,M
93.625,E-4 F#3 B2 B1 B3 E-3,11,M
93.75,E-4 E-3 B2 B1 F#3 B3,11,M
93.875,E-4 F#3 B2 B1 B3 E-3,11,M
94.0,B3 E-4 E-3 B2 B1 F#3,11,M
94.125,B3 E-4 B2 B1 F#3 E-3,11,M
94.25,B3 E-4 E-3 B2 B1 F#3,11,M
94.375,B3 E-4 B2 B1 F#3 E-3,11,M
94.5,B3 E-4 E-3 B2 B1 F#3,11,M
94.625,B3 E-4 B2 B1 F#3 E-3,11,M
94.75,B3 E-4 E-3 B2 B1 F#3,11,M
94.875,B3 E-4 B2 B1 F#3 E-3,11,M
95.0,B3 E-4 E-3 B2 B1 F#3,11,M
95.125,B3 E-4 B2 B1 F#3 E-3,11,M
95.25,B3 E-4 E-3 B2 B1 F#3,11,M
95.375,B3 E-4 B2 B1 F#3 E-3,11,M
95.5,B3 E-4 E-3 B2 B1 F#3,11,M
95.625,B3 E-4 B2 B1 F#3 E-3,11,M
95.75,B3 E-4 E-3 B2 B1 F#3,11,M
95.875,B3 E-4 B2 B1 F#3 E-3,11,M
96.0,B-3 E-4 B-2 B-1 E-3,11,M
96.125,B-3 E-4 F#3 B-2 B-1 E-3,11,M
96.25,B-3 E-4 B-2 B-1 E-3,11,M
96.375,B-3 E-4 F#3 B-2 B-1 E-3,11,M
96.5,B-3 E-4 B-2 B-1 E-3,11,M
96.625,B-3 E-4 F#3 B-2 B-1 E-3,11,M
96.75,B-3 E-4 B-2 B-1 E-3,11,M
96.875,B-3 E-4 F#3 B-2 B-1 E-3,11,M
97.0,B-3 E-4 E-3 B-2 B-1 F#3,11,M
97.125,B-3 E-4 B-2 B-1 F#3 E-3,11,M
97.25,B-3 E-4 E-3 B-2 B-1 F#3,11,M
97.375,B-3 E-4 B-2 B-1 F#3 E-3,11,M
97.5,B-3 E-4 E-3 B-2 B-1 F#3,11,M
97.625,B-3 E-4 B-2 B-1 F#3 E-3,11,M
97.75,B-3 E-4 E-3 B-2 B-1 F#3,11,M
97.875,B-3 E-4 B-2 B-1 F#3 E-3,11,M
98.0,A3 E-3 A2 A1 E-4,11,M
98.125,A3 F#3 A2 A1 E-4 E-3,11,M
98.25,A3 E-3 A2 A1 E-4,11,M
98.375,A3 F#3 A2 A1 E-4 E-3,11,M
98.5,A3 E-3 A2 A1 E-4,11,M
98.625,A3 F#3 A2 A1 E-4 E-3,11,M
98.75,A3 E-3 A2 A1 E-4,11,M
98.875,A3 F#3 A2 A1 E-4 E-3,11,M
99.0,A3 E-3 A2 A1 E-4,11,M
99.125,A3 F#3 A2 A1 E-4 E-3,11,M
99.25,A3 E-3 A2 A1 E-4,11,M
99.375,A3 F#3 A2 A1 E-4 E-3,11,M
99.5,A3 E-3 A2 A1 E-4,11,M
99.625,A3 F#3 A2 A1 E-4 E-3,11,M
99.75,A3 E-4 E-3 A2 A1 C#4,11,M
99.875,A3 F#3 A2 A1 C#4 E-3,11,M
100.0,C#4 G#3 E-3 F#3 G#2 A2 G#1,11,M
100.125,C#4 G#3 G#2 G#1 F#3 E-3,11,M
100.25,C#4 G#3 E-3 G#1 F#3,11,M
100.375,C#4 G#3 F#3 G#2 G#1 E-3,11,M
100.5,C#4 G#3 E-3 G#2 G#1 F#3,11,M
100.625,C#4 G#3 F#3 G#2 G#1 E-3,11,M
100.75,C#4 G#3 E-3 G#2 G#1 F#3,11,M
100.875,C#4 G#3 F#3 G#2 G#1 E-3,11,M
101.0,C#4 G#3 E-3 G#2 G#1 F#3,11,M
101.125,C#4 G#3 F#3 G#2 G#1 E-3,11,M
101.25,C#4 G#3 E-3 G#2 G#1 F#3,11,M
101.375,C#4 G#3 F#3 G#2 G#1 E-3,11,M
101.5,C#4 G#3 E-3 G#2 G#1 F#3,11,M
101.625,C#4 G#3 F#3 G#2 G#1 E-3,11,M
101.75,C#4 G#3 E-3 G#2 G#1 F#3,11,M
101.875,C#4 G#3 F#3 G#2 G#1 E-3,11,M
102.0,C#4 G#3 E-3 G#2 G#1 F#3,11,M
102.125,C#4 G#3 F#3 G#2 G#1 E-3,1,m
102.25,C#4 G#3 E-3 G#2 G#1 F#3,1,m
102.375,C#4 G#3 F#3 G#2 G#1 E-3,1,m
102.5,C#4 G#3 E-3 G#2 G#1 F#3,1,m
102.625,C#4 G#3 F#3 G#2 G#1 E-3,1,m
102.75,C#4 G#3 E-3 G#2 G#1 F#3,1,m
102.875,C#4 G#3 F#3 G#2 G#1 E-3,1,m
103.0,C#4 G#3 E-3 G#2 G#1 F#3,1,m
103.125,C#4 G#3 F#3 G#2 G#1 E-3,1,m
103.25,C#4 G#3 E-3 G#2 G#1 F#3,1,m
103.375,C#4 G#3 F#3 G#2 G#1 E-3,1,m
103.5,C#4 G#3 E-3 G#2 G#1 F#3,1,m
103.625,C#4 G#3 F#3 G#2 G#1 E-3,1,m
103.75,C#4 G#3 E-3 G#2 G#1 F#3,1,m
103.875,C#4 G#3 F#3 G#2 G#1 E-3,1,m
104.0,C4 G#3 E-3 F#3 G#1,1,m
104.125,C4 G#3 E-3 F#3 G#2 G#1,1,m
104.25,C4 G#3 E-3 F#3 G#1,1,m
104.375,C4 G#3 E-3 F#3 G#2 G#1,1,m
104.5,C4 G#3 E-3 F#3 G#2 G#1,1,m
104.625,C4 G#3 E-3 F#3 G#2 G#1,1,m
104.75,C4 G#3 E-3 F#3 G#2 G#1,1,m
104.875,C4 G#3 E-3 F#3 G#2 G#1,1,m
105.0,C4 G#3 E-3 F#3 G#2 G#1,1,m
105.125,C4 G#3 E-3 F#3 G#2 G#1,1,m
105.25,C4 G#3 E-3 F#3 G#2 G#1,1,m
105.375,C4 G#3 E-3 F#3 G#2 G#1,1,m
105.5,C4 G#3 E-3 F#3 G#2 G#1,1,m
105.625,C4 G#3 E-3 F#3 G#2 G#1,1,m
105.75,C4 G#3 E-3 F#3 G#2 G#1,1,m
105.875,C4 G#3 E-3 F#3 G#2 G#1,1,m
106.0,C4 E-3 F#3 G#2 G#1,1,m
106.125,C4 E-3 F#3 G#2 G#1,1,m
106.25,C4 E-3 F#3 G#2 G#1,1,m
106.375,C4 E-3 F#3 G#2 G#1,1,m
106.5,C4 E-3 F#3 G#2 G#1,1,m
106.625,C4 E-3 F#3 G#2 G#1,1,m
106.75,C4 E-3 F#3 G#2 G#1,1,m
106.875,C4 E-3 F#3 G#2 G#1,1,m
107.0,C4 E-3 F#3 G#2 G#1,1,m
107.125,C4 E-3 F#3 G#2 G#1,1,m
107.25,C4 E-3 F#3 G#2 G#1,1,m
107.375,C4 E-3 F#3 G#2 G#1,1,m
107.5,C4 E-3 F#3 G#2 G#1,1,m
107.625,C4 E-3 F#3 G#2 G#1,1,m
107.75,C4 E-3 F#3 G#2 G#1,1,m
107.875,C4 E-3 F#3 G#2 G#1,1,m
108.0,B3 E3 G#2 G#1,1,m
108.125,B3 E3 G#2 G#1,1,m
108.25,B3 E3 G#2 G#1,1,m
108.375,B3 E3 G#2 G#1,1,m
108.5,B3 E3 G#2 G#1,1,m
108.625,B3 E3 G#2 G#1,1,m
108.75,B3 E3 G#2 G#1,1,m
108.875,B3 E3 G#2 G#1,1,m
109.0,C#5 B-3 E3 G#2 G#1,1,m
109.125,C#5 B-3 E3 G#2 G#1,1,m
109.25,C#5 B-3 E3 G#2 G#1,1,m
109.375,C#5 B-3 E3 G#2 G#1,1,m
109.5,C#5 B-3 E3 G#2 G#1,1,m
109.625,C#5 B-3 E3 G#2 G#1,1,m
109.75,C#5 B-3 E3 G#2 G#1,1,m
109.875,C#5 B-3 E3 G#2 G#1,1,m
110.0,C#5 B3 E3 G#2 G#1,1,m
110.125,C#5 B3 E3 G#2 G#1,1,m
110.25,C#5 B3 E3 G#2 G#1,1,m
110.375,C#5 B3 E3 G#2 G#1,1,m
110.5,C#5 B3 E3 G#2 G#1,1,m
110.625,C#5 B3 E3 G#2 G#1,1,m
110.75,C#5 B3 E3 G#2 G#1,1,m
110.875,C#5 B3 E3 G#2 G#1,1,m
111.0,B4 B3 E3 G#2 G#1,1,m
111.125,B4 B3 E3 G#2 G#1,1,m
111.25,B4 B3 E3 G#2 G#1,1,m
111.375,B4 B3 E3 G#2 G#1,1,m
111.5,B4 B3 E3 G#2 G#1,1,m
111.625,B4 B3 E3 G#2 G#1,1,m
111.75,B4 B3 E3 G#2 G#1,1,m
111.875,B4 B3 E3 G#2 G#1,1,m
112.0,A4 B3 G#2 G#1,1,m
112.125,A4 B3 E3 G#2 G#1,4,M
112.25,A4 B3 G#2 G#1,4,M
112.375,A4 B3 E3 G#2 G#1,4,M
112.5,A4 B3 E3 G#2 G#1,4,M
112.625,A4 B3 E3 G#2 G#1,4,M
112.66666666666667,B3 E3 G#2 G#1,4,M
112.75,B3 E3 G#2 G#1,4,M
112.875,B3 E3 G#2 G#1,4,M
113.0,G#4 B3 E3 G#2 G#1,4,M
113.125,G#4 B3 E3 G#2 G#1,4,M
113.25,G#4 B3 E3 G#2 G#1,4,M
113.375,G#4 B3 E3 G#2 G#1,4,M
113.5,G#4 B3 E3 G#2 G#1,4,M
113.625,G#4 B3 E3 G#2 G#1,4,M
113.66666666666667,B3 E3 G#2 G#1,4,M
113.75,B3 E3 G#2 G#1,4,M
113.875,B3 E3 G#2 G#1,4,M
114.0,E-4 B3 E3 G#2 G#1,4,M
114.125,E-4 B3 E3 G#2 G#1,4,M
114.25,E-4 B3 E3 G#2 G#1,4,M
114.375,E-4 B3 E3 G#2 G#1,4,M
114.5,E-4 B3 E3 G#2 G#1,4,M
114.625,E-4 B3 E3 G#2 G#1,4,M
114.66666666666667,B3 E3 G#2 G#1,4,M
114.75,B3 E3 G#2 G#1,4,M
114.875,B3 E3 G#2 G#1,4,M
115.0,E4 B3 E3 G#2 G#1,4,M
115.125,E4 B3 E3 G#2 G#1,4,M
115.25,E4 B3 E3 G#2 G#1,4,M
115.375,E4 B3 E3 G#2 G#1,4,M
115.5,E4 B3 E3 G#2 G#1,4,M
115.625,E4 B3 E3 G#2 G#1,4,M
115.66666666666667,B3 E3 G#2 G#1,4,M
115.75,B3 E3 G#2 G#1,4,M
115.875,B3 E3 G#2 G#1,4,M
116.0,C4 G#2 G#1,4,M
116.125,C4 E3 G#2 G#1,5,m
116.25,C4 G#2 G#1,5,m
116.375,C4 E3 G#2 G#1,5,m
116.5,C4 E3 G#2 G#1,5,m
116.625,C4 E3 G#2 G#1,5,m
116.75,C4 E3 G#2 G#1,5,m
116.875,C4 E3 G#2 G#1,5,m
117.0,C#5 C4 E3 G#2 G#1,5,m
117.125,C#5 C4 E3 G#2 G#1,5,m
117.25,C#5 C4 E3 G#2 G#1,5,m
117.375,C#5 C4 E3 G#2 G#1,5,m
117.5,C#5 C4 E3 G#2 G#1,5,m
117.625,C#5 C4 E3 G#2 G#1,5,m
117.75,C#5 C4 E3 G#2 G#1,5,m
117.875,C#5 C4 E3 G#2 G#1,5,m
118.0,C#5 C4 E3 G#2 G#1,5,m
118.125,C#5 C4 E3 G#2 G#1,1,M
118.25,C#5 C4 E3 G#2 G#1,1,M
118.375,C#5 C4 E3 G#2 G#1,1,M
118.5,C#5 C4 E3 G#2 G#1,1,M
118.625,C#5 C4 E3 G#2 G#1,1,M
118.75,C#5 C4 E3 G#2 G#1,1,M
118.875,C#5 C4 E3 G#2 G#1,1,M
119.0,C5 C4 E3 G#2 G#1,1,M
119.125,C5 C4 E3 G#2 G#1,1,M
119.25,C5 C4 E3 G#2 G#1,1,M
119.375,C5 C4 E3 G#2 G#1,1,M
119.5,C5 C4 E3 G#2 G#1,1,M
119.625,C5 C4 E3 G#2 G#1,1,M
119.75,C5 C4 E3 G#2 G#1,1,M
119.875,C5 C4 E3 G#2 G#1,1,M
120.0,B-4 C4 F3 G#1,1,M
120.125,B-4 C4 F3 G#2 G#1,1,M
120.25,B-4 C4 F3 G#1,1,M
120.375,B-4 C4 F3 G#2 G#1,1,M
120.5,B-4 C4 F3 G#2 G#1,1,M
120.625,B-4 C4 F3 G#2 G#1,1,M
120.66666666666667,C4 F3 G#2 G#1,1,M
120.75,C4 F3 G#2 G#1,1,M
120.875,C4 F3 G#2 G#1,1,M
121.0,G#4 C4 F3 G#2 G#1,1,M
121.125,G#4 C4 F3 G#2 G#1,1,M
121.25,G#4 C4 F3 G#2 G#1,1,M
121.375,G#4 C4 F3 G#2 G#1,1,M
121.5,G#4 C4 F3 G#2 G#1,1,M
121.625,G#4 C4 F3 G#2 G#1,1,M
121.66666666666667,C4 F3 G#2 G#1,1,M
121.75,C4 G#2 G#1,1,M
121.875,C4 F3 G#2 G#1,1,M
122.0,E4 C4 G#3 G#2 G#1,1,M
122.125,E4 C4 G#3 G#2 G#1,1,M
122.25,E4 C4 G#3 G#2 G#1,1,M
122.375,E4 C4 G#3 G#2 G#1,1,M
122.5,E4 C4 G#3 G#2 G#1,1,M
122.625,E4 C4 G#3 G#2 G#1,1,M
122.66666666666667,C4 G#3 G#2 G#1,1,M
122.75,C4 G#3 G#2 G#1,1,M
122.875,C4 G#3 G#2 G#1,1,M
123.0,F4 C4 G#3 G#2 G#1,1,M
123.125,F4 C4 G#3 G#2 G#1,1,M
123.25,F4 C4 G#3 G#2 G#1,1,M
123.375,F4 C4 G#3 G#2 G#1,1,M
123.5,F4 C4 G#3 G#2 G#1,1,M
123.625,F4 C4 G#2 G#1,1,M
123.66666666666667,C4 G#2 G#1,1,M
123.75,C4 G#3 G#2 G#1,1,M
123.875,C4 G#3 G#2 G#1,1,M
124.0,C#4 F#3 B-2 B-1,1,M
124.125,C#4 F#3 B-2 B-1,1,M
124.25,C#4 B-2 B-1,1,M
124.375,C#4 F#3 B-2 B-1,1,M
124.5,C#4 F#3 B-2 B-1,1,M
124.625,C#4 F#3 B-2 B-1,1,M
124.75,C#4 F#3 B-2 B-1,1,M
124.875,C#4 F#3 B-2 B-1,1,M
125.0,E-5 C#4 F#3 B-2 B-1,1,M
125.125,E-5 C#4 F#3 B-2 B-1,1,M
125.25,E-5 C#4 F#3 B-2 B-1,1,M
125.375,E-5 C#4 F#3 B-2 B-1,1,M
125.5,E-5 C#4 F#3 B-2 B-1,1,M
125.625,E-5 C#4 F#3 B-2 B-1,1,M
125.75,E-5 C#4 F#3 B-2 B-1,1,M
125.875,E-5 C#4 F#3 B-2 B-1,1,M
126.0,E-5 C#4 F#3 B-2 B-1,1,M
126.125,E-5 C#4 F#3 B-2 B-1,1,M
126.25,E-5 C#4 F#3 B-2 B-1,1,M
126.375,E-5 C#4 F#3 B-2 B-1,1,M
126.5,E-5 C#4 F#3 B-2 B-1,1,M
126.625,E-5 C#4 F#3 B-2 B-1,1,M
126.75,E-5 C#4 F#3 B-2 B-1,1,M
126.875,E-5 C#4 F#3 B-2 B-1,1,M
127.0,C#5 C#4 F#3 B-2 B-1,1,M
127.125,C#5 C#4 F#3 B-2 B-1,1,M
127.25,C#5 C#4 F#3 B-2 B-1,1,M
127.375,C#5 C#4 F#3 B-2 B-1,1,M
127.5,C#5 C#4 F#3 B-2 B-1,1,M
127.625,C#5 C#4 F#3 B-2 B-1,1,M
127.75,C#5 C#4 F#3 B-2 B-1,1,M
127.875,C#5 C#4 F#3 B-2 B-1,1,M
128.0,B4 C#4 F#3 B-2 B-1,1,M
128.125,B4 C#4 B-2 B-1,6,M
128.25,B4 C#4 F#3 B-2 B-1,6,M
128.375,B4 C#4 F#3 B-2 B-1,6,M
128.5,B4 C#4 F#3 B-2 B-1,6,M
128.625,B4 C#4 F#3 B-2 B-1,6,M
128.66666666666666,C#4 F#3 B-2 B-1,6,M
128.75,C#4 F#3 B-2 B-1,6,M
128.875,C#4 F#3 B-2 B-1,6,M
129.0,B-5 B-4 C#4 F#3 B-2 B-1,6,M
129.125,B-5 B-4 C#4 F#3 B-2 B-1,6,M
129.25,B-5 B-4 C#4 F#3 B-2 B-1,6,M
129.375,B-5 B-4 C#4 F#3 B-2 B-1,6,M
129.5,B-5 B-4 C#4 F#3 B-2 B-1,6,M
129.625,B-5 B-4 C#4 F#3 B-2 B-1,6,M
129.66666666666666,B-5 C#4 F#3 B-2 B-1,6,M
129.75,B-5 C#4 F#3 B-2 B-1,6,M
129.875,B-5 C#4 F#3 B-2 B-1,6,M
130.0,B-5 F4 C#4 F#3 B-2 B-1,6,M
130.125,B-5 F4 C#4 F#3 B-2 B-1,6,M
130.25,B-5 F4 C#4 F#3 B-2 B-1,6,M
130.375,B-5 F4 C#4 F#3 B-2 B-1,6,M
130.5,B-5 F4 C#4 F#3 B-2 B-1,6,M
130.625,B-5 F4 C#4 F#3 B-2 B-1,6,M
130.66666666666666,B-5 C#4 F#3 B-2 B-1,6,M
130.75,B-5 C#4 B-2 B-1,6,M
130.875,B-5 C#4 F#3 B-2 B-1,6,M
131.0,G#5 F#4 C#4 F#3 B-2 B-1,6,M
131.125,G#5 F#4 C#4 F#3 B-2 B-1,6,M
131.25,G#5 F#4 C#4 F#3 B-2 B-1,6,M
131.375,G#5 F#4 C#4 F#3 B-2 B-1,6,M
131.5,G#5 F#4 C#4 F#3 B-2 B-1,6,M
131.625,G#5 F#4 C#4 F#3 B-2 B-1,6,M
131.66666666666666,G#5 C#4 F#3 B-2 B-1,6,M
131.75,G#5 C#4 F#3 B-2 B-1,6,M
131.875,G#5 C#4 F#3 B-2 B-1,6,M
132.0,F#5 D4 F#3 B-2 B-1,6,M
132.125,F#5 D4 F#3 B-2 B-1,6,M
132.25,F#5 D4 F#3 B-2 B-1,6,M
132.375,F#5 D4 F#3 B-2 B-1,6,M
132.5,F#5 D4 B-2 B-1,6,M
132.625,F#5 D4 F#3 B-2 B-1,6,M
132.75,F#5 D4 F#3 B-2 B-1,6,M
132.875,F#5 D4 F#3 B-2 B-1,6,M
133.0,E-5 G#5 D4 F#3 B-2 B-1,6,M
133.125,E-5 G#5 D4 F#3 B-2 B-1,6,M
133.25,E-5 G#5 D4 F#3 B-2 B-1,6,M
133.375,E-5 G#5 D4 F#3 B-2 B-1,6,M
133.5,E-5 G#5 D4 F#3 B-2 B-1,6,M
133.625,E-5 G#5 D4 F#3 B-2 B-1,6,M
133.75,E-5 G#5 D4 B-2 B-1,6,M
133.875,E-5 G#5 D4 F#3 B-2 B-1,6,M
134.0,B-4 G#5 D4 F#3 B-2 B-1,6,M
134.125,B-4 G#5 D4 F#3 B-2 B-1,7,m
134.25,B-4 G#5 D4 F#3 B-2 B-1,7,m
134.375,B-4 G#5 D4 F#3 B-2 B-1,7,m
134.5,B-4 F#5 D4 F#3 B-2 B-1,7,m
134.625,B-4 F#5 D4 F#3 B-2 B-1,7,m
134.75,B-4 F#5 D4 B-2 B-1,7,m
134.875,B-4 F#5 D4 F#3 B-2 B-1,7,m
135.0,D5 D4 F#3 B-2 B-1,7,m
135.125,D5 D4 F#3 B-2 B-1,7,m
135.25,D5 D4 F#3 B-2 B-1,7,m
135.375,D5 D4 F#3 B-2 B-1,7,m
135.5,C#5 D4 F#3 B-2 B-1,7,m
135.625,C#5 D4 F#3 B-2 B-1,7,m
135.75,C#5 D4 F#3 B-2 B-1,7,m
135.875,C#5 D4 F#3 B-2 B-1,7,m
136.0,C5 D4 G3 B-2 B-1,7,m
136.125,C5 D4 G3 B-2 B-1,7,m
136.25,C5 D4 G3 B-2 B-1,7,m
136.375,C5 D4 G3 B-2 B-1,7,m
136.5,C5 D4 G3 B-2 B-1,7,m
136.625,C5 D4 G3 B-2 B-1,7,m
136.66666666666666,D4 G3 B-2 B-1,7,m
136.75,D4 G3 B-2 B-1,7,m
136.875,D4 G3 B-2 B-1,7,m
137.0,C6 B-4 D4 G3 B-2 B-1,7,m
137.125,C6 B-4 D4 G3 B-2 B-1,7,m
137.25,C6 B-4 D4 G3 B-2 B-1,7,m
137.375,C6 B-4 D4 G3 B-2 B-1,7,m
137.5,C6 B-4 D4 G3 B-2 B-1,7,m
137.625,C6 B-4 D4 G3 B-2 B-1,7,m
137.66666666666666,C6 D4 G3 B-2 B-1,7,m
137.75,C6 D4 G3 B-2 B-1,7,m
137.875,C6 D4 G3 B-2 B-1,7,m
138.0,C6 F#4 D4 B-3 B-2 B-1,7,m
138.125,C6 F#4 D4 B-3 B-2 B-1,7,m
138.25,C6 F#4 D4 B-3 B-2 B-1,7,m
138.375,C6 F#4 D4 B-3 B-2 B-1,7,m
138.5,C6 F#4 D4 B-3 B-2 B-1,7,m
138.625,C6 F#4 D4 B-3 B-2 B-1,7,m
138.66666666666666,C6 D4 B-3 B-2 B-1,7,m
138.75,C6 D4 B-3 B-2 B-1,7,m
138.875,C6 D4 B-3 B-2 B-1,7,m
139.0,C6 G4 D4 B-3 B-2 B-1,7,m
139.125,C6 G4 D4 B-3 B-2 B-1,4,M
139.25,C6 G4 D4 B-3 B-2 B-1,4,M
139.375,C6 G4 D4 B-3 B-2 B-1,4,M
139.5,B-5 G4 D4 B-3 B-2 B-1,4,M
139.625,B-5 G4 D4 B-3 B-2 B-1,4,M
139.66666666666666,B-5 D4 B-3 B-2 B-1,4,M
139.75,B-5 D4 B-3 B-2 B-1,4,M
139.875,B-5 D4 B-3 B-2 B-1,4,M
140.0,G#5 E-4 G#3 B2 B1,4,M
140.125,G#5 E-4 G#3 B2 B1,4,M
140.25,G#5 E-4 B2 B1,4,M
140.375,G#5 E-4 G#3 B2 B1,4,M
140.5,G#5 E-4 G#3 B2 B1,4,M
140.625,G#5 E-4 G#3 B2 B1,4,M
140.75,G#5 E-4 G#3 B2 B1,4,M
140.875,G#5 E-4 G#3 B2 B1,4,M
141.0,E5 E-4 G#3 B2 B1,4,M
141.125,E5 E-4 G#3 B2 B1,4,M
141.25,E5 E-4 G#3 B2 B1,4,M
141.375,E5 E-4 G#3 B2 B1,4,M
141.5,E5 E-4 G#3 B2 B1,4,M
141.625,E5 E-4 G#3 B2 B1,4,M
141.75,E5 E-4 G#3 B2 B1,4,M
141.875,E5 E-4 G#3 B2 B1,4,M
142.0,B4 E5 E-4 G#3 B2 B1,4,M
142.125,B4 E5 E-4 G#3 B2 B1,4,M
142.25,B4 E5 E-4 G#3 B2 B1,4,M
142.375,B4 E5 E-4 G#3 B2 B1,4,M
142.5,B4 E5 E-4 G#3 B2 B1,4,M
142.625,B4 E5 E-4 G#3 B2 B1,4,M
142.75,B4 E5 E-4 G#3 B2 B1,4,M
142.875,B4 E5 E-4 G#3 B2 B1,4,M
143.0,E-5 E-4 G#3 B2 B1,4,M
143.125,E-5 E-4 G#3 B2 B1,4,M
143.25,E-5 E-4 G#3 B2 B1,4,M
143.375,E-5 E-4 G#3 B2 B1,4,M
143.5,E-5 E-4 G#3 B2 B1,4,M
143.625,E-5 E-4 G#3 B2 B1,4,M
143.75,E-5 E-4 G#3 B2 B1,4,M
143.875,E-5 E-4 G#3 B2 B1,4,M
144.0,D5 E4 G#3 C3 B2 C2,4,M
144.125,D5 E4 G#3 C3 C2,4,M
144.25,D5 E4 G#3 C3 C2,4,M
144.375,D5 E4 G#3 C3 C2,4,M
144.5,D5 E4 G#3 C3 C2,4,M
144.625,D5 E4 G#3 C3 C2,4,M
144.66666666666666,E4 G#3 C3 C2,4,M
144.75,E4 G#3 C3 C2,4,M
144.875,E4 G#3 C3 C2,4,M
145.0,B5 C5 E4 A3 C3 C2,4,M
145.125,B5 C5 E4 A3 C3 C2,4,M
145.25,B5 C5 E4 A3 C3 C2,4,M
145.375,B5 C5 E4 A3 C3 C2,4,M
145.5,B5 C5 E4 A3 C3 C2,4,M
145.625,B5 C5 E4 A3 C3 C2,4,M
145.66666666666666,B5 E4 A3 C3 C2,4,M
145.75,B5 E4 A3 C3 C2,4,M
145.875,B5 E4 A3 C3 C2,4,M
146.0,B5 G#4 F4 B3 C#3 C#2,4,M
146.125,B5 G#4 F4 B3 C#3 C#2,4,M
146.25,B5 G#4 F4 B3 C#3 C#2,4,M
146.375,B5 G#4 F4 B3 C#3 C#2,4,M
146.5,B5 G#4 F4 B3 C#3 C#2,4,M
146.625,B5 G#4 F4 B3 C#3 C#2,4,M
146.66666666666666,B5 F4 B3 C#3 C#2,4,M
146.75,B5 F4 B3 C#3 C#2,4,M
146.875,B5 F4 B3 C#3 C#2,4,M
147.0,A5 A4 F4 B3 C#3 C#2,4,M
147.125,A5 A4 F4 B3 C#3 C#2,4,M
147.25,A5 A4 F4 B3 C#3 C#2,4,M
147.375,A5 A4 F4 B3 C#3 C#2,4,M
147.5,A5 A4 F4 B3 C#3 C#2,4,M
147.625,A5 A4 F4 B3 C#3 C#2,4,M
147.66666666666666,A5 F4 B3 C#3 C#2,4,M
147.75,A5 F4 B3 C#3 C#2,4,M
147.875,A5 F4 B3 C#3 C#2,4,M
148.0,F4 B-3 B3 D3 D2,4,M
148.125,F4 B-3 D3 D2,4,M
148.25,F4 B-3 D3 D2,4,M
148.375,F4 B-3 D3 D2,4,M
148.5,F4 B-3 D3 D2,4,M
148.625,F4 B-3 D3 D2,4,M
148.75,F4 B-3 D3 D2,4,M
148.875,F4 B-3 D3 D2,4,M
149.0,B5 F4 B-3 D3 D2,4,M
149.125,B5 F4 B-3 D3 D2,9,m
149.25,B5 F4 B-3 D3 D2,9,m
149.375,B5 F4 B-3 D3 D2,9,m
149.5,B5 F4 B-3 D3 D2,9,m
149.625,B5 F4 B-3 D3 D2,9,m
149.75,B5 F4 B-3 D3 D2,9,m
149.875,B5 F4 B-3 D3 D2,9,m
150.0,B5 F4 B-3 D3 D2,9,m
150.125,B5 F4 B-3 D3 D2,9,m
150.25,B5 F4 B-3 D3 D2,9,m
150.375,B5 F4 B-3 D3 D2,9,m
150.5,B-5 F4 B-3 D3 D2,9,m
150.625,B-5 F4 B-3 D3 D2,9,m
150.75,B-5 F4 B-3 D3 D2,9,m
150.875,B-5 F4 B-3 D3 D2,9,m
151.0,G#5 F#4 B-3 D3 D2,9,m
151.125,G#5 F#4 B-3 D3 D2,?,?
151.25,G#5 F#4 B-3 D3 D2,?,?
151.375,G#5 F#4 B-3 D3 D2,?,?
151.5,F#5 F#4 B-3 D3 D2,?,?
151.625,F#5 F#4 B-3 D3 D2,?,?
151.75,F#5 F#4 B-3 D3 D2,?,?
151.875,F#5 F#4 B-3 D3 D2,?,?
152.0,F5 F#4 B3 E-3 E-2,?,?
152.125,F5 F#4 B3 E-3 E-2,5,m
152.25,F5 F#4 B3 E-3 E-2,5,m
152.375,F5 F#4 B3 E-3 E-2,5,m
152.5,F5 F#4 B3 E-3 E-2,5,m
152.625,F5 F#4 B3 E-3 E-2,5,m
152.66666666666666,F#4 B3 E-3 E-2,5,m
152.75,F#4 B3 E-3 E-2,5,m
152.875,F#4 B3 E-3 E-2,5,m
153.0,C#6 E-5 F#4 B3 E-3 E-2,5,m
153.125,C#6 E-5 F#4 B3 E-3 E-2,5,m
153.25,C#6 E-5 F#4 B3 E-3 E-2,5,m
153.375,C#6 E-5 F#4 B3 E-3 E-2,5,m
153.5,C#6 E-5 F#4 B3 E-3 E-2,5,m
153.625,C#6 E-5 F#4 B3 E-3 E-2,5,m
153.66666666666666,C#6 F#4 B3 E-3 E-2,5,m
153.75,C#6 F#4 E-3 E-2,5,m
153.875,C#6 F#4 B3 E-3 E-2,5,m
154.0,G5 B4 G4 C#4 E3 E2,5,m
154.125,G5 B4 G4 C#4 E3 E2,5,m
154.25,G5 B4 G4 C#4 E3 E2,5,m
154.375,G5 B4 G4 C#4 E3 E2,5,m
154.5,G5 B4 G4 C#4 E3 E2,5,m
154.625,G5 B4 G4 C#4 E3 E2,5,m
154.66666666666666,G5 G4 C#4 E3 E2,5,m
154.75,G5 G4 C#4 E3 E2,5,m
154.875,G5 G4 C#4 E3 E2,5,m
155.0,C5 G4 C4 E3 E2,5,m
155.125,C5 G4 C4 E3 E2,5,m
155.25,C5 G4 C4 E3 E2,5,m
155.375,C5 G4 C4 E3 E2,5,m
155.5,C5 G4 C4 E3 E2,5,m
155.625,C5 G4 C4 E3 E2,5,m
155.66666666666666,G4 C4 E3 E2,5,m
155.75,G4 C4 E3 E2,5,m
155.875,G4 C4 E3 E2,5,m
156.0,D6 F3 D4 G#3 C4 D5,5,m
156.125,D6 F3 D4 G#3 D5,5,m
156.25,D6 F3 D4 G#3 C4 D5,5,m
156.375,D6 F3 D4 G#3 C4 D5,5,m
156.5,D6 F3 D4 G#3 C4 D5,5,m
156.625,F3 D4 G#3 C4,5,m
156.75,F3 D4 G#3,5,m
156.875,F3 D4 G#3 C4,5,m
157.0,D5 F3 D4 G#3 C4,5,m
157.125,D5 F3 D4 G#3 C4,5,m
157.25,D5 F3 D4 G#3 C4,5,m
157.375,D5 F3 D4 G#3 C4,5,m
157.5,D5 F3 D4 G#3 C4,5,m
157.625,F3 D4 G#3 C4,5,m
157.75,F3 D4 G#3 C4,5,m
157.875,F3 D4 G#3 C4,5,m
158.0,E5 F3 D4 G#3 C4,5,m
158.125,E5 F3 D4 G#3 C4,5,m
158.25,E5 F3 D4 G#3,5,m
158.375,E5 F3 D4 G#3 C4,5,m
158.5,E5 F3 D4 G#3 C4,5,m
158.625,F3 D4 G#3 C4,5,m
158.75,F3 D4 G#3 C4,5,m
158.875,F3 D4 G#3 C4,5,m
159.0,D6 F3 D4 G#3 C4 D5,5,m
159.125,D6 F3 D4 G#3 C4 D5,5,m
159.25,D6 F3 D4 G#3 C4 D5,5,m
159.375,D6 F3 D4 G#3 C4 D5,5,m
159.5,D6 D5 F3 D4 G#3 C4,5,m
159.625,D6 F3 D4 G#3 C4 D5,5,m
159.75,D6 F3 D4 G#3 C4 D5,5,m
159.875,D6 F3 D4 G#3 C4 D5,5,m
160.0,E6 G#3 F4 D4 E5,5,m
160.125,E6 G#3 F4 D4 C4 E5,5,m
160.25,E6 G#3 F4 D4 C4 E5,5,m
160.375,E6 G#3 F4 D4 C4 E5,5,m
160.5,E6 G#3 F4 D4 C4 E5,5,m
160.625,E6 G#3 F4 D4 C4 E5,5,m
160.75,E6 G#3 F4 D4 C4 E5,5,m
160.875,E6 G#3 F4 D4 C4 E5,5,m
161.0,D6 G#3 F4 D4 C4 D5,5,m
161.125,D6 G#3 F4 D4 C4 D5,5,m
161.25,D6 G#3 F4 D4 C4 D5,5,m
161.375,D6 G#3 F4 D4 C4 D5,5,m
161.5,D6 G#3 F4 D4 C4 D5,5,m
161.625,D6 G#3 F4 D4 C4 D5,5,m
161.75,D6 G#3 F4 D4 C4 D5,5,m
161.875,D6 G#3 F4 D4 C4 D5,5,m
162.0,C#6 B3 G#4 F4 D4 C#5,5,m
162.125,C#6 B3 G#4 F4 D4 C#5,5,m
162.25,C#6 B3 G#4 F4 D4 C#5,5,m
162.375,C#6 B3 G#4 F4 D4 C#5,5,m
162.5,C#6 B3 G#4 F4 D4 C#5,5,m
162.625,C#6 B3 G#4 F4 D4 C#5,5,m
162.75,C#6 B3 G#4 F4 D4 C#5,5,m
162.875,C#6 B3 G#4 F4 D4 C#5,5,m
163.0,D6 C4 G#4 F4 D4 D5,5,m
163.125,D6 C4 G#4 F4 D4 D5,5,m
163.25,D6 C4 G#4 F4 D4 D5,5,m
163.375,D6 C4 G#4 F4 D4 D5,5,m
163.5,D6 C4 G#4 F4 D4 D5,5,m
163.625,D6 C4 G#4 F4 D4 D5,5,m
163.75,D6 C4 G#4 F4 D4 D5,5,m
163.875,D6 C4 G#4 F4 D4 D5,5,m
164.0,D6 E4 B-3 D5 G3 D4,5,m
164.125,D6 E4 B-3 D4 D5 G3,5,m
164.25,D6 E4 B-3 D4 D5 G3,5,m
164.375,D6 E4 B-3 D4 D5 G3,5,m
164.5,D6 E4 B-3 D4 D5 G3,5,m
164.625,E4 B-3 D4 G3,5,m
164.75,E4 B-3 D4 G3,5,m
164.875,E4 B-3 D4 G3,5,m
165.0,D5 E4 B-3 D4 G3,5,m
165.125,D5 E4 B-3 D4 G3,5,m
165.25,D5 E4 B-3 D4 G3,5,m
165.375,D5 E4 B-3 D4 G3,5,m
165.5,D5 E4 B-3 D4 G3,5,m
165.625,E4 B-3 D4 G3,5,m
165.75,E4 B-3 D4 G3,5,m
165.875,G3 E4 B-3 D4,5,m
166.0,G5 E4 B-3 D4 G3,5,m
166.125,G5 E4 B-3 D4 G3,?,?
166.25,G5 E4 B-3 D4 G3,?,?
166.375,G5 E4 B-3 D4 G3,?,?
166.5,G5 E4 B-3 D4 G3,?,?
166.625,E4 B-3 D4 G3,?,?
166.75,E4 B-3 D4 G3,?,?
166.875,E4 B-3 D4 G3,?,?
167.0,D6 E4 B-3 D4 G3 D5,?,?
167.125,D6 E4 B-3 D4 G3 D5,?,?
167.25,D6 E4 B-3 D4 G3 D5,?,?
167.375,D6 E4 B-3 D4 G3 D5,?,?
167.5,D6 D5 E4 B-3 D4 G3,?,?
167.625,D6 E4 B-3 D4 G3 D5,?,?
167.75,D6 E4 B-3 D4 G3 D5,?,?
167.875,D6 E4 B-3 D4 G3 D5,?,?
168.0,E6 E4 G4 B-3 G3 E5 D4,?,?
168.125,E6 E4 G4 D4 B-3 E5,?,?
168.25,E6 E4 G4 D4 E5,?,?
168.375,E6 E4 G4 D4 B-3 E5,?,?
168.5,E6 E4 G4 D4 B-3 E5,?,?
168.625,E6 E4 G4 D4 B-3 E5,?,?
168.75,E6 E4 G4 D4 B-3 E5,?,?
168.875,E6 E4 G4 D4 B-3 E5,?,?
169.0,D6 E4 G4 D4 B-3 D5,?,?
169.125,D6 E4 G4 D4 B-3 D5,?,?
169.25,D6 E4 G4 D4 B-3 D5,?,?
169.375,D6 E4 G4 D4 B-3 D5,?,?
169.5,D6 E4 G4 D4 B-3 D5,?,?
169.625,D6 E4 G4 D4 B-3 D5,?,?
169.75,D6 E4 G4 D4 B-3 D5,?,?
169.875,D6 E4 G4 D4 B-3 D5,?,?
170.0,C#6 E4 B-4 G4 D4 C#5,?,?
170.125,C#6 E4 B-4 G4 D4 C#5,?,?
170.25,C#6 E4 B-4 G4 D4 C#5,?,?
170.375,C#6 E4 B-4 G4 D4 C#5,?,?
170.5,C#6 E4 B-4 G4 D4 C#5,?,?
170.625,C#6 E4 B-4 G4 D4 C#5,?,?
170.75,C#6 E4 B-4 G4 D4 C#5,?,?
170.875,C#6 E4 B-4 G4 D4 C#5,?,?
171.0,D6 E4 B-4 G4 D4 D5,?,?
171.125,D6 E4 B-4 G4 D4 D5,?,?
171.25,D6 E4 B-4 G4 D4 D5,?,?
171.375,D6 E4 B-4 G4 D4 D5,?,?
171.5,D6 E4 B-4 G4 D4 D5,?,?
171.625,D6 E4 B-4 G4 D4 D5,?,?
171.75,D6 E4 B-4 G4 D4 D5,?,?
171.875,D6 E4 B-4 G4 D4 D5,?,?
172.0,D6 F#4 E4 C4 D5 A3 D4,?,?
172.125,D6 E4 F#4 C4 D5 A3 D4,?,?
172.25,D6 E4 F#4 C4 D5 A3 D4,?,?
172.375,D6 E4 F#4 C4 D5 A3 D4,?,?
172.5,D6 E4 F#4 C4 D5 A3 D4,?,?
172.625,E4 F#4 C4 A3 D4,?,?
172.75,E4 F#4 C4 A3 D4,?,?
172.875,E4 F#4 C4 A3 D4,?,?
173.0,D5 E4 F#4 C4 D4 A3,?,?
173.125,D5 E4 F#4 C4 A3 D4,?,?
173.25,D5 E4 F#4 C4 A3 D4,?,?
173.375,D5 E4 F#4 C4 A3 D4,?,?
173.5,D5 E4 F#4 C4 D4 A3,?,?
173.625,E4 F#4 C4 A3 D4,?,?
173.75,E4 F#4 C4 A3 D4,?,?
173.875,E4 F#4 C4 A3 D4,?,?
174.0,A5 E4 F#4 C4 A3 D4,?,?
174.125,A5 E4 F#4 C4 A3 D4,?,?
174.25,A5 E4 F#4 C4 A3 D4,?,?
174.375,A5 E4 F#4 C4 A3 D4,?,?
174.5,A5 E4 F#4 C4 A3 D4,?,?
174.625,E4 F#4 C4 A3 D4,?,?
174.75,E4 F#4 C4 A3 D4,?,?
174.875,E4 F#4 C4 A3 D4,?,?
175.0,D6 E4 F#4 C4 D5 A3 D4,?,?
175.125,D6 E4 F#4 C4 D5 A3 D4,?,?
175.25,D6 E4 F#4 C4 D5 A3 D4,?,?
175.375,D6 E4 F#4 C4 D5 A3 D4,?,?
175.5,D6 D5 E4 F#4 C4 A3 D4,?,?
175.625,D6 E4 F#4 C4 D5 A3 D4,?,?
175.75,D6 E4 F#4 C4 D5 A3 D4,?,?
175.875,D6 E4 F#4 C4 D5 A3 D4,?,?
176.0,F6 C4 A4 E-4 F#4 F5,?,?
176.125,F6 C4 A4 E-4 F#4 F5,8,m
176.25,F6 C4 A4 E-4 F#4 F5,8,m
176.375,F6 C4 A4 E-4 F#4 F5,8,m
176.5,F6 C4 A4 E-4 F#4 F5,8,m
176.625,F6 C4 A4 E-4 F#4 F5,8,m
176.75,F6 C4 A4 E-4 F#4 F5,8,m
176.875,F6 C4 A4 E-4 F#4 F5,8,m
177.0,E-6 C4 A4 E-4 F#4 E-5,8,m
177.125,E-6 C4 A4 E-4 F#4 E-5,8,m
177.25,E-6 C4 A4 E-4 F#4 E-5,8,m
177.375,E-6 C4 A4 E-4 F#4 E-5,8,m
177.5,E-6 C4 A4 E-4 F#4 E-5,8,m
177.625,E-6 C4 A4 E-4 F#4 E-5,8,m
177.75,E-6 C4 A4 E-4 F#4 E-5,8,m
177.875,E-6 C4 A4 E-4 F#4 E-5,8,m
178.0,D6 E4 D5 B-4 G4,8,m
178.125,D6 E4 D5 B-4 G4,8,m
178.25,D6 E4 D5 B-4 G4,8,m
178.375,D6 E4 D5 B-4 G4,8,m
178.5,D6 E4 D5 B-4 G4,8,m
178.625,D6 E4 D5 B-4 G4,8,m
178.75,D6 E4 D5 B-4 G4,8,m
178.875,D6 E4 D5 B-4 G4,8,m
179.0,E-6 E4 C#5 B-4 G4 E-5,8,m
179.125,E-6 E4 C#5 B-4 G4 E-5,8,m
179.25,E-6 E4 C#5 B-4 G4 E-5,8,m
179.375,E-6 E4 C#5 B-4 G4 E-5,8,m
179.5,E-6 E4 C#5 B-4 G4 E-5,8,m
179.625,E-6 E4 C#5 B-4 G4 E-5,8,m
179.75,E-6 E4 C#5 B-4 G4 E-5,8,m
179.875,E-6 E4 C#5 B-4 G4 E-5,8,m
180.0,E6 G#4 E-4 E4 G4 E5 B3,8,m
180.125,E6 G#4 E-4 E4 E5 B3,8,m
180.25,E6 G#4 E-4 E4 E5 B3,8,m
180.375,E6 G#4 E-4 E4 E5 B3,8,m
180.5,E6 G#4 E-4 E4 E5 B3,8,m
180.625,G#4 E-4 E4 B3,8,m
180.75,G#4 E-4 E4 B3,8,m
180.875,G#4 E-4 E4 B3,8,m
181.0,E5 G#4 E-4 E4 B3,8,m
181.125,E5 G#4 E-4 E4 B3,8,m
181.25,E5 G#4 E-4 E4 B3,8,m
181.375,E5 G#4 E-4 E4 B3,8,m
181.5,E5 G#4 E-4 E4 B3,8,m
181.625,G#4 E-4 E4 B3,8,m
181.75,G#4 E-4 E4 B3,8,m
181.875,G#4 E-4 E4 B3,8,m
182.0,B5 G#4 E-4 E4 B3,8,m
182.125,B5 G#4 E-4 E4 B3,8,m
182.25,B5 B3 G#4 E-4 E4,8,m
182.375,B5 G#4 E-4 E4 B3,8,m
182.5,B5 G#4 E-4 E4 B3,8,m
182.625,G#4 E-4 E4 B3,8,m
182.75,G#4 E-4 E4 B3,8,m
182.875,G#4 E-4 E4 B3,8,m
183.0,E6 G#4 E-4 E4 B3 E5,8,m
183.125,E6 G#4 E-4 E4 B3 E5,8,m
183.25,E6 G#4 E-4 E4 B3 E5,8,m
183.375,E6 G#4 E-4 E4 B3 E5,8,m
183.5,E6 E5 G#4 E-4 E4 B3,8,m
183.625,E6 G#4 E-4 E4 B3 E5,8,m
183.75,E6 G#4 E-4 E4 B3 E5,8,m
183.875,E6 G#4 E-4 E4 B3 E5,8,m
184.0,G6 E-4 B4 G#4 F4 G5,8,m
184.125,G6 E-4 B4 G#4 F4 G5,8,m
184.25,G6 E-4 B4 G#4 F4 G5,8,m
184.375,G6 E-4 B4 G#4 F4 G5,8,m
184.5,G6 E-4 B4 G#4 F4 G5,8,m
184.625,G6 E-4 B4 G#4 F4 G5,8,m
184.75,G6 E-4 B4 G#4 F4 G5,8,m
184.875,G6 E-4 B4 G#4 F4 G5,8,m
185.0,F6 E-4 B4 G#4 F4 F5,8,m
185.125,F6 E-4 B4 G#4 F4 F5,8,m
185.25,F6 E-4 B4 G#4 F4 F5,8,m
185.375,F6 E-4 B4 G#4 F4 F5,8,m
185.5,F6 E-4 B4 G#4 F4 F5,8,m
185.625,F6 E-4 B4 G#4 F4 F5,8,m
185.75,F6 E-4 B4 G#4 F4 F5,8,m
185.875,F6 E-4 B4 G#4 F4 F5,8,m
186.0,E6 F#4 D5 B4 G#4 E5,8,m
186.125,E6 F#4 D5 B4 G#4 E5,4,M
186.25,E6 F#4 D5 B4 G#4 E5,4,M
186.375,E6 F#4 D5 B4 G#4 E5,4,M
186.5,E6 F#4 D5 B4 G#4 E5,4,M
186.625,E6 F#4 D5 B4 G#4 E5,4,M
186.75,E6 F#4 D5 B4 G#4 E5,4,M
186.875,E6 F#4 D5 B4 G#4 E5,4,M
187.0,F6 F#4 D5 B4 G#4 F5,4,M
187.125,F6 F#4 D5 B4 G#4 F5,4,M
187.25,F6 F#4 D5 B4 G#4 F5,4,M
187.375,F6 F#4 D5 B4 G#4 F5,4,M
187.5,F6 F#4 D5 B4 G#4 F5,4,M
187.625,F6 F#4 D5 B4 G#4 F5,4,M
187.75,F6 F#4 D5 B4 G#4 F5,4,M
187.875,F6 F#4 D5 B4 G#4 F5,4,M
188.0,F#6 B4 E4 G4 G#4 F#4 F#5 C#4,4,M
188.125,F#6 B4 E4 G4 F#5 C#4,4,M
188.25,F#6 B4 E4 G4 F#5 C#4,4,M
188.375,F#6 B4 E4 G4 F#5 C#4,4,M
188.5,F#6 B4 E4 G4 F#5 C#4,4,M
188.625,B4 E4 G4 C#4,4,M
188.75,B4 E4 G4 C#4,4,M
188.875,B4 E4 G4 C#4,4,M
189.0,F#5 B4 E4 G4 F#4 C#4,4,M
189.125,F#5 B4 E4 G4 F#4 C#4,4,M
189.25,F#5 B4 E4 G4 F#4 C#4,4,M
189.375,F#5 B4 E4 G4 F#4 C#4,4,M
189.5,F#5 B4 E4 G4 F#4 C#4,4,M
189.625,B4 E4 G4 C#4,4,M
189.75,B4 E4 G4 C#4,4,M
189.875,B4 E4 G4 C#4,4,M
190.0,B5 B4 E4 G4 C#4,4,M
190.125,B5 B4 E4 G4 C#4,4,M
190.25,B5 B4 E4 G4 C#4,4,M
190.375,B5 B4 E4 G4 C#4,4,M
190.5,B5 B4 E4 G4 C#4,4,M
190.625,B4 E4 G4 C#4,4,M
190.75,B4 E4 G4 C#4,4,M
190.875,B4 E4 G4 C#4,4,M
191.0,C#6 E5 B4 E4 G4 C#5 C#4,4,M
191.125,C#6 E5 B4 E4 G4 C#5 C#4,11,m
191.25,C#6 E5 B4 E4 G4 C#5 C#4,11,m
191.375,C#6 E5 B4 E4 G4 C#5 C#4,11,m
191.5,C#6 E5 B4 E4 G4 C#5 C#4,11,m
191.625,C#6 B4 E4 G4 C#5 C#4,11,m
191.75,C#6 B4 E4 G4 C#5 C#4,11,m
191.875,C#6 B4 E4 G4 C#5 C#4,11,m
192.0,G6 B4 E4 G4 G5 C#4,11,m
192.125,G6 B4 E4 G4 G5 C#4,11,m
192.25,G6 B4 E4 G4 G5 C#4,11,m
192.375,G6 B4 E4 G4 G5 C#4,11,m
192.5,G6 B4 E4 G4 G5 C#4,11,m
192.625,B4 E4 G4 C#4,11,m
192.75,B4 E4 G4 C#4,11,m
192.875,B4 E4 G4 C#4,11,m
193.0,G5 B4 E4 G4 C#4,11,m
193.125,G5 B4 E4 G4 C#4,11,m
193.25,G5 B4 E4 G4 C#4,11,m
193.375,G5 B4 E4 G4 C#4,11,m
193.5,G5 B4 E4 G4 C#4,11,m
193.625,B4 E4 G4 C#4,11,m
193.75,B4 E4 G4 C#4,11,m
193.875,B4 E4 G4 C#4,11,m
194.0,B5 B4 E4 G4 C#4,11,m
194.125,B5 B4 E4 G4 C#4,11,m
194.25,B5 B4 E4 G4 C#4,11,m
194.375,B5 B4 E4 G4 C#4,11,m
194.5,B5 B4 E4 G4 C#4,11,m
194.625,B4 E4 G4 C#4,11,m
194.75,B4 E4 G4 C#4,11,m
194.875,B4 E4 G4 C#4,11,m
195.0,C#6 E5 B4 E4 G4 C#5 C#4,11,m
195.125,C#6 E5 B4 E4 G4 C#5 C#4,11,m
195.25,C#6 E5 B4 E4 G4 C#5 C#4,11,m
195.375,C#6 E5 B4 E4 G4 C#5 C#4,11,m
195.5,C#6 E5 B4 E4 G4 C#5 C#4,11,m
195.625,C#6 B4 E4 G4 C#5 C#4,11,m
195.75,C#6 B4 E4 G4 C#5 C#4,11,m
195.875,C#6 B4 E4 G4 C#5 C#4,11,m
196.0,G#6 D4 G#4 C5 F#4 G4 G#5,11,m
196.125,G#6 D4 G#4 C5 F#4 G#5,11,m
196.25,G#6 D4 G#4 C5 F#4 G#5,11,m
196.375,G#6 D4 G#4 C5 F#4 G#5,11,m
196.5,G#6 D4 G#4 C5 F#4 G#5,11,m
196.625,D4 G#4 C5 F#4,11,m
196.75,D4 G#4 C5 F#4,11,m
196.875,D4 G#4 C5 F#4,11,m
197.0,G#5 D4 G#4 C5 F#4,11,m
197.125,G#5 D4 C5 F#4 G#4,11,m
197.25,G#5 D4 C5 F#4 G#4,11,m
197.375,G#5 D4 C5 F#4 G#4,11,m
197.5,G#5 D4 G#4 C5 F#4,11,m
197.625,D4 G#4 C5 F#4,11,m
197.75,D4 G#4 C5 F#4,11,m
197.875,D4 G#4 C5 F#4,11,m
198.0,C6 D4 G#4 C5 F#4,11,m
198.125,C6 D4 G#4 C5 F#4,11,m
198.25,C6 D4 G#4 C5 F#4,11,m
198.375,C6 D4 G#4 C5 F#4,11,m
198.5,C6 D4 G#4 C5 F#4,11,m
198.625,D4 G#4 C5 F#4,11,m
198.75,D4 G#4 C5 F#4,11,m
198.875,D4 G#4 C5 F#4,11,m
199.0,D6 G#5 D4 G#4 C5 F#4 D5,11,m
199.125,D6 G#5 D4 G#4 C5 F#4 D5,1,m
199.25,D6 G#5 D4 G#4 C5 F#4 D5,1,m
199.375,D6 G#5 D4 G#4 C5 F#4 D5,1,m
199.5,D6 G#5 D4 G#4 C5 F#4 D5,1,m
199.625,D6 D4 G#4 C5 F#4 D5,1,m
199.75,D6 D4 G#4 C5 F#4 D5,1,m
199.875,D6 D4 G#4 C5 F#4 D5,1,m
200.0,G#6 G#4 C5 F#4 G#5 G#3 E-4,1,m
200.125,G#6 G#4 C5 F#4 G#5 G#3 E-4,1,m
200.25,G#6 G#4 C5 F#4 G#5 G#3 E-4,1,m
200.375,G#6 G#4 C5 F#4 G#5 G#3 E-4,1,m
200.5,G#6 G#4 C5 F#4 G#5 G#3 E-4,1,m
200.625,G#4 C5 F#4 G#3 E-4,1,m
200.75,G#4 C5 F#4 G#3 E-4,1,m
200.875,G#4 C5 F#4 G#3 E-4,1,m
201.0,G#5 G#4 C5 F#4 G#3 E-4,1,m
201.125,G#5 C5 F#4 G#4 G#3 E-4,1,m
201.25,G#5 C5 F#4 G#4 G#3 E-4,1,m
201.375,G#5 C5 F#4 G#4 G#3 E-4,1,m
201.5,G#5 G#4 C5 F#4 G#3 E-4,1,m
201.625,G#4 C5 F#4 G#3 E-4,1,m
201.75,G#4 C5 F#4 G#3 E-4,1,m
201.875,G#4 C5 F#4 G#3 E-4,1,m
202.0,C6 G#4 C5 F#4 G#3 E-4,1,m
202.125,C6 G#4 C5 F#4 G#3 E-4,?,?
202.25,C6 G#4 C5 F#4 G#3 E-4,?,?
202.375,C6 G#4 C5 F#4 G#3 E-4,?,?
202.5,C6 G#4 C5 F#4 G#3 E-4,?,?
202.625,G#4 C5 F#4 G#3 E-4,?,?
202.75,G#4 C5 F#4 G#3 E-4,?,?
202.875,G#4 C5 F#4 G#3 E-4,?,?
203.0,G#5 B-5 G#4 C5 F#4 E-5 G#3 E-4,?,?
203.125,G#5 B-5 G#4 C5 F#4 E-5 G#3 E-4,?,?
203.25,G#5 B-5 G#4 C5 F#4 E-5 G#3 E-4,?,?
203.375,G#5 B-5 G#4 C5 F#4 E-5 G#3 E-4,?,?
203.5,G#5 B-5 G#4 C5 F#4 E-5 G#3 E-4,?,?
203.625,B-5 G#4 C5 F#4 E-5 G#3 E-4,?,?
203.75,B-5 G#4 C5 F#4 E-5 G#3 E-4,?,?
203.875,B-5 G#4 C5 F#4 E-5 G#3 E-4,?,?
204.0,F5 A5 A4 G4,?,?
204.125,F5 A5 A4 G4,?,?
204.25,F5 A5 A4 G4,?,?
204.375,F5 A5 A4 G4,?,?
204.5,F5 A5 A4 G4,?,?
204.625,F5 A4 G4,?,?
204.75,F5 A4 G4,?,?
204.875,F5 A4 G4,?,?
205.0,E5 A4 G4 C#4,?,?
205.125,E5 G4 C#4 A4,?,?
205.25,E5 G4 C#4 A4,?,?
205.375,E5 G4 C#4 A4,?,?
205.5,A4 G4 C#4,?,?
205.625,G4 C#4 A4,?,?
205.75,G4 C#4 A4,?,?
205.875,G4 C#4 A4,?,?
206.0,E-5 G#4 F4 B-4,?,?
206.125,E-5 G#4 F4 B-4,?,?
206.25,E-5 G#4 F4 B-4,?,?
206.375,E-5 G#4 F4 B-4,?,?
206.5,E-5 G#4 F4 B-4,?,?
206.625,E-5 G#4 F4 B-4,?,?
206.75,E-5 G#4 F4 B-4,?,?
206.875,E-5 G#4 F4 B-4,?,?
207.0,B-5 G#4 F4 D5,?,?
207.125,B-5 G#4 F4 D5,5,M
207.25,B-5 G#4 F4 D5,5,M
207.375,B-5 G#4 F4 D5,5,M
207.5,B-5 G#4 F4 D5,5,M
207.625,B-5 G#4 F4 D5,5,M
207.75,B-5 G#4 F4 D5,5,M
207.875,B-5 G#4 F4 D5,5,M
208.0,F5 A5 A4 G4,5,M
208.125,F5 A5 A4 G4,5,M
208.25,F5 A5 A4 G4,5,M
208.375,F5 A5 A4 G4,5,M
208.5,F5 A5 A4 G4,5,M
208.625,F5 A4 G4,5,M
208.75,F5 A4 G4,5,M
208.875,F5 A4 G4,5,M
209.0,E5 A4 G4 C#4,5,M
209.125,E5 G4 C#4 A4,5,M
209.25,E5 G4 C#4 A4,5,M
209.375,E5 G4 C#4 A4,5,M
209.5,A4 G4 C#4,5,M
209.625,G4 C#4 A4,5,M
209.75,G4 C#4 A4,5,M
209.875,G4 C#4 A4,5,M
210.0,E-5 G#4 F4 B-4,5,M
210.125,E-5 G#4 F4 B-4,5,M
210.25,E-5 G#4 F4 B-4,5,M
210.375,E-5 G#4 F4 B-4,5,M
210.5,E-5 G#4 F4 B-4,5,M
210.625,E-5 G#4 F4 B-4,5,M
210.75,E-5 G#4 F4 B-4,5,M
210.875,E-5 G#4 F4 B-4,5,M
211.0,C6 G#4 F4 D5,5,M
211.125,C6 G#4 F4 D5,5,M
211.25,C6 G#4 F4 D5,5,M
211.375,C6 G#4 F4 D5,5,M
211.5,C6 G#4 F4 D5,5,M
211.625,C6 G#4 F4 D5,5,M
211.75,C6 G#4 F4 D5,5,M
211.875,C6 G#4 F4 D5,5,M
212.0,G5 B5 B4 A4,5,M
212.125,G5 B5 B4 A4,5,M
212.25,G5 B5 B4 A4,5,M
212.375,G5 B5 B4 A4,5,M
212.5,G5 B5 B4 A4,5,M
212.625,G5 B4 A4,5,M
212.75,G5 B4 A4,5,M
212.875,G5 B4 A4,5,M
213.0,F#5 B4 A4 E-4,5,M
213.125,F#5 A4 E-4 B4,5,M
213.25,F#5 A4 E-4 B4,5,M
213.375,F#5 A4 E-4 B4,5,M
213.5,B4 A4 E-4,5,M
213.625,A4 E-4 B4,5,M
213.75,A4 E-4 B4,5,M
213.875,A4 E-4 B4,5,M
214.0,F5 B-4 G4 C5,5,M
214.125,F5 B-4 G4 C5,5,M
214.25,F5 B-4 G4 C5,5,M
214.375,F5 B-4 G4 C5,5,M
214.5,F5 B-4 G4 C5,5,M
214.625,F5 B-4 G4 C5,5,M
214.75,F5 B-4 G4 C5,5,M
214.875,F5 B-4 G4 C5,5,M
215.0,C6 B-4 G4 E5,5,M
215.125,C6 B-4 G4 E5,7,M
215.25,C6 B-4 G4 E5,7,M
215.375,C6 B-4 G4 E5,7,M
215.5,C6 B-4 G4 E5,7,M
215.625,C6 B-4 G4 E5,7,M
215.75,C6 B-4 G4 E5,7,M
215.875,C6 B-4 G4 E5,7,M
216.0,G5 B5 B4 A4 G4,7,M
216.125,G5 B5 B4 A4,7,M
216.25,G5 B5 B4 A4,7,M
216.375,G5 B5 B4 A4,7,M
216.5,G5 B5 B4 A4,7,M
216.625,G5 B4 A4,7,M
216.75,G5 B4 A4,7,M
216.875,G5 B4 A4,7,M
217.0,F#5 B4 A4 E-4,7,M
217.125,F#5 A4 E-4 B4,7,M
217.25,F#5 A4 E-4 B4,7,M
217.375,F#5 A4 E-4 B4,7,M
217.5,B4 A4 E-4,7,M
217.625,A4 E-4 B4,7,M
217.75,A4 E-4 B4,7,M
217.875,A4 E-4 B4,7,M
218.0,F5 B-4 G4 C5,7,M
218.125,F5 B-4 G4 C5,7,M
218.25,F5 B-4 G4 C5,7,M
218.375,F5 B-4 G4 C5,7,M
218.5,F5 B-4 G4 C5,7,M
218.625,F5 B-4 G4 C5,7,M
218.75,F5 B-4 G4 C5,7,M
218.875,F5 B-4 G4 C5,7,M
219.0,D6 D5 B-4 G4 E5,7,M
219.125,D6 D5 B-4 G4 E5,7,M
219.25,D6 D5 B-4 G4 E5,7,M
219.375,D6 D5 B-4 G4 E5,7,M
219.5,D6 D5 B-4 G4 E5,7,M
219.625,D6 D5 B-4 G4 E5,7,M
219.75,D6 D5 B-4 G4 E5,7,M
219.875,D6 D5 B-4 G4 E5,7,M
220.0,C#6 A5 B4 C#5,7,M
220.125,C#6 A5 B4 C#5,7,M
220.25,C#6 A5 B4 C#5,7,M
220.375,C#6 A5 B4 C#5,7,M
220.5,C#6 A5 C#5 B4,7,M
220.625,A5 C#5 B4,7,M
220.75,A5 C#5 B4,7,M
220.875,A5 C#5 B4,7,M
221.0,G#5 C#5 C#4 B4 F4,7,M
221.125,G#5 C#4 B4 F4 C#5,7,M
221.25,G#5 C#4 B4 F4 C#5,7,M
221.375,G#5 C#4 B4 F4 C#5,7,M
221.5,C#5 C#4 B4 F4,7,M
221.625,C#4 F4 B4 C#5,7,M
221.75,C#4 B4 F4 C#5,7,M
221.875,C#4 B4 F4 C#5,7,M
222.0,G5 D3 C5 A4 D5,7,M
222.125,G5 D3 C5 A4 D5,7,M
222.25,G5 D3 C5 A4 D5,7,M
222.375,G5 D3 C5 A4 D5,7,M
222.5,G5 D3 C5 A4 D5,7,M
222.625,G5 D3 C5 A4 D5,7,M
222.75,G5 D3 C5 A4 D5,7,M
222.875,G5 D3 C5 A4 D5,7,M
223.0,E6 E5 D4 C5 A4 F#5,7,M
223.125,E6 E5 D4 C5 A4 F#5,7,M
223.25,E6 E5 D4 C5 A4 F#5,7,M
223.375,E6 E5 D4 C5 A4 F#5,7,M
223.5,E6 E5 D4 C5 A4 F#5,7,M
223.625,E6 E5 D4 C5 A4 F#5,7,M
223.75,E6 E5 D4 C5 A4 F#5,7,M
223.875,E6 E5 D4 C5 A4 F#5,7,M
224.0,E-6 B5 C#5 E-5,7,M
224.125,E-6 B5 C#5 E-5,2,M
224.25,E-6 B5 C#5 E-5,2,M
224.375,E-6 B5 C#5 E-5,2,M
224.5,E-6 B5 E-5 C#5,2,M
224.625,B5 E-5 C#5,2,M
224.75,B5 E-5 C#5,2,M
224.875,B5 E-5 C#5,2,M
225.0,B-5 E-5 E-4 C#5 G4,2,M
225.125,B-5 E-4 C#5 G4 E-5,2,M
225.25,B-5 E-4 C#5 G4 E-5,2,M
225.375,B-5 E-4 C#5 G4 E-5,2,M
225.5,E-5 E-4 C#5 G4,2,M
225.625,E-4 C#5 G4 E-5,2,M
225.75,E-4 C#5 G4 E-5,2,M
225.875,E-4 C#5 G4 E-5,2,M
226.0,A5 E3 D5 B4 E5,2,M
226.125,A5 E3 D5 B4 E5,2,M
226.25,A5 E3 D5 B4 E5,2,M
226.375,A5 E3 D5 B4 E5,2,M
226.5,A5 E3 D5 B4 E5,2,M
226.625,A5 E3 D5 B4 E5,2,M
226.75,A5 E3 D5 B4 E5,2,M
226.875,A5 E3 D5 B4 E5,2,M
227.0,F#6 F#5 E4 D5 B4 G#5,2,M
227.125,F#6 F#5 E4 D5 B4 G#5,2,M
227.25,F#6 F#5 E4 D5 B4 G#5,2,M
227.375,F#6 F#5 E4 D5 B4 G#5,2,M
227.5,F#6 F#5 E4 D5 B4 G#5,2,M
227.625,F#6 F#5 E4 D5 B4 G#5,2,M
227.75,F#6 F#5 E4 D5 B4 G#5,2,M
227.875,F#6 F#5 E4 D5 B4 G#5,2,M
228.0,F6 C#6 E-5 F5 A3,2,M
228.125,F6 C#6 E-5 F5 A3,2,M
228.25,F6 C#6 E-5 F5 A3,2,M
228.375,F6 C#6 E-5 F5 A3,2,M
228.5,F6 C#6 F5 E-5 A3,2,M
228.625,C#6 F5 E-5 A3,2,M
228.75,C#6 F5 E-5 A3,2,M
228.875,C#6 F5 E-5 A3,2,M
229.0,C6 F5 E-5 A4 F4,2,M
229.125,C6 E-5 A4 F5 F4,2,M
229.25,C6 E-5 A4 F5 F4,2,M
229.375,C6 E-5 A4 F5 F4,2,M
229.5,F5 E-5 A4 F4,2,M
229.625,E-5 A4 F5 F4,2,M
229.75,E-5 A4 F5 F4,2,M
229.875,E-5 A4 F5 F4,2,M
230.0,D6 F#3 F#5 E5 B-4,2,M
230.125,D6 F#3 F#5 E5 B-4,4,m
230.25,D6 F#3 F#5 E5 B-4,4,m
230.375,D6 F#3 F#5 E5 B-4,4,m
230.5,D6 F#3 F#5 E5 B-4,4,m
230.625,D6 F#3 F#5 E5 B-4,4,m
230.75,D6 F#3 F#5 E5 B-4,4,m
230.875,D6 F#3 F#5 E5 B-4,4,m
231.0,C#6 B-5 F#4 F#5 E5 C#5,4,m
231.125,C#6 B-5 F#4 F#5 E5 C#5,4,m
231.25,C#6 B-5 F#4 F#5 E5 C#5,4,m
231.375,C#6 B-5 F#4 F#5 E5 C#5,4,m
231.5,C#6 B-5 F#4 F#5 E5 C#5,4,m
231.625,C#6 B-5 F#4 F#5 E5 C#5,4,m
231.75,C#6 B-5 F#4 F#5 E5 C#5,4,m
231.875,C#6 B-5 F#4 F#5 E5 C#5,4,m
232.0,G6 E-6 F5 E5 G5 B3,4,m
232.125,G6 E-6 F5 G5 B3,4,m
232.25,G6 E-6 F5 G5 B3,4,m
232.375,G6 E-6 F5 G5 B3,4,m
232.5,G6 E-6 G5 F5 B3,4,m
232.625,E-6 G5 F5 B3,4,m
232.75,E-6 G5 F5 B3,4,m
232.875,E-6 G5 F5 B3,4,m
233.0,D6 G5 F5 B4 G4,4,m
233.125,D6 F5 B4 G5 G4,4,m
233.25,D6 F5 B4 G5 G4,4,m
233.375,D6 F5 B4 G5 G4,4,m
233.5,G5 F5 B4 G4,4,m
233.625,F5 B4 G5 G4,4,m
233.75,F5 B4 G5 G4,4,m
233.875,F5 B4 G5 G4,4,m
234.0,E6 G#3 G#5 F#5 C5,4,m
234.125,E6 G#3 G#5 F#5 C5,2,m
234.25,E6 G#3 G#5 F#5 C5,2,m
234.375,E6 G#3 G#5 F#5 C5,2,m
234.5,E6 G#3 G#5 F#5 C5,2,m
234.625,E6 G#3 G#5 F#5 C5,2,m
234.75,E6 G#3 G#5 F#5 C5,2,m
234.875,E6 G#3 G#5 F#5 C5,2,m
235.0,E-6 C6 G#4 G#5 F#5 E-5,2,m
235.125,E-6 C6 G#4 G#5 F#5 E-5,2,m
235.25,E-6 C6 G#4 G#5 F#5 E-5,2,m
235.375,E-6 C6 G#4 G#5 F#5 E-5,2,m
235.5,E-6 C6 G#4 G#5 F#5 E-5,2,m
235.625,E-6 G#4 G#5 F#5 E-5,2,m
235.75,E-6 G#4 G#5 F#5 E-5,2,m
235.875,E-6 G#4 G#5 F#5 E-5,2,m
236.0,A6 D3 F6 F5 G5 A3 A5 G4 E4 A4,2,m
236.125,A6 D3 F6 G5 F5 A5 G4 A3 E4 A4,2,m
236.25,A6 D3 F6 F5 G5 A3 A5 G4 E4 A4,2,m
236.375,A6 A5 D3 F6 G5 F5 G4 A4 A3 E4,2,m
236.5,B-6 E6 B-5 D4 D3 A5 A4 A3 G5 G4 E4 E5,2,m
236.625,B-6 E6 B-5 D4 D3 E5 A4 G5 A5 G4 A3 E4,2,m
236.75,B-6 E6 B-5 D4 D3 A5 A4 A3 G5 G4 E4 E5,2,m
236.875,B-6 E6 B-5 D4 D3 E5 A4 G5 A5 G4 A3 E4,2,m
237.0,D6 A4 D3 A5 A3 D5 G5 G4 E4,2,m
237.125,D6 D3 D5 G5 A5 A4 A3 E4 G4,2,m
237.25,D6 D3 A5 A3 D5 G5 A4 E4 G4,2,m
237.375,D6 A4 D3 D5 G5 A5 G4 A3 E4,2,m
237.5,A6 C#6 A5 D5 D3 G5 A3 C#5 G4 A4 E4,2,m
237.625,A6 C#6 D5 D3 C#5 G5 A5 G4 A4 E4 A3,2,m
237.75,A6 C#6 A5 D5 D3 G5 A3 C#5 G4 A4 E4,2,m
237.83333333333334,C#6 D5 D3 A5 G5 A3 C#5 G4 A4 E4,2,m
237.875,C#6 D5 D3 C#5 G5 A5 G4 A4 A3 E4,2,m
238.0,A6 A5 D4 D3 F6 F5 G5 A3 G4 A4 E4,2,m
238.125,A6 D4 D3 F6 G5 F5 A5 G4 A3 E4 A4,2,m
238.25,A6 D4 D3 F6 F5 G5 A3 A5 G4 E4 A4,2,m
238.375,A6 A5 D4 D3 F6 G5 F5 G4 A4 A3 E4,2,m
238.5,B-6 E6 B-5 D4 D3 A5 A4 A3 G5 G4 E4 E5,2,m
238.625,B-6 E6 B-5 D4 D3 E5 A4 G5 A5 G4 A3 E4,2,m
238.75,B-6 E6 B-5 D4 D3 A5 A4 A3 G5 G4 E4 E5,2,m
238.875,B-6 E6 B-5 D4 D3 E5 A4 G5 A5 G4 A3 E4,2,m
239.0,D6 A4 D3 A5 A3 D5 G5 G4 E4,2,m
239.125,D6 D3 D5 G5 A5 A4 A3 E4 G4,2,m
239.25,D6 D3 A5 A3 D5 G5 A4 E4 G4,2,m
239.375,D6 A4 D3 D5 G5 A5 G4 A3 E4,2,m
239.5,A6 C#6 A5 D5 D3 G5 A3 C#5 G4 A4 E4,2,m
239.625,A6 C#6 D5 D3 C#5 G5 A5 G4 A4 E4 A3,2,m
239.75,A6 C#6 A5 D5 D3 G5 A3 C#5 G4 A4 E4,2,m
239.83333333333334,C#6 D5 D3 A5 G5 A3 C#5 G4 A4 E4,2,m
239.875,C#6 D5 D3 C#5 G5 A5 G4 A4 A3 E4,2,m
240.0,A6 A5 D4 D3 F6 F5 G5 A3 G4 A4 E4,2,m
240.125,A6 D4 D3 F6 A3 F5 G5 A5 G4 E4 A4,2,m
240.25,A6 D4 D3 F6 F5 G5 A3 A5 G4 E4 A4,2,m
240.375,A6 A5 D4 D3 F6 G5 F5 G4 A4 A3 E4,2,m
240.5,B-6 E6 B-5 D4 D3 A5 A4 A3 G5 G4 E4 E5,2,m
240.625,B-6 E6 B-5 D4 D3 E5 A4 G5 A5 G4 A3 E4,2,m
240.75,B-6 E6 B-5 D4 D3 A5 A3 G5 G4 A4 E4 E5,2,m
240.875,B-6 E6 B-5 D4 D3 E5 A4 G5 A5 G4 A3 E4,2,m
241.0,D6 A4 D3 A5 A3 D5 G5 G4 E4,2,m
241.125,D6 D3 D5 G5 A5 A4 A3 E4 G4,2,m
241.25,D6 D3 A5 A3 D5 G5 A4 E4 G4,2,m
241.375,D6 A4 D3 D5 G5 A5 G4 A3 E4,2,m
241.5,A6 C#6 A5 D5 D3 G5 A3 C#5 G4 A4 E4,2,m
241.625,A6 C#6 D5 D3 C#5 G5 A5 G4 A4 E4 A3,2,m
241.75,A6 C#6 A5 D5 D3 G5 A3 C#5 G4 A4 E4,2,m
241.83333333333334,C#6 D5 D3 A5 G5 A3 C#5 G4 A4 E4,2,m
241.875,C#6 D5 D3 C#5 G5 A5 G4 A4 A3 E4,2,m
242.0,A6 A5 D4 D3 F6 F5 G5 A3 G4 A4 E4,2,m
242.125,A6 D4 D3 F6 G5 F5 A5 G4 A3 E4 A4,2,m
242.25,A6 D4 D3 F6 F5 G5 A3 A5 G4 E4 A4,2,m
242.375,A6 A5 D4 D3 F6 G5 F5 G4 A4 A3 E4,2,m
242.5,B-6 E6 B-5 D4 D3 A5 A4 A3 G5 G4 E4 E5,2,m
242.625,B-6 E6 B-5 D4 D3 E5 A4 G5 A5 G4 A3 E4,2,m
242.75,B-6 E6 B-5 D4 D3 A5 A4 A3 G5 G4 E4 E5,2,m
242.875,B-6 E6 B-5 D4 D3 E5 A4 G5 A5 G4 A3 E4,2,m
243.0,D6 A4 D3 A5 A3 D5 G5 G4 E4,2,m
243.125,D6 D3 D5 G5 A5 A4 A3 E4 G4,2,m
243.25,D6 D3 A5 A3 D5 G5 A4 E4 G4,2,m
243.375,D6 A4 D3 D5 G5 A5 G4 A3 E4,2,m
243.5,A6 C#6 A5 D5 D3 G5 A3 C#5 G4 A4 E4,2,m
243.625,A6 C#6 D5 D3 C#5 G5 A5 G4 A4 E4 A3,2,m
243.75,A6 C#6 A5 D5 D3 G5 A3 C#5 G4 A4 E4,2,m
243.83333333333334,C#6 D5 D3 A5 G5 A3 C#5 G4 A4 E4,2,m
243.875,C#6 D5 D3 C#5 G5 A5 G4 A4 A3 E4,2,m
244.0,A6 A5 D4 D3 F6 F5 G5 A3 G4 A4 E4,2,m
244.125,A6 D4 D3 F6 G5 F5 A5 G4 A3 E4 A4,2,m
244.25,A6 D4 D3 F6 F5 G5 A3 A5 G4 E4 A4,2,m
244.375,A6 A5 D4 D3 F6 G5 F5 G4 A4 A3 E4,2,m
244.5,B-6 E6 B-5 D4 D5 D3 A5 A4 A3 G5 G4 E4 E5,2,m
244.625,B-6 E6 B-5 D4 D5 D3 E5 A4 G5 A5 G4 A3 E4,2,m
244.75,B-6 E6 B-5 D4 D5 D3 A5 A4 A3 G5 G4 E4 E5,2,m
244.875,B-6 E6 B-5 D4 D5 D3 E5 A4 G5 A5 G4 A3 E4,2,m
245.0,D6 D4 D3 A5 A3 D5 G5 G4 E4 A4,2,m
245.125,D6 D4 D3 D5 G5 A5 A3 E4 A4 G4,2,m
245.25,D6 D4 D3 A5 A3 D5 G5 E4 A4 G4,2,m
245.375,D6 D4 D3 D5 G5 A5 G4 A3 E4 A4,2,m
245.5,A6 C#6 A5 D4 D5 D3 G5 A3 C#5 G4 A4 E4 E5,2,m
245.625,A6 C#6 D4 D5 D3 C#5 G5 A5 G4 A4 E4 E5 A3,2,m
245.75,A6 C#6 A5 D4 D5 D3 G5 A3 C#5 G4 A4 E4 E5,2,m
245.83333333333334,C#6 D4 D5 D3 A5 G5 A3 C#5 G4 A4 E4 E5,2,m
245.875,C#6 D4 D5 D3 C#5 G5 A5 G4 A4 A3 E4 E5,2,m
246.0,A6 A5 D4 D3 F6 F5 G5 A3 G4 E4 A4,2,m
246.125,A6 D4 D3 F6 G5 F5 A5 G4 A3 E4 A4,2,m
246.25,A6 D4 D3 F6 F5 G5 A3 A5 G4 E4 A4,2,m
246.375,A6 A5 D4 D3 F6 G5 F5 G4 A3 E4 A4,2,m
246.5,B-6 E6 B-5 D4 D5 D3 A5 A4 A3 G5 G4 E4 E5,2,m
246.625,B-6 E6 B-5 D4 D5 D3 E5 A4 G5 A5 A3 E4 G4,2,m
246.75,B-6 E6 B-5 D4 D5 D3 A5 A4 A3 G5 E4 E5 G4,2,m
246.875,B-6 E6 B-5 D4 D5 D3 E5 A4 G5 A5 G4 A3 E4,2,m
247.0,D6 D4 D3 A5 A3 D5 G5 G4 E4 A4,2,m
247.125,D6 D4 D3 D5 G5 A5 A3 E4 A4 G4,2,m
247.25,D6 D4 D3 A5 A3 D5 G5 E4 A4 G4,2,m
247.375,D6 D4 D3 D5 G5 A5 G4 A3 E4 A4,2,m
247.5,A6 C#6 A5 D4 D5 D3 G5 A3 C#5 G4 A4 E4 E5,2,m
247.625,A6 C#6 D4 D5 D3 C#5 G5 A5 G4 A4 E4 E5 A3,2,m
247.75,A6 C#6 A5 D4 D5 D3 G5 A3 C#5 G4 A4 E4 E5,2,m
247.83333333333334,C#6 D4 D5 D3 A5 G5 A3 C#5 G4 A4 E4 E5,2,m
247.875,C#6 D4 D5 D3 C#5 G5 A5 G4 A4 A3 E4 E5,2,m
248.0,A6 A5 D4 D3 F6 F5 G5 A3 G4 E4 A4,2,m
248.125,A6 D4 D3 F6 G5 F5 A5 G4 A3 E4 A4,2,m
248.25,A6 D4 D3 F6 F5 G5 A3 A5 G4 E4 A4,2,m
248.375,A6 A5 D4 D3 F6 G5 F5 G4 A3 E4 A4,2,m
248.5,B-6 E6 B-5 D4 D3 A5 A4 A3 G5 G4 E4 E5,2,m
248.625,B-6 E6 B-5 D4 D3 E5 A4 G5 A5 A3 E4 G4,2,m
248.75,B-6 E6 B-5 D4 D3 A5 A4 A3 G5 E4 E5 G4,2,m
248.875,B-6 E6 B-5 D4 D3 E5 A4 G5 A5 G4 A3 E4,2,m
249.0,D6 D4 D3 A5 A3 D5 G5 G4 E4 A4,2,m
249.125,D6 D4 D3 D5 G5 A5 A3 E4 A4 G4,2,m
249.25,D6 D4 D3 A5 A3 D5 G5 E4 A4 G4,2,m
249.375,D6 D4 D3 D5 G5 A5 G4 A3 E4 A4,2,m
249.5,A6 C#6 A5 D4 D3 G5 A3 C#5 G4 A4 E4 E5,2,m
249.625,A6 C#6 D4 D3 C#5 G5 A5 G4 A4 E4 E5 A3,2,m
249.75,A6 C#6 A5 D4 D3 G5 A3 C#5 G4 A4 E4 E5,2,m
249.83333333333334,C#6 D4 D3 A5 G5 A3 C#5 G4 A4 E4 E5,2,m
249.875,C#6 D4 D3 C#5 G5 A5 G4 A4 A3 E4 E5,2,m
250.0,A6 A5 D4 D3 F6 G5 A3 F5 G4 E4 A4,2,m
250.125,A6 D4 D3 F6 F5 G5 A5 G4 A3 E4 A4,2,m
250.25,A6 D4 D3 F6 G5 A3 F5 A5 G4 E4 A4,2,m
250.375,A6 A5 D4 D3 F6 F5 G5 G4 A3 E4 A4,2,m
250.5,B-6 E6 B-5 D4 D3 A5 A4 A3 G5 G4 E4 E5,2,m
250.625,B-6 E6 B-5 D4 D3 E5 A4 G5 A5 A3 E4 G4,2,m
250.75,B-6 E6 B-5 D4 D3 A5 A4 A3 G5 E4 E5 G4,2,m
250.875,B-6 E6 B-5 E4 D4 D3 E5 A4 G5 A5 A3 G4,2,m
251.0,C#6 D4 C6 A5 C#5 G5 D3 G4 A3 E4 A4,2,m
251.125,C#6 D4 C6 C5 C#5 G5 A5 D3 A3 E4 A4 G4,2,m
251.25,C#6 D4 C6 A5 C#5 G5 D3 A3 E4 A4 G4,2,m
251.375,C#6 D4 C6 C5 C#5 G5 A5 D3 G4 A3 E4 A4,2,m
251.5,A6 F6 A5 D4 G5 F5 D3 G4 A3 E4 A4,2,m
251.625,A6 F6 D4 F5 G5 A5 D3 G4 A3 E4 A4,2,m
251.75,A6 F6 A5 D4 G5 F5 D3 G4 A3 E4 A4,2,m
251.83333333333334,F6 D4 A5 G5 F5 D3 G4 A3 E4 A4,2,m
251.875,F6 D4 F5 G5 A5 D3 G4 A3 E4 A4,2,m
252.0,D5 D6 D3 D4,2,m
252.125,D5 D6 D3 D4,2,m
252.25,D5 D6 D3 D4,2,m
252.375,D5 D6 D3 D4,2,m
252.5,D5 D6 D3 D4,2,m
252.625,D5 D6 D3 D4,2,m
252.75,D5 D6 D3 D4,2,m
252.875,D5 D6 D3 D4,2,m
253.0,D5 D6 D3 D4,2,m
253.125,D5 D6 D3 D4,2,m
253.25,D5 D6 D3 D4,2,m
253.375,D5 D6 D3 D4,2,m
253.5,D5 D6 D3 D4,2,m
253.625,D5 D6 D3 D4,2,m
253.75,D5 D6 D3 D4,2,m
253.875,D5 D6 D3 D4,2,m
254.0,D5 D6 D3 D4,2,m
254.125,D5 D6 D3 D4,2,m
254.25,D5 D6 D3 D4,2,m
254.375,D5 D6 D3 D4,2,m
254.5,D5 D6 D3 D4,2,m
254.625,D5 D6 D3 D4,2,m
254.75,D5 D6 D3 D4,2,m
254.875,D5 D6 D3 D4,2,m
255.0,D5 D6 D3 D4,2,m
255.125,D5 D6 D3 D4,2,m
255.25,D5 D6 D3 D4,2,m
255.375,D5 D6 D3 D4,2,m
255.5,D5 D6 D3 D4,2,m
255.625,D5 D6 D3 D4,2,m
255.75,D5 D6 D3 D4,2,m
255.875,D5 D6 D3 D4,2,m
256.0,D5 D6 D3 D4,2,m
256.125,D5 D6 D3 D4,2,m
256.25,D5 D6 D3 D4,2,m
256.375,D5 D6 D3 D4,2,m
256.5,D5 D6 D3 D4,2,m
256.625,D5 D6 D3 D4,2,m
256.75,D5 D6 D3 D4,2,m
256.875,D5 D6 D3 D4,2,m
257.0,D5 D6 D3 D4,2,m
257.125,D5 D6 D3 D4,?,?
257.25,D5 D6 D3 D4,?,?
257.375,D5 D6 D3 D4,?,?
257.5,D5 D6 D3 D4,?,?
257.625,D5 D6 D3 D4,?,?
257.75,D5 D6 D3 D4,?,?
257.875,D5 D6 D3 D4,?,?
258.0,D5 D6 D3 D4,?,?
258.125,D5 D6 D3 D4,?,?
258.25,D5 D6 D3 D4,?,?
258.375,D5 D6 D3 D4,?,?
258.5,D5 D6 D3 D4,?,?
258.625,D5 D6 D3 D4,?,?
258.75,D5 D6 D3 D4,?,?
258.875,D5 D6 D3 D4,?,?
259.0,D5 D6 D3 D4,?,?
259.125,D5 D6 D3 D4,?,?
259.25,D5 D6 D3 D4,?,?
259.375,D5 D6 D3 D4,?,?
259.5,D5 D6 D3 D4,?,?
259.625,D5 D6 D3 D4,?,?
259.75,D4 D5 D2 D3,?,?
259.875,D4 D5 D2 D3,?,?
260.0,D4 D5 D2 D3,?,?
260.125,D4 D5 D2 D3,?,?
260.25,D4 D5 D2 D3,?,?
260.375,D4 D5 D2 D3,?,?
260.5,D4 D5 D2 D3,?,?
260.625,D4 D5 D2 D3,?,?
260.75,D4 D5 D2 D3,?,?
260.875,D4 D5 D2 D3,?,?
261.0,D4 D5 D2 D3,?,?
261.125,D4 D5 D2 D3,?,?
261.25,D4 D5 D2 D3,?,?
261.375,D4 D5 D2 D3,?,?
261.5,D4 D5 D2 D3,?,?
261.625,D4 D5 D2 D3,?,?
261.75,D4 D5 D2 D3,?,?
261.875,D4 D5 D2 D3,?,?
262.0,D4 D5 D2 D3,?,?
262.125,D4 D5 D2 D3,?,?
262.25,D4 D5 D2 D3,?,?
262.375,D4 D5 D2 D3,?,?
262.5,D4 D5 D2 D3,?,?
262.625,D4 D5 D2 D3,?,?
262.75,D4 D5 D2 D3,?,?
262.875,D4 D5 D2 D3,?,?
263.0,D4 D5 D2 D3,?,?
263.125,D4 D5 D2 D3,?,?
263.25,D4 D5 D2 D3,?,?
263.375,D4 D5 D2 D3,?,?
263.5,D4 D5 D2 D3,?,?
263.625,D4 D5 D2 D3,?,?
263.75,D4 D5 D2 D3,?,?
263.875,D4 D5 D2 D3,?,?
264.0,D4 D5 D2 D3,?,?
264.125,D4 D5 D2 D3,?,?
264.25,D4 D5 D2 D3,?,?
264.375,D4 D5 D2 D3,?,?
264.5,D4 D5 D2 D3,?,?
264.625,D4 D5 D2 D3,?,?
264.75,D4 D5 D2 D3,?,?
264.875,D4 D5 D2 D3,?,?
265.0,D4 D5 D2 D3,?,?
265.125,D4 D5 D2 D3,2,m
265.25,D4 D5 D2 D3,2,m
265.375,D4 D5 D2 D3,2,m
265.5,D4 D5 D2 D3,2,m
265.625,D4 D5 D2 D3,2,m
265.75,D4 D5 D2 D3,2,m
265.875,D4 D5 D2 D3,2,m
266.0,D3 C5 C6 C3 C4,2,m
266.125,D3 C5 C6 C3 C4,2,m
266.25,D3 C5 C6 C3 C4,2,m
266.375,D3 C5 C6 C3 C4,2,m
266.5,D3 C5 C6 C3 C4,2,m
266.625,D3 C5 C6 C3 C4,2,m
266.6666666666667,B4 B5 B2 B3 D3,2,m
266.75,D3 B4 B5 B2 B3,2,m
266.875,D3 B4 B5 B2 B3,2,m
267.0,D3 B4 B5 B2 B3,2,m
267.125,D3 B4 B5 B2 B3,2,m
267.25,D3 B4 B5 B2 B3,2,m
267.3333333333333,D3 B-4 B-5 B-2 B-3,2,m
267.375,D3 B-4 B-5 B-2 B-3,2,m
267.5,D3 B-4 B-5 B-2 B-3,2,m
267.625,D3 B-4 B-5 B-2 B-3,2,m
267.75,D3 B-4 B-5 B-2 B-3,2,m
267.875,D3 B-4 B-5 B-2 B-3,2,m
268.0,A4 A5 A2 A3,2,m
268.125,A4 A5 A2 A3,2,m
268.25,A4 A5 A2 A3,2,m
268.375,A4 A5 A2 A3,2,m
268.5,A4 A5 A2 A3,2,m
268.625,A4 A5 A2 A3,2,m
268.75,A4 A5 A2 A3,2,m
268.875,A4 A5 A2 A3,2,m
269.0,A4 A5 A2 A3,2,m
269.125,A4 A5 A2 A3,2,m
269.25,A4 A5 A2 A3,2,m
269.375,A4 A5 A2 A3,2,m
269.5,A4 A5 A2 A3,2,m
269.625,A4 A5 A2 A3,2,m
269.75,A4 A5 A2 A3,2,m
269.875,A4 A5 A2 A3,2,m
270.0,A1 A4 A3 A2,2,m
270.125,A1 A4 A3 A2,2,m
270.25,A1 A4 A3 A2,2,m
270.375,A1 A4 A3 A2,2,m
270.5,A1 A4 A3 A2,2,m
270.625,A1 A4 A3 A2,2,m
270.75,A1 A4 A3 A2,2,m
270.875,A1 A4 A3 A2,2,m
271.0,A1 A4 A3 A2,2,m
271.125,A1 A4 A3 A2,2,m
271.25,A1 A4 A3 A2,2,m
271.375,A1 A4 A3 A2,2,m
271.5,A1 A4 A3 A2,2,m
271.625,A1 A4 A3 A2,2,m
271.75,A1 A4 A3 A2,2,m
271.875,A1 A4 A3 A2,2,m
272.0,A1 A4 A3 A2,2,m
273.0,G2 G4 G5 G3,2,m
274.0,F2 F4 F5 F3,2,m
275.0,E2 E4 E5 E3,2,m
276.0,E-2 E-4 E-5 E-3,2,m
276.125,E-2 E-4 E-5 E-3,8,m
276.25,E-2 E-4 E-5 E-3,8,m
276.375,E-2 E-4 E-5 E-3,8,m
276.5,E-2 E-4 E-5 E-3,8,m
276.625,E-2 E-4 E-5 E-3,8,m
276.75,E-2 E-4 E-5 E-3,8,m
276.875,E-2 E-4 E-5 E-3,8,m
277.0,E-2 E-4 E-5 E-3,8,m
277.125,E-2 E-4 E-5 E-3,8,m
277.25,E-2 E-4 E-5 E-3,8,m
277.375,E-2 E-4 E-5 E-3,8,m
277.5,E-2 E-4 E-5 E-3,8,m
277.625,E-2 E-4 E-5 E-3,8,m
277.75,E-2 E-4 E-5 E-3,8,m
277.875,E-2 E-4 E-5 E-3,8,m
278.0,E-2 E-4 E-5 E-3,8,m
278.125,E-2 E-4 E-5 E-3,4,m
278.25,E-2 E-4 E-5 E-3,4,m
278.375,E-2 E-4 E-5 E-3,4,m
278.5,E-2 E-4 E-5 E-3,4,m
278.625,E-2 E-4 E-5 E-3,4,m
278.75,E-2 E-4 E-5 E-3,4,m
278.875,E-2 E-4 E-5 E-3,4,m
279.0,E-2 E-4 E-5 E-3,4,m
279.125,E-2 E-4 E-5 E-3,4,m
279.25,E-2 E-4 E-5 E-3,4,m
279.375,E-2 E-4 E-5 E-3,4,m
279.5,E-2 E-4 E-5 E-3,4,m
279.625,E-2 E-4 E-5 E-3,4,m
279.75,B3 D4 B1 E-3 B2,4,m
279.875,B3 D4 B1 E-3 B2,4,m
280.0,B3 E-4 B1 E-3 B2,4,m
280.125,B3 E-4 B1 E-3 B2,4,m
280.25,B3 E-4 B1 E-3 B2,4,m
280.375,B3 E-4 B1 E-3 B2,4,m
280.5,B3 E-4 B1 E-3 B2,4,m
280.625,B3 E-4 B1 E-3 B2,4,m
280.75,B3 E-4 B1 E-3 B2,4,m
280.875,B3 E-4 B1 E-3 B2,4,m
281.0,B3 E-4 B1 E-3 B2,4,m
281.125,B3 E-4 B1 E-3 B2,4,m
281.25,B3 E-4 B1 E-3 B2,4,m
281.375,B3 E-4 B1 E-3 B2,4,m
281.5,B3 E-4 B1 E-3 B2,4,m
281.625,B3 E-4 B1 E-3 B2,4,m
281.75,B3 E-4 B1 E-3 B2,4,m
281.875,B3 E-4 B1 E-3 B2,4,m
282.0,B3 E-4 B1 E-3 B2,4,m
282.125,B3 E-4 B1 E-3 B2,4,m
282.25,B3 E-4 B1 E-3 B2,4,m
282.375,B3 E-4 B1 E-3 B2,4,m
282.5,B3 E-4 B1 E-3 B2,4,m
282.625,B3 E-4 B1 E-3 B2,4,m
282.75,B3 E-4 B1 E-3 B2,4,m
282.875,B3 E-4 B1 E-3 B2,4,m
283.0,B3 E-4 B1 E-3 B2,4,m
283.125,B3 E-4 B1 E-3 B2,4,m
283.25,B3 E-4 B1 E-3 B2,4,m
283.375,B3 E-4 B1 E-3 B2,4,m
283.5,B3 E-4 B1 E-3 B2,4,m
283.625,B3 E-4 B1 E-3 B2,4,m
283.75,B3 E-4 B1 E-3 B2,4,m
283.875,B3 E-4 B1 E-3 B2,4,m
286.0,G4 E4 E3 E2 B3 G3,4,m
289.0,E4 G4 F4 E3 E2 B3 G3,4,m
290.0,G4 C3 C2 C4 E4 G3,4,m
292.0,D5 G3 B-3 D4 G1 G2 B-4 G4 D3,0,M
292.5,D5 G3 B-3 C5 D4 G1 G2 B-4 G4 D3,0,M
292.75,D5 G3 B-3 B-4 D4 G1 G2 G4 D3,0,M
293.0,E6 D6 G3 B-3 B-4 D4 G1 E5 B-5 G2 G4 E4 D5 D3,0,M
293.25,E6 D6 G3 B-3 F5 B-4 D4 G1 E5 B-5 G2 G4 E4 D5 D3,0,M
293.5,E6 D6 G3 B-3 G5 B-4 D4 G1 E5 B-5 G2 G4 E4 D5 D3,0,M
293.75,E6 D6 G3 B-3 A5 B-4 D4 G1 E5 B-5 G2 G4 E4 D5 D3,0,M
294.0,E6 D6 G3 B-3 B-4 B-5 D4 G1 E5 G2 G4 E4 D5 D3,0,M
294.5,E6 D6 G3 B-3 C6 C5 D4 G1 E5 B-5 G2 B-4 G4 E4 D5 D3,0,M
294.75,E6 D6 G3 B-3 B-4 D4 G1 E5 B-5 G2 G4 E4 D5 D3,0,M
295.0,E6 D6 G3 B-3 B-4 D4 G1 E5 B-5 G2 G4 E4 D5 D3,0,M
295.25,E6 D6 G3 B-3 F6 F5 D4 G1 E5 B-5 G2 B-4 G4 E4 D5 D3,0,M
295.5,E6 D6 G3 B-3 G6 G5 D4 G1 E5 B-5 G2 B-4 G4 E4 D5 D3,0,M
295.75,E6 D6 G3 B-3 B-4 A6 A5 D4 G1 E5 B-5 G2 G4 E4 D5 D3,0,M
296.0,E6 D6 G3 B-3 B-4 B-6 B-5 D4 G1 E5 G2 G4 E4 D5 D3,0,M
296.6666666666667,E6 D6 E5 B-5 B-4 G4 E4 D5 G3 B-3 B-6 D4 G1 G2 D3,0,M
297.3333333333333,E6 D6 G3 B-3 B-4 B-6 B-5 D4 G1 E5 G2 G4 E4 D5 D3,2,m
298.0,E6 D6 E5 E4 D5,2,m
298.6666666666667,D6 E4 D5 E6 E5,2,m
299.0,D6 A2 A6 A5 A4 E4 D5 A3,2,m
299.125,D6 A2 A6 A5 A4 E4 D5 A3,2,m
299.25,D6 A2 A6 A5 A4 E4 D5 A3,2,m
299.3333333333333,C#6 A2 A6 A5 A4 E4 C#5 A3,2,m
299.375,C#6 A2 A6 A5 A4 E4 C#5 A3,2,m
299.5,C#6 A2 A6 A5 A4 E4 C#5 A3,2,m
299.625,C#6 A2 A6 A5 A4 E4 C#5 A3,2,m
299.75,C#6 A2 A6 A5 A4 E4 C#5 A3,2,m
299.875,C#6 A2 A6 A5 A4 E4 C#5 A3,2,m
300.0,E6 D6 D4 D2 D5 A4 F#4 F#5 D3,2,m
300.125,E6 D6 D4 D2 D5 A4 F#4 F#5 D3,2,m
300.25,E6 D6 D4 D2 D5 A4 F#4 F#5 D3,2,m
300.375,E6 D6 D4 D2 D5 A4 F#4 F#5 D3,2,m
300.5,E6 D6 D4 D2 D5 A4 F#4 F#5 D3,2,m
300.625,E6 D6 D4 D2 D5 A4 F#4 F#5 D3,2,m
300.75,E6 D6 D4 D2 D5 A4 F#4 F#5 D3,2,m
300.875,E6 D6 D4 D2 D5 A4 F#4 F#5 D3,2,m
301.0,E6 D6 D4 D2 D5 A4 F#4 F#5 D3,2,m
301.125,E6 D6 D4 D2 D5 A4 F#4 F#5 D3,?,?
301.25,E6 D6 D4 D2 D5 A4 F#4 F#5 D3,?,?
301.375,E6 D6 D4 D2 D5 A4 F#4 F#5 D3,?,?
301.5,E6 D6 D4 D2 D5 A4 F#4 F#5 D3,?,?
301.625,E6 D6 D4 D2 D5 A4 F#4 F#5 D3,?,?
301.75,E6 D6 D4 D2 D5 A4 F#4 F#5 D3,?,?
301.875,E6 D6 D4 D2 D5 A4 F#4 F#5 D3,?,?
302.0,D3,?,?
302.125,D3,?,?
302.25,D3,?,?
302.375,D3,?,?
302.5,D3,?,?
302.625,D3,?,?
302.75,D3,?,?
302.875,D3,?,?
303.0,D3,?,?
303.125,D3,?,?
303.25,D3,?,?
303.375,D3,?,?
303.5,D3,?,?
303.625,D3,?,?
303.75,D3,?,?
303.875,D3,?,?
304.0,D3,?,?
304.125,D3,?,?
304.25,D3,?,?
304.375,D3,?,?
304.5,D3,?,?
304.625,D3,?,?
304.75,D3,?,?
304.875,D3,?,?
305.0,D3,?,?
305.125,D3,?,?
305.25,D3,?,?
305.375,D3,?,?
305.5,D3,?,?
305.625,D3,?,?
305.75,D3,?,?
305.875,D3,?,?
306.0,D3,?,?
306.125,D3,?,?
306.25,D3,?,?
306.375,D3,?,?
306.5,D3,?,?
306.625,D3,?,?
306.75,D3,?,?
306.875,D3,?,?
307.0,D3,?,?
307.125,D3,?,?
307.25,D3,?,?
307.375,D3,?,?
307.5,D3,?,?
307.625,D3,?,?
307.75,D3,?,?
307.875,D3,?,?
308.0,E-5 D3,?,?
308.125,E-5 D3,?,?
308.25,E-5 D3,?,?
308.375,E-5 D3,?,?
308.5,D3,?,?
308.625,D3,?,?
308.75,D3,?,?
308.875,D3,?,?
309.0,D5 D3,?,?
309.125,D5 D3,?,?
309.25,D5 D3,?,?
309.375,D5 D3,?,?
309.5,D3,?,?
309.625,D3,?,?
309.75,D3,?,?
309.875,D3,?,?
310.0,C5 D3,?,?
310.125,C5 D3,?,?
310.25,C5 D3,?,?
310.375,C5 D3,?,?
310.5,D3,?,?
310.625,D3,?,?
310.75,D3,?,?
310.875,D3,?,?
311.0,B-4 D3,?,?
311.125,B-4 D3,?,?
311.25,B-4 D3,?,?
311.375,B-4 D3,?,?
311.5,D3,?,?
311.625,D3,?,?
311.75,D3,?,?
311.875,D3,?,?
312.0,A4 D3,?,?
312.125,A4 D3,?,?
312.25,A4 D3,?,?
312.375,A4 D3,?,?
312.5,D3,?,?
312.625,D3,?,?
312.75,D3,?,?
312.875,D3,?,?
313.0,G4 D3,?,?
313.125,G4 D3,?,?
313.25,G4 D3,?,?
313.375,G4 D3,?,?
313.5,D3,?,?
313.625,D3,?,?
313.75,D3,?,?
313.875,D3,?,?
314.0,F4 D3,?,?
314.125,F4 D3,?,?
314.25,F4 D3,?,?
314.375,F4 D3,?,?
314.5,D3,?,?
314.625,D3,?,?
314.75,D3,?,?
314.875,D3,?,?
315.0,E-4 D3,?,?
315.125,E-4 D3,?,?
315.25,E-4 D3,?,?
315.375,E-4 D3,?,?
315.5,E-5 D3,?,?
315.625,E-5 D3,?,?
315.75,E-5 D3,?,?
315.875,E-5 D3,?,?
316.0,F#4 D3 D4,?,?
316.125,F#4 D3 D4,7,m
316.25,F#4 D3 D4,7,m
316.375,F#4 D3 D4,7,m
316.5,F#4 D3,7,m
316.625,F#4 D3,7,m
316.75,F#4 D3,7,m
316.875,F#4 D3,7,m
317.0,D4 D3 C4,7,m
317.125,D4 D3 C4,7,m
317.25,D4 D3 C4,7,m
317.375,D4 D3 C4,7,m
317.5,D3,7,m
317.625,D3,7,m
317.75,D3,7,m
317.875,D3,7,m
318.0,D4 D3 B3,7,m
318.125,D4 D3 B3,7,m
318.25,D4 D3 B3,7,m
318.375,D4 D3 B3,7,m
318.5,D3,7,m
318.625,D3,7,m
318.75,D3,7,m
318.875,D3,7,m
319.0,D4 D3 B-3,7,m
319.125,D4 D3 B-3,7,m
319.25,D4 D3 B-3,7,m
319.375,D4 D3 B-3,7,m
319.5,E-5 D3,7,m
319.625,E-5 D3,7,m
319.75,E-5 D3,7,m
319.875,E-5 D3,7,m
320.0,C6 D4 D3 A3,7,m
320.125,C6 D4 D3 A3,7,m
320.25,C6 D4 D3 A3,7,m
320.375,C6 D4 D3 A3,7,m
320.5,C6 D3,7,m
320.625,C6 D3,7,m
320.75,C6 D3,7,m
320.875,C6 D3,7,m
321.0,D4 D3 G3,7,m
321.125,D4 D3 G3,7,m
321.25,D4 D3 G3,7,m
321.375,D4 D3 G3,7,m
321.5,D3,7,m
321.625,D3,7,m
321.75,D3,7,m
321.875,D3,7,m
322.0,D4 D3 F3,7,m
322.125,D4 D3 F3,7,m
322.25,D4 D3 F3,7,m
322.375,D4 D3 F3,7,m
322.5,D3,7,m
322.625,D3,7,m
322.75,D3,7,m
322.875,D3,7,m
323.0,D3 E-3,7,m
323.125,D3 E-3,7,m
323.25,D3 E-3,7,m
323.375,D3 E-3,7,m
323.5,A4 D3,7,m
323.625,A4 D3,7,m
323.75,A4 D3,7,m
323.875,A4 D3,7,m
324.0,B-3 C4 E-4 G5 D3 G3,7,m
324.125,B-3 C4 E-4 G5 D3 G3,0,m
324.25,B-3 C4 E-4 G5 D3 G3,0,m
324.375,B-3 C4 E-4 G5 D3 G3,0,m
324.5,B-3 C4 E-4 D3 G3,0,m
324.625,B-3 C4 E-4 D3 G3,0,m
324.75,B-3 C4 E-4 D3 G3,0,m
324.875,B-3 C4 E-4 D3 G3,0,m
325.0,C4 E-4 F5 D3 D2 G3,0,m
325.125,C4 E-4 F5 D3 D2 G3,0,m
325.25,C4 E-4 F5 D3 D2 G3,0,m
325.375,C4 E-4 F5 D3 D2 G3,0,m
325.5,C4 E-4 D3 G3,0,m
325.625,C4 E-4 D3 G3,0,m
325.75,C4 E-4 D3 G3,0,m
325.875,C4 E-4 D3 G3,0,m
326.0,C4 E-4 E-5 D3 G2 G3,0,m
326.125,C4 E-4 E-5 D3 G2 G3,0,m
326.25,C4 E-4 E-5 D3 G2 G3,0,m
326.375,C4 E-4 E-5 D3 G2 G3,0,m
326.5,C4 E-4 D3 G3,0,m
326.625,C4 E-4 D3 G3,0,m
326.75,C4 E-4 D3 G3,0,m
326.875,C4 E-4 D3 G3,0,m
327.0,C4 E-4 D5 D3 B-2 G3,0,m
327.125,C4 E-4 D5 D3 B-2 G3,0,m
327.25,C4 E-4 D5 D3 B-2 G3,0,m
327.375,C4 E-4 D5 D3 B-2 G3,0,m
327.5,D3 C4 E-4 G3,0,m
327.625,D3 C4 E-4 G3,0,m
327.75,D3 C4 E-4 G3,0,m
327.875,D3 C4 E-4 G3,0,m
328.0,B-3 C4 E-4 C5 D3 G3,0,m
328.125,B-3 C4 E-4 C5 D3 G3,0,m
328.25,B-3 C4 E-4 C5 D3 G3,0,m
328.375,B-3 C4 E-4 C5 D3 G3,0,m
328.5,B-3 C4 E-4 D3 G3,0,m
328.625,B-3 C4 E-4 D3 G3,0,m
328.75,B-3 C4 E-4 D3 G3,0,m
328.875,B-3 C4 E-4 D3 G3,0,m
329.0,C4 E-4 B-4 D3 G3,0,m
329.125,C4 E-4 B-4 D3 G3,0,m
329.25,C4 E-4 B-4 D3 G3,0,m
329.375,C4 E-4 B-4 D3 G3,0,m
329.5,C4 E-4 D3 G3,0,m
329.625,C4 E-4 D3 G3,0,m
329.75,C4 E-4 D3 G3,0,m
329.875,C4 E-4 D3 G3,0,m
330.0,C4 E-4 A4 D3 G3,0,m
330.125,C4 E-4 A4 D3 G3,0,m
330.25,C4 E-4 A4 D3 G3,0,m
330.375,C4 E-4 A4 D3 G3,0,m
330.5,C4 E-4 D3 G3,0,m
330.625,C4 E-4 D3 G3,0,m
330.75,C4 E-4 D3 G3,0,m
330.875,C4 E-4 D3 G3,0,m
331.0,C4 E-4 G4 D3 G3,0,m
331.125,C4 E-4 G4 D3 G3,0,m
331.25,C4 E-4 G4 D3 G3,0,m
331.375,C4 E-4 G4 D3 G3,0,m
331.5,G5 C4 E-4 D3 G3,0,m
331.625,G5 C4 E-4 D3 G3,0,m
331.75,G5 C4 E-4 D3 G3,0,m
331.875,G5 C4 E-4 D3 G3,0,m
332.0,E-4 G#4 D3 F4 C4,0,m
332.125,E-4 G#4 D3 F4 C4,0,m
332.25,E-4 G#4 D3 F4 C4,0,m
332.375,E-4 G#4 D3 F4 C4,0,m
332.5,E-4 G#4 D3 C4,0,m
332.625,E-4 G#4 D3 C4,0,m
332.75,E-4 G#4 D3 C4,0,m
332.875,G#4 E-4 D3 C4,0,m
333.0,E-4 G#4 F4 D3 C4,0,m
333.125,G#4 F4 D3 E-4 C4,0,m
333.25,G#4 F4 D3 E-4 C4,0,m
333.375,E-4 G#4 F4 D3 C4,0,m
333.5,E-4 G#4 D3 C4,0,m
333.625,E-4 G#4 D3 C4,0,m
333.75,E-4 G#4 D3 C4,0,m
333.875,E-4 G#4 D3 C4,0,m
334.0,E-4 G#4 F4 D3 D4 C4,0,m
334.125,E-4 G#4 F4 D3 D4 C4,0,m
334.25,E-4 G#4 F4 D3 D4 C4,0,m
334.375,E-4 G#4 F4 D3 D4 C4,0,m
334.5,E-4 G#4 D3 C4,0,m
334.625,E-4 G#4 D3 C4,0,m
334.75,E-4 G#4 D3 C4,0,m
334.875,E-4 G#4 D3 C4,0,m
335.0,E-4 G#4 F4 D3 C4,0,m
335.125,E-4 G#4 F4 D3 C4,0,m
335.25,E-4 G#4 F4 D3 C4,0,m
335.375,E-4 G#4 F4 D3 C4,0,m
335.5,G5 E-4 G#4 D3 C4,0,m
335.625,G5 E-4 G#4 D3 C4,0,m
335.75,G5 E-4 G#4 D3 C4,0,m
335.875,G5 E-4 G#4 D3 C4,0,m
336.0,E-6 E-4 G#4 F4 C4 D3 B-3,0,m
336.125,E-6 E-4 G#4 F4 D3 B-3 C4,0,m
336.25,E-6 E-4 G#4 F4 D3 B-3 C4,0,m
336.375,E-6 E-4 G#4 F4 C4 D3 B-3,0,m
336.5,E-6 E-4 G#4 D3 C4,0,m
336.625,E-6 E-4 G#4 D3 C4,0,m
336.75,E-6 E-4 G#4 D3 C4,0,m
336.875,E-6 E-4 G#4 D3 C4,0,m
337.0,E-4 G#4 F4 D3 G#3 C4,0,m
337.125,E-4 G#4 F4 D3 G#3 C4,0,m
337.25,E-4 G#4 F4 D3 G#3 C4,0,m
337.375,E-4 G#4 F4 D3 G#3 C4,0,m
337.5,E-4 G#4 D3 C4,0,m
337.625,E-4 G#4 D3 C4,0,m
337.75,E-4 G#4 D3 C4,0,m
337.875,E-4 G#4 D3 C4,0,m
338.0,E-4 G#4 F4 D3 G3 C4,0,m
338.125,E-4 G#4 F4 D3 G3 C4,0,m
338.25,E-4 G#4 F4 D3 G3 C4,0,m
338.375,E-4 G#4 F4 D3 G3 C4,0,m
338.5,E-4 G#4 D3 C4,0,m
338.625,E-4 G#4 D3 C4,0,m
338.75,E-4 G#4 D3 C4,0,m
338.875,E-4 G#4 D3 C4,0,m
339.0,E-4 G#4 D3 F3 C4,0,m
339.125,E-4 G#4 D3 F3 C4,0,m
339.25,E-4 G#4 D3 F3 C4,0,m
339.375,E-4 G#4 D3 F3 C4,0,m
339.5,E-5 E-4 G#4 D3 C4,0,m
339.625,E-5 E-4 G#4 D3 C4,0,m
339.75,E-5 E-4 G#4 D3 C4,0,m
339.875,E-5 E-4 G#4 D3 C4,0,m
340.0,F#4 C5 B-5 D3 E-3 D2 E-4,0,m
340.125,F#4 C5 B-5 D3 E-3 D2 E-4,7,m
340.25,F#4 C5 B-5 D3 E-3 D2 E-4,7,m
340.375,F#4 C5 B-5 D3 E-3 D2 E-4,7,m
340.5,F#4 C5 D3 E-4,7,m
340.625,F#4 C5 D3 E-4,7,m
340.75,F#4 C5 D3 E-4,7,m
340.875,F#4 C5 D3 E-4,7,m
341.0,F#4 C5 A5 D3 F#2 E-4,7,m
341.125,F#4 C5 A5 D3 F#2 E-4,7,m
341.25,F#4 C5 A5 D3 F#2 E-4,7,m
341.375,F#4 C5 A5 D3 F#2 E-4,7,m
341.5,F#4 C5 D3 E-4,7,m
341.625,F#4 C5 D3 E-4,7,m
341.75,F#4 C5 D3 E-4,7,m
341.875,F#4 C5 D3 E-4,7,m
342.0,F#4 C5 F#5 D3 A2 E-4,7,m
342.125,F#4 C5 F#5 D3 A2 E-4,7,m
342.25,F#4 C5 F#5 D3 A2 E-4,7,m
342.375,F#4 C5 F#5 D3 A2 E-4,7,m
342.5,F#4 C5 D3 E-4,7,m
342.625,F#4 C5 D3 E-4,7,m
342.75,F#4 C5 D3 E-4,7,m
342.875,F#4 C5 D3 E-4,7,m
343.0,F#4 C5 F5 D3 E-3 E-4,7,m
343.125,F#4 C5 F5 D3 E-3 E-4,7,m
343.25,F#4 C5 F5 D3 E-3 E-4,7,m
343.375,F#4 C5 F5 D3 E-3 E-4,7,m
343.5,C4 F#4 C5 D3 E-4,7,m
343.625,C4 F#4 C5 D3 E-4,7,m
343.75,C4 F#4 C5 D3 E-4,7,m
343.875,C4 F#4 C5 D3 E-4,7,m
344.0,A4 F#4 C5 E-5 D3 F#3 E-4,7,m
344.125,A4 F#4 C5 E-5 D3 F#3 E-4,7,m
344.25,A4 F#4 C5 E-5 D3 F#3 E-4,7,m
344.375,A4 F#4 C5 E-5 D3 F#3 E-4,7,m
344.5,A4 F#4 C5 D3 E-4,7,m
344.625,A4 F#4 C5 D3 E-4,7,m
344.75,A4 F#4 C5 D3 E-4,7,m
344.875,A4 F#4 C5 D3 E-4,7,m
345.0,F#4 C5 C#5 D3 E-4,7,m
345.125,F#4 C5 C#5 D3 E-4,7,m
345.25,F#4 C5 C#5 D3 E-4,7,m
345.375,F#4 C5 C#5 D3 E-4,7,m
345.5,F#4 C5 D3 E-4,7,m
345.625,F#4 C5 D3 E-4,7,m
345.75,F#4 C5 D3 E-4,7,m
345.875,F#4 C5 D3 E-4,7,m
346.0,F#4 C5 D3 E-4,7,m
346.125,F#4 C5 D3 E-4,7,m
346.25,F#4 C5 D3 E-4,7,m
346.375,F#4 C5 D3 E-4,7,m
346.5,F#4 C5 D3 E-4,7,m
346.625,F#4 C5 D3 E-4,7,m
346.75,F#4 C5 D3 E-4,7,m
346.875,F#4 C5 D3 E-4,7,m
347.0,F#4 C5 B-4 D3 E-4,7,m
347.125,F#4 C5 B-4 D3 E-4,7,m
347.25,F#4 C5 B-4 D3 E-4,7,m
347.375,F#4 C5 B-4 D3 E-4,7,m
347.5,B-5 F#4 C5 D3 E-4,7,m
347.625,B-5 F#4 C5 D3 E-4,7,m
347.75,B-5 F#4 C5 D3 E-4,7,m
347.875,B-5 F#4 C5 D3 E-4,7,m
348.0,C#5 D3 A4 D2 E4 G4,7,m
348.125,C#5 D3 A4 D2 E4 G4,7,m
348.25,C#5 D3 A4 D2 E4 G4,7,m
348.375,C#5 D3 A4 D2 E4 G4,7,m
348.5,C#5 D3 E4 G4,7,m
348.625,C#5 D3 E4 G4,7,m
348.75,C#5 D3 E4 G4,7,m
348.875,C#5 D3 E4 G4,7,m
349.0,C#5 A4 D3 G4 E4,7,m
349.125,C#5 A4 D3 E4 G4,2,m
349.25,C#5 A4 D3 E4 G4,2,m
349.375,C#5 A4 D3 G4 E4,2,m
349.5,C#5 D3 E4 G4,2,m
349.625,C#5 D3 E4 G4,2,m
349.75,C#5 D3 E4 G4,2,m
349.875,C#5 D3 E4 G4,2,m
350.0,C#5 A4 D3 F4 E4 G4,2,m
350.125,C#5 A4 D3 F4 E4 G4,2,m
350.25,C#5 A4 D3 F4 E4 G4,2,m
350.375,C#5 A4 D3 F4 E4 G4,2,m
350.5,C#5 D3 E4 G4,2,m
350.625,C#5 D3 E4 G4,2,m
350.75,C#5 D3 E4 G4,2,m
350.875,C#5 D3 E4 G4,2,m
351.0,C#5 A4 D3 E4 G4,2,m
351.125,C#5 A4 D3 E4 G4,2,m
351.25,C#5 A4 D3 E4 G4,2,m
351.375,C#5 A4 D3 E4 G4,2,m
351.5,B-5 C#5 D3 E4 G4,2,m
351.625,B-5 C#5 D3 E4 G4,2,m
351.75,B-5 C#5 D3 E4 G4,2,m
351.875,B-5 C#5 D3 E4 G4,2,m
352.0,G6 C#5 A4 D3 D4 E4 G4,2,m
352.125,G6 C#5 A4 D3 D4 E4 G4,2,m
352.25,G6 C#5 A4 D3 D4 E4 G4,2,m
352.375,G6 C#5 A4 D3 D4 E4 G4,2,m
352.5,G6 C#5 D3 E4 G4,2,m
352.625,G6 C#5 D3 E4 G4,2,m
352.75,G6 C#5 D3 E4 G4,2,m
352.875,G6 C#5 D3 E4 G4,2,m
353.0,C#5 A4 D3 C#4 E4 G4,2,m
353.125,C#5 A4 D3 C#4 E4 G4,2,m
353.25,C#5 A4 D3 C#4 E4 G4,2,m
353.375,C#5 A4 D3 C#4 E4 G4,2,m
353.5,C#5 D3 E4 G4,2,m
353.625,C#5 D3 E4 G4,2,m
353.75,C#5 D3 E4 G4,2,m
353.875,C#5 D3 E4 G4,2,m
354.0,C#5 G4 D3 B-3 E4,2,m
354.125,C#5 D3 B-3 E4 G4,2,m
354.25,C#5 D3 B-3 E4 G4,2,m
354.375,C#5 G4 D3 B-3 E4,2,m
354.5,C#5 D3 E4 G4,2,m
354.625,C#5 D3 E4 G4,2,m
354.75,C#5 D3 E4 G4,2,m
354.875,C#5 D3 E4 G4,2,m
355.0,F4 D3 A3,2,m
355.125,F4 D3 A3,2,m
355.25,F4 D3 A3,2,m
355.375,F4 D3 A3,2,m
355.5,D5 D3,2,m
355.625,D5 D3,2,m
355.75,D5 D3,2,m
355.875,D5 D3,2,m
356.0,D4 E4 B-3 D3 G#3 D2,2,m
356.125,D4 E4 B-3 D3 G#3 D2,2,m
356.25,D4 E4 B-3 D3 G#3 D2,2,m
356.375,D4 E4 B-3 D3 G#3 D2,2,m
356.5,D4 D3,2,m
356.625,D4 D3,2,m
356.75,D4 D3,2,m
356.875,D4 D3,2,m
357.0,E4 B-3 D3 G3,2,m
357.125,E4 B-3 D3 G3,2,m
357.25,E4 B-3 D3 G3,2,m
357.375,E4 B-3 D3 G3,2,m
357.5,D3,2,m
357.625,D3,2,m
357.75,D3,2,m
357.875,D3,2,m
358.0,D4 B-3 D3 F#3,2,m
358.125,D4 B-3 D3 F#3,2,m
358.25,D4 B-3 D3 F#3,2,m
358.375,D4 B-3 D3 F#3,2,m
358.5,D3,2,m
358.625,D3,2,m
358.75,D3,2,m
358.875,D3,2,m
359.0,D4 B-3 D3 F3,2,m
359.125,D4 B-3 D3 F3,2,m
359.25,D4 B-3 D3 F3,2,m
359.375,D4 B-3 D3 F3,2,m
359.5,D5 D3,2,m
359.625,D5 D3,2,m
359.75,D5 D3,2,m
359.875,D5 D3,2,m
360.0,D4 C#4 B-3 D3 E3 D2,2,m
360.125,D4 C#4 B-3 D3 E3 D2,7,m
360.25,D4 C#4 B-3 D3 E3 D2,7,m
360.375,D4 C#4 B-3 D3 E3 D2,7,m
360.5,D4 D3,7,m
360.625,D4 D3,7,m
360.75,D4 D3,7,m
360.875,D4 D3,7,m
361.0,C#4 A3 D3 E-3,7,m
361.125,C#4 A3 D3 E-3,7,m
361.25,C#4 A3 D3 E-3,7,m
361.375,C#4 A3 D3 E-3,7,m
361.5,D3,7,m
361.625,D3,7,m
361.75,D3,7,m
361.875,D3,7,m
362.0,C4 A3 D3,7,m
362.125,C4 A3 D3,7,m
362.25,C4 A3 D3,7,m
362.375,C4 A3 D3,7,m
362.5,D3,7,m
362.625,D3,7,m
362.75,D3,7,m
362.875,D3,7,m
363.0,B-3 G3 D3 C#3,7,m
363.125,B-3 G3 D3 C#3,7,m
363.25,B-3 G3 D3 C#3,7,m
363.375,B-3 G3 D3 C#3,7,m
363.5,D3 D5,7,m
363.625,D3 D5,7,m
363.75,D3 D5,7,m
363.875,D3 D5,7,m
364.0,A3 D3 C3 D2 D4,7,m
364.125,A3 D3 C3 D2 D4,7,m
364.25,A3 D3 C3 D2 D4,7,m
364.375,A3 D3 C3 D2 D4,7,m
364.5,D3 D4,7,m
364.625,D3 D4,7,m
364.75,D3 D4,7,m
364.875,D3 D4,7,m
365.0,A3 D3 B2,7,m
365.125,A3 D3 B2,7,m
365.25,A3 D3 B2,7,m
365.375,A3 D3 B2,7,m
365.5,D5 D3,7,m
365.625,D5 D3,7,m
365.75,D5 D3,7,m
365.875,D5 D3,7,m
366.0,D4 G3 D3 B-2,7,m
366.125,D4 G3 D3 B-2,7,m
366.25,D4 G3 D3 B-2,7,m
366.375,D4 G3 D3 B-2,7,m
366.5,D4 D3,7,m
366.625,D4 D3,7,m
366.75,D4 D3,7,m
366.875,D4 D3,7,m
367.0,A3 D3 A2,7,m
367.125,A3 D3 A2,7,m
367.25,A3 D3 A2,7,m
367.375,A3 D3 A2,7,m
367.5,D3 D5,7,m
367.625,D3 D5,7,m
367.75,D3 D5,7,m
367.875,D3 D5,7,m
368.0,C4 D3 G#2 D4,7,m
368.125,C4 D3 G#2 D4,7,m
368.25,C4 D3 G#2 D4,7,m
368.375,C4 D3 G#2 D4,7,m
368.5,D3 D4,7,m
368.625,D3 D4,7,m
368.75,D3 D4,7,m
368.875,D3 D4,7,m
369.0,C4 D3 G2,7,m
369.125,C4 D3 G2,7,m
369.25,C4 D3 G2,7,m
369.375,C4 D3 G2,7,m
369.5,D5 D3,7,m
369.625,D5 D3,7,m
369.75,D5 D3,7,m
369.875,D5 D3,7,m
370.0,D4 C4 D3 F#2,7,m
370.125,D4 C4 D3 F#2,7,m
370.25,D4 C4 D3 F#2,7,m
370.375,D4 C4 D3 F#2,7,m
370.5,D4 D3,7,m
370.625,D4 D3,7,m
370.75,D4 D3,7,m
370.875,D4 D3,7,m
371.0,B3 D3 F2,7,m
371.125,B3 D3 F2,7,m
371.25,B3 D3 F2,7,m
371.375,B3 D3 F2,7,m
371.5,G#4 D3,7,m
371.625,G#4 D3,7,m
371.75,G#4 D3,7,m
371.875,G#4 D3,7,m
372.0,B-3 G#3 D3 E2,7,m
372.125,B-3 G#3 D3 E2,7,m
372.25,B-3 G#3 D3 E2,7,m
372.375,B-3 G#3 D3 E2,7,m
372.5,B-3 D3,7,m
372.625,B-3 D3,7,m
372.75,B-3 D3,7,m
372.875,B-3 D3,7,m
373.0,B-3 G#3 D3 F2,7,m
373.125,B-3 G#3 D3 F2,7,m
373.25,B-3 G#3 D3 F2,7,m
373.375,B-3 G#3 D3 F2,7,m
373.5,G#3 D3,7,m
373.625,G#3 D3,7,m
373.75,G#3 D3,7,m
373.875,G#3 D3,7,m
374.0,B-2 B-3 G#3 D3 E2,7,m
374.125,B-2 B-3 G#3 D3 E2,7,m
374.25,B-2 B-3 G#3 D3 E2,7,m
374.375,B-2 B-3 G#3 D3 E2,7,m
374.5,B-2 D3,7,m
374.625,B-2 D3,7,m
374.75,B-2 D3,7,m
374.875,B-2 D3,7,m
375.0,B-3 G#3 D3 F2,7,m
375.125,B-3 G#3 D3 F2,?,?
375.25,B-3 G#3 D3 F2,?,?
375.375,B-3 G#3 D3 F2,?,?
375.5,G#4 D3,?,?
375.625,G#4 D3,?,?
375.75,G#4 D3,?,?
375.875,G#4 D3,?,?
376.0,B-3 G#3 D3 E2,?,?
376.125,B-3 G#3 D3 E2,?,?
376.25,B-3 G#3 D3 E2,?,?
376.375,B-3 G#3 D3 E2,?,?
376.5,B-3 D3,?,?
376.625,B-3 D3,?,?
376.75,B-3 D3,?,?
376.875,B-3 D3,?,?
377.0,B-3 G#3 D3 F2,?,?
377.125,B-3 G#3 D3 F2,?,?
377.25,B-3 G#3 D3 F2,?,?
377.375,B-3 G#3 D3 F2,?,?
377.5,G#3 D3,?,?
377.625,G#3 D3,?,?
377.75,G#3 D3,?,?
377.875,G#3 D3,?,?
378.0,B-2 B-3 G#3 D3 E2,?,?
378.125,B-2 B-3 G#3 D3 E2,?,?
378.25,B-2 B-3 G#3 D3 E2,?,?
378.375,B-2 B-3 G#3 D3 E2,?,?
378.5,B-2 D3,?,?
378.625,B-2 D3,?,?
378.75,B-2 D3,?,?
378.875,B-2 D3,?,?
379.0,B-3 G#3 D3 F2,?,?
379.125,B-3 G#3 D3 F2,?,?
379.25,B-3 G#3 D3 F2,?,?
379.375,B-3 G#3 D3 F2,?,?
379.5,G#4 D3,?,?
379.625,G#4 D3,?,?
379.75,G#4 D3,?,?
379.875,G#4 D3,?,?
380.0,B-3 G#3 D3 E2,?,?
380.125,B-3 G#3 D3 E2,2,m
380.25,B-3 G#3 D3 E2,2,m
380.375,B-3 G#3 D3 E2,2,m
380.5,B-3 D3,2,m
380.625,B-3 D3,2,m
380.75,B-3 D3,2,m
380.875,B-3 D3,2,m
381.0,B-3 G#3 D3 F2,2,m
381.125,B-3 G#3 D3 F2,2,m
381.25,B-3 G#3 D3 F2,2,m
381.375,B-3 G#3 D3 F2,2,m
381.5,D3,2,m
381.625,D3,2,m
381.75,D3,2,m
381.875,D3,2,m
382.0,B-3 G#3 D3 E2,2,m
382.125,B-3 G#3 D3 E2,2,m
382.25,B-3 G#3 D3 E2,2,m
382.375,B-3 G#3 D3 E2,2,m
382.5,D3,2,m
382.625,D3,2,m
382.75,D3,2,m
382.875,D3,2,m
383.0,D3,2,m
383.125,D3,2,m
383.25,D3,2,m
383.375,D3,2,m
383.5,D3,2,m
383.625,D3,2,m
383.75,D3,2,m
383.875,D3,2,m
384.0,D3,2,m
384.125,D3,9,M
384.25,D3,9,M
384.375,D3,9,M
384.5,D3,9,M
384.625,D3,9,M
384.75,D3,9,M
384.875,D3,9,M
385.0,D3,9,M
385.125,D3,9,M
385.25,D3,9,M
385.375,D3,9,M
385.5,D3,9,M
385.625,D3,9,M
385.75,D3,9,M
385.875,D3,9,M
386.0,D3,9,M
386.125,D3,9,M
386.25,D3,9,M
386.375,D3,9,M
386.5,D3,9,M
386.625,D3,9,M
386.75,D3,9,M
386.875,D3,9,M
387.0,D3,9,M
387.125,D3,9,M
387.25,D3,9,M
387.375,D3,9,M
387.5,D3,9,M
387.625,D3,9,M
387.75,D3,9,M
387.875,D3,9,M
388.0,E4 D3 C#5 A3 A2 A1,9,M
388.5,E4 D3 C#4 A3,9,M
389.0,E4 G#3,9,M
389.5,B4 G#3,9,M
390.0,A4 F#3,9,M
390.5,G#4 F#3,9,M
391.0,F#4 G#3 C#3 C2,9,M
391.5,F4 C#4 G#3,9,M
392.0,E4 C#5 A3 A2 A1,9,M
392.5,E4 C#5 C#4 A3,9,M
393.0,C#5 E4 G#3,9,M
393.5,C#5 B4 G#3,4,M
394.0,C#5 A4 F#3,4,M
394.5,C#5 G#4 F#3,4,M
395.0,C#5 F#4 G#3 C#3 C2,4,M
395.5,F4 C#4 G#3,4,M
396.0,C#5 C#4 E3 A2 A1,4,M
396.5,C#5 D4,4,M
397.0,C#5 E-4 C#4 A3,4,M
397.5,C#5 E4 C#4 G#3,4,M
398.0,D5 F4 A3 B3 G3,4,M
398.5,D5 B4 F4 B3 G3,4,M
399.0,E-5 F#4 A3 B3 F#3,4,M
399.5,E-5 B4 F#4 B3 F#3,4,M
400.0,E5 G#4 B3 E3,4,M
400.5,E5 A4 E3 B3 G#4,4,M
401.0,E5 B-4 G#3 B3 E3 G#4,4,M
401.5,E5 B4 G#3 B3 E3 G#4,4,M
402.0,E-5 F#4 B3 B2,4,M
402.5,E-5 F4 B3 B2 F#4,4,M
403.0,E-5 F#4 B2 B3,4,M
403.5,E-5 B4 B3 B2 F#4,9,m
404.0,A3 E4 E5 C4 A2 A1,9,m
404.5,A3 E4 E5 C4,9,m
405.0,E5 A4 D4,9,m
405.5,E5 C5 D4,9,m
406.0,E5 B4 C4,9,m
406.5,E5 A4 C4,9,m
407.0,E5 A4 B3 E3 E2,9,m
407.5,G#4 E4 B3,9,m
408.0,A3 E4 E5 C4 A2 A1,9,m
408.5,A3 E4 E5 C4,9,m
409.0,E5 A4 D4,9,m
409.5,E5 C5 D4,9,m
410.0,E5 B4 C4,9,m
410.5,E5 A4 C4,9,m
411.0,E5 A4 B3 E3 E2,9,m
411.5,G#4 E4 B3 E3,9,m
412.0,E5 A4 E4 C4 A1,9,m
412.5,E5 E4 C4,9,m
413.0,E5 A4 D4 B3,9,m
413.5,E5 B4 D4 B3,9,m
414.0,D5 F5 G#4 D4 B-3 F4,9,m
414.5,D5 F5 G#4 D4 B-3 F4,9,m
415.0,D5 F#5 A4 D4 A3 F4,9,m
415.5,D5 F#5 A4 D4 A3 F4,9,m
416.0,D5 G5 B4 G3 D4,9,m
416.5,D5 G5 C5 G3 D4 B4,9,m
417.0,D5 G5 C#5 B3 G3 D4 B4,9,m
417.5,D5 G5 B3 G3 D4 B4,11,m
418.0,F#5 A4 F#4 D3 D4,11,m
418.5,F#5 G#4 F#4 D3 D4 A4,11,m
419.0,F#5 A4 D3 F#4 D4,11,m
419.5,F#5 A3 F#4 D3 D4 A4,11,m
420.0,F#5 B-3 C#3 F#1 F#2,11,m
421.0,C#3 G#4 B-3 F#2 F#1,11,m
422.0,B-4 F#4 C#3 F#2 F#1,11,m
422.5,B4 F#4 C#3 F#2 F#1,11,m
423.0,C5 F#4 B-3 F#2 F#1,11,m
423.5,C#5 F#4 B-3 F#2 F#1,11,m
424.0,F3 F4 D5 F2 F1 A3 D4,11,m
424.5,E5 E4 F3 F4 D5 F2 F1 A3 D4,6,m
425.0,F5 F4 F3 A3 F2 F1 D4,6,m
425.5,F6 F5 F3 F4 D4 A3 F2 F1,6,m
426.0,E6 E5 G#4 D4 A3 F2 F1,6,m
426.5,D6 D5 A4 D4 A3 F2 F1,6,m
427.0,C#6 C#5 B4 A3 E-4 F2 F1,6,m
427.5,C6 C5 A3 E-4 F2 F1,6,m
428.0,B-5 B-4 F#5 B-3 C#3 F#1 F#2,6,m
428.5,F#5 B-3 C#3 F#1 F#2,6,m
429.0,C#3 G#4 B-3 F#2 F#1,6,m
430.0,B-4 F#4 C#3 F#2 F#1,6,m
430.5,B4 F#4 C#3 F#2 F#1,6,m
431.0,C5 F#4 B-3 F#2 F#1,6,m
431.5,C#5 F#4 B-3 F#2 F#1,6,m
432.0,F3 F4 D5 F2 F1 A3 D4,6,m
432.5,E5 E4 F3 F4 D5 F2 F1 A3 D4,1,M
433.0,F5 F4 F3 D4 F2 F1 A3,1,M
433.5,F6 F5 F3 F4 A4 D4 A3 F2 F1,1,M
434.0,E6 E5 C#5 D4 A3 F2 F1,1,M
434.5,D6 D5 D4 F4 F2 F1,1,M
435.0,C#6 C#5 G5 A4 E4 F2 F1,1,M
435.5,D6 D5 F5 A4 D4 F2 F1,1,M
436.0,F#5 B-4 C4 G#2 G#1,1,M
436.5,F#5 G#4 C4 G#2 G#1,1,M
437.0,B-4 F#4 E-3 G#2 G#1,1,M
437.5,B-4 F4 F3 G#2 G#1,1,M
438.0,C5 E-4 F#3 G#2 G#1 G#4,1,M
438.5,C#5 C#4 F3 G#2 G#1 G#4,1,M
439.0,D5 C4 F#3 G#2 G#1 G#3,1,M
439.5,G#5 C4 F#3 G#2 G#1 G#3,1,M
440.0,F#5 B-4 C4 G#2 G#1 E-3,1,M
440.5,F#5 G#4 C4 G#2 G#1 B3,1,M
441.0,B-4 F#4 E-3 G#2 G#1 C4,1,M
441.5,B-4 F4 F3 G#2 G#1 E-4,1,M
442.0,C5 E-4 F#3 G#2 G#1 G#4,1,M
442.5,C#5 C#4 B-3 G#2 G#1 G#4,1,M
443.0,E-5 C4 A3 F#3 F#2,1,M
443.5,G#5 C4 G#3 F#3 F#2,1,M
444.0,G4 A5 B4 C#4 G3 G2 A2 A3,1,M
444.5,G4 A5 A4 C#4 G3 G2 A2 A3,1,M
445.0,G4 B4 A3 G3 G2 A2,1,M
445.5,G4 B4 F#4 A3 G3 G2 A2,2,M
446.0,G4 C#5 E4 A3 G3 G2 A4 A2,2,M
446.5,G4 D5 E4 B3 G3 G2 A4 A2 A3,2,M
447.0,F#4 E-5 E-4 C#4 F#3 F#2 A3 A2,2,M
447.5,F#4 B5 E-4 C#4 F#3 F#2 A3 A2,2,M
448.0,G4 A5 B4 C#4 G3 G2 E3 A2 A3,2,M
448.5,G4 A5 A4 C#4 G3 G2 A3 A2,2,M
449.0,G4 B4 A3 G3 G2 C#4 A2,2,M
449.5,G4 B4 F#4 A3 G3 G2 E4 A2,2,M
450.0,G4 C#5 E4 A3 G3 G2 A4 A2,2,M
450.5,G4 D5 E4 B3 G3 G2 A4 A2 A3,2,M
451.0,F#4 E-5 E-4 C#4 F#3 F#2 A2 A3,2,M
451.5,F#4 B5 E-4 C#4 F#3 F#2 A2 A3,2,M
452.0,F4 C6 E-5 A3 F3 F2 A2,2,M
452.5,F4 C6 C5 A3 F3 F2 A2,?,?
453.0,F4 C5 B4 E-4 F3 F2 A2 A3,?,?
453.5,F4 C5 A4 E-4 F3 F2 A2 A3,9,m
454.0,F4 E-5 E-4 C4 F3 F2 C5 A2 A3,9,m
454.5,F4 G#5 B4 D4 F3 F2 C5 A2 A3,9,m
455.0,F4 A5 C5 E-4 F3 F2 C4 A2 A3,9,m
455.5,F4 B5 D5 G#3 F3 F2 C4 A2 A3,4,M
456.0,F4 C6 E-5 A3 F3 F2 A2,4,M
456.5,F4 C6 C5 A3 F3 F2 G4 A2,4,M
457.0,F4 C5 E-4 F3 F2 A4 A2 A3,4,M
457.5,F3 F4 C5 G#4 E-4 F2 A2 A3,4,M
458.0,F3 F4 E-5 A4 C4 F2 F5 A2 A3,4,M
458.5,F4 G#5 B4 D4 F3 F2 F5 A2 A3,4,M
459.0,F4 A5 C5 E-4 F3 F2 A2 A3,4,M
459.5,F4 B5 A4 E-4 F3 F2 A2 A3,4,M
460.0,B3 G#4 E3 B4 E2,4,M
460.5,B3 B-4 G#4 E3 B4 E2,4,M
461.0,B3 B4 G#4 E-3 E-2,4,M
461.5,B3 F#4 F#5 G#4 E-3 B4 E-2,4,M
462.0,B3 E4 E5 G#4 C#3 B4 C#2,4,M
462.5,G#5 B3 E-4 E-5 E4 C#3 B4 C#2,4,M
463.0,B5 B3 C#4 C#5 F#4 E-3 B4 E-2,4,M
463.5,F#6 A4 C4 C5 F#4 E-3 A5 E-2,4,M
464.0,E6 B3 G#4 E3 B4 E2,4,M
464.5,B3 B-4 G#4 E3 B4 E2,4,M
465.0,B3 B4 G#4 E-3 E-2,4,M
465.5,B3 F#4 F#5 G#4 E-3 B4 E-2,4,M
466.0,B3 E4 E5 G#4 C#3 B4 C#2,4,M
466.5,G#5 B3 E-4 E-5 E4 C#3 B4 C#2,4,M
467.0,B5 B3 C#4 C#5 F#4 E-3 B4 E-2,4,M
467.5,F#6 A4 C4 C5 F#4 E-3 A5 E-2,4,M
468.0,E6 B3 G#4 E3 B4 E2,4,M
468.5,E-6 B3 B-4 G#4 E3 B4 E2,4,M
469.0,C#6 B3 B4 E-4 F#3 F#2,4,M
469.5,B5 B3 A5 E-4 F#3 B4 F#2,4,M
470.0,B5 E4 G#5 B3 E3 E2 G#4,4,M
470.5,E4 E3 G#5 E2 B-3 G#4,4,M
471.0,D4 G#3 D3 F#5 D2 F#4 B3,4,M
471.5,D4 G#3 D3 F#5 D2 C4 F#4,6,m
472.0,G#4 G#3 C#3 F#5 C#2 F#4 C#4,6,m
473.0,G#4 G#3 C#3 F#5 C#2 F#4 C#4,6,m
474.0,G#4 G#3 C#3 F5 C#2 F4 C#4,6,m
474.5,C3 D4 B3 B2,6,m
475.0,C3 C4 A3 A2,6,m
475.5,C3 C#4 G#3 G#2,6,m
476.0,C#4 C3 A4 F#3 C#5 F#2,6,m
476.5,C#4 C5 A4 F#3 C#5 F#2,6,m
477.0,C#4 C#5 A4 E3 E2,6,m
477.5,C#4 A4 A5 E3 C#5 E2,6,m
478.0,C#4 G#4 G#5 A4 D3 C#5 D2,6,m
478.5,B5 C#4 F#4 F#5 B4 D3 C#5 D2,6,m
479.0,C6 A4 F#4 F#5 C5 C#3 A5 C#2,6,m
479.5,C#6 B4 F4 F5 C#5 C#3 B5 C#2,6,m
480.0,C#6 C#4 A4 F#3 C#5 F#2,6,m
480.5,C#4 C5 A4 F#3 C#5 F#2,6,m
481.0,C#4 C#5 A4 E3 E2,6,m
481.5,C#4 A4 A5 E3 C#5 E2,6,m
482.0,C#4 G#4 G#5 A4 D3 C#5 D2,6,m
482.5,B5 C#4 F#4 F#5 B4 D3 C#5 D2,6,m
483.0,C6 A4 F#4 F#5 C5 C#3 A5 C#2,6,m
483.5,C#6 B4 F4 F5 C#5 C#3 B5 C#2,6,m
484.0,C#6 C#4 G#5 A4 F#3 C#5 F#2,6,m
484.5,C#4 F#5 A4 F#3 C#5 F#2,6,m
485.0,C#4 D5 A4 F#3 C#5 F#2,6,m
485.5,C#4 C5 G#4 F3 C#5 F2,6,m
485.75,C#4 B4 G#4 F3 C#5 F2,6,m
486.0,F#4 C#4 F#3 A5 F#2 A4,6,m
486.5,F#4 E-4 F#3 A5 F#2 C4 A4,6,m
487.0,E4 G#3 E3 G#5 E2 G#4 C#4,6,m
487.5,E4 G#3 E3 G#5 E2 D4 G#4,6,m
488.0,B-4 B-3 E-3 G#5 E-2 G#4 E-4,6,m
489.0,B-4 B-3 E-3 G#5 E-2 G#4 E-4,?,?
490.0,B-4 B-3 E-3 G5 E-2 G4 E-4,0,M
490.5,B-4 G#4 E-3 E-2 G4 E-4,0,M
491.0,D4 B4 G#4 D2 G4 F4 D3 G3,0,M
491.5,D4 G5 B4 D2 G4 F4 D3 G3,0,M
492.0,G4 C4 E6 E5 G5 C2 E4 C3,0,M
493.0,G4 C4 E6 E5 G5 C2 C3 G3 E4,0,M
493.5,A3 G4 C4 F6 F5 A4 C2 C3 D4 G3,0,M
494.0,B3 G4 C4 E6 E5 B4 C2 C3 E4 G3,0,M
494.5,C4 G4 E6 E5 C5 C2 C3 E4 G3,0,M
495.0,E4 G4 C4 G5 E5 C2 C3 F3,0,M
495.5,D4 C4 G5 G4 D5 C2 C3 E3,0,M
495.75,C4 G4 G5 C5 C2 C3 E3,0,M
496.0,C5 A4 G4 C4 D6 D5 A5 C2 C3 F3,0,M
497.0,C5 G#4 G4 C4 D6 D5 G#5 C2 C3 F4,0,M
497.5,G#5 G#4 G4 C4 E6 E5 C2 C3 F4,0,M
498.0,G#4 G4 C4 F6 F5 G#5 C2 C3 D4,0,M
498.5,F5 D4 G4 C4 F6 D5 C2 C3 G3,0,M
499.0,B4 E4 G4 C4 F6 F5 E5 C2 C3 G3,0,M
499.5,B4 F4 G4 C4 E6 E5 F5 C2 C3 G3,0,M
499.75,B4 F4 G4 C4 D6 D5 F5 C2 C3 G3,0,M
500.0,G4 C4 E6 E5 G5 C2 C3 E4,0,M
501.0,G4 E6 E5 G5 C2 C3 G3 E4,0,M
501.5,A3 G4 F6 F5 A4 C2 G3 C3 D4,0,M
502.0,B3 G4 E6 E5 B4 C2 G3 C3 E4,0,M
502.5,C4 A6 A5 C5 C2 C3 E3,4,m
503.0,E4 A6 A5 E5 C2 C3 F#3,4,m
503.25,E4 G6 G5 E5 C2 C3 F#3,4,m
503.5,A4 F#6 F#5 A5 C2 C3 E3,4,m
503.75,A4 E6 E5 A5 C2 C3 F#3,4,m
504.0,B5 B3 F#4 E6 E5 C#4 F#5 B1 B2,4,m
504.5,B5 B3 F#4 E6 E5 E-4 F#5 B1 B2 C#4,4,m
504.75,B-5 B3 F#4 E6 E5 F#5 B1 B2 C#4,4,m
505.0,B5 B3 F#4 E-6 E-5 F#5 B1 B2 E-4,4,m
505.5,G5,4,m
505.75,A5,4,m
506.0,B5,4,m
506.5,A5,4,m
507.0,G5,4,m
507.5,F#5,4,m
508.0,A5 E-5 B4 F#5 E2 E3,4,m
508.5,A5 E-5 E4 F#5 E2 E3,4,m
509.0,G5 E5 B3 E2 E3,4,m
509.5,C6 E5 G3 G5 E2 E3,4,m
510.0,E5 B3 G5 G1 G2,4,m
510.5,F5 A4 B3 A5 G1 G2,4,m
511.0,A5 F4 C5 G1 G2,4,m
511.5,B4 G4 D5 G1 G2,4,m
512.0,F5 B4 G4 D5 C2 C3,4,m
512.5,F5 B4 A3 D5 C2 C3,0,M
513.0,E5 C5 G3 C2 C3,0,M
513.25,F5 C5 G3 E5 C2 C3,0,M
513.5,D5 G4 E3 E5 C2 C3,0,M
513.75,E5 G4 E3 C2 C3,0,M
514.0,C5 G#4 C4 E5 E1 E2,0,M
514.5,F4 D5 A4 B3 F5 E1 E2,0,M
515.0,A3 F5 C4 A4 E1 E2,0,M
515.5,B3 G#4 E4 B4 E1 E2,0,M
516.0,D5 E4 B3 A1 A2,0,M
516.5,C5 E4 C4 A1 A2,0,M
517.0,D5 C4 E3 G#1 G#2,0,M
517.5,C5 D4 F3 G#1 G#2,0,M
518.0,C5 E-4 F#3 G1 G2,0,M
518.5,B4 E4 G3 G1 G2,9,m
519.0,B4 A3 C3 F#1 F#2,9,m
519.5,B-4 B-3 D3 F#1 F#2,9,m
520.0,E-3 A4 C4 F1 F2,9,m
520.5,E-3 C5 C4 A3 F1 F2,9,m
521.0,E-3 A4 C4 F1 F2,9,m
521.5,E-3 A3 C4 F4 F1 F2,1,m
522.0,E-3 C4 A5 F1 F2,1,m
522.5,D4 B5,1,m
523.0,E-4 C6,1,m
524.0,E4 C#5 A3 A2 A1,1,m
524.5,E4 C#5 C#4 A3,1,m
525.0,C#5 E4 G#3,1,m
525.5,C#5 B4 G#3,1,m
526.0,C#6 C#5 A4 F#3,1,m
526.5,C#6 C#5 G#4 F#3,1,m
527.0,C#6 C#5 F#4 G#3 C#3 C#2,1,m
527.5,C#6 F4 C#4 G#3,1,m
528.0,C#6 E4 C#5 A3 A2 A1,1,m
528.5,C#6 E4 C#5 C#4 A3,1,m
529.0,C#6 C#5 E4 G#3,1,m
529.5,C#5 B4 G#3,4,M
530.0,C#6 C#5 A4 F#3,4,M
530.5,C#6 C#5 G#4 F#3,4,M
531.0,C#6 C#5 F#4 G#3 C#3 C#2,4,M
531.5,C#6 F4 C#4 G#3,4,M
532.0,C#6 C#5 C#4 E3 A2 A1,4,M
532.5,C#5 D4,4,M
533.0,C#5 E-4 C#4 A3,4,M
533.5,C#5 E4 C#4 G#3,4,M
534.0,F4 B4 D5 B3 G3,4,M
534.5,F4 B4 D5 E-4 B3 G3,4,M
535.0,F#4 B4 E-5 B3 F#3,4,M
535.5,F#4 B4 E-5 B3 F#3,4,M
536.0,G#4 B4 E5 B3 E3,4,M
536.5,G#4 B4 E5 A4 E3 B3,4,M
537.0,G#4 B4 E5 B-4 G#3 B3 E3,4,M
537.5,G#4 B4 E5 G#3 B3 E3,4,M
538.0,F#4 B4 E-5 E-4 B3,4,M
538.5,E-5 F#4 B4 C#5 B3 E-4,4,M
539.0,F#4 B4 E-5 B-4 B2 E-4 B3,4,M
539.5,F#4 B4 E-5 B2 E-4 B3,9,m
540.0,A3 E4 E5 C4 A2 A1,9,m
540.5,A3 E4 E5 C4,9,m
541.0,E5 A4 D4,9,m
541.5,E5 C5 D4,9,m
542.0,E6 E5 B4 C4,9,m
542.5,E6 E5 A4 C4,9,m
543.0,E6 E5 A4 B3 E3 E2,9,m
543.5,E6 G#4 E4 B3,9,m
544.0,E6 A3 E4 E5 C4 A2 A1,9,m
544.5,E6 A3 E4 E5 C4,9,m
545.0,E6 E5 A4 D4,9,m
545.5,E5 C5 D4,9,m
546.0,E6 E5 B4 C4,9,m
546.5,E6 E5 A4 C4,9,m
547.0,E6 E5 A4 B3 E3 E2,9,m
547.5,E6 G#4 E4 B3 E3,9,m
548.0,E6 E5 A4 E4 C4 A1,9,m
548.5,E5 E4 C4,9,m
549.0,E5 A4 D4 B3,9,m
549.5,E5 B4 D4 B3,9,m
550.0,F4 G#4 F5 D4 B-3,9,m
550.5,F4 G#4 F5 D5 D4 B-3,9,m
551.0,F#4 D5 F#5 A4 D4 C4 A3,9,m
551.5,F#4 D5 F#5 A4 C4 A3,9,m
552.0,B-4 D5 G5 D4 G3,9,m
552.5,B-4 D5 G5 C5 G3 D4,9,m
553.0,B-4 D5 G5 C#5 B-3 D4 G3,9,m
553.5,B-4 D5 G5 B-3 D4 G3,7,m
554.0,A4 F#5 D4 F#4 D3,7,m
555.0,A4 F#5 G#4 D4 D3 F#4,9,M
555.5,A4 F#5 D4 F#4 D3,9,M
556.0,F#5 B-4 C#5,9,M
556.5,F#5 F#4 B-4 C#5,9,M
557.0,F#5 A4 B-4 C#5 E4 F#4,9,M
557.5,F#5 B-4 C#5 E4 F#4,9,M
558.0,G5 F4 D4 B4,9,M
558.5,G5 F4 D4 B4,9,M
559.0,G#5 C#5 B4 F4 C#4,9,M
559.5,G#5 C#5 B-4 B4 F4 C#4,9,M
559.75,C#5 G#5 B4 F4 C#4,9,M
560.0,A5 E5 C#5 E4 A3,9,M
560.5,A5 E5 D5 A3 C#5 E4,9,M
561.0,A5 E5 E-5 C#4 C#5 E4 A3,9,M
561.5,A5 E5 C#4 C#5 E4 A3,9,M
562.0,G#5 E5 G#4 E4 B4,9,M
562.5,G#5 E5 B4 E4 G#4,9,M
563.0,G#5 E5 C#5 E3 B4 G#4 E4,9,M
563.5,G#5 E5 D5 E3 B4 G#4 E4,9,M
564.0,G#5 C5 E-5,9,M
564.5,G#5 B-4 C5 E-5,0,M
565.0,G#5 E-5 G#4 C5,0,M
565.5,G#5 E-5 G#4 G4 C5,0,M
566.0,B-5 G#4 F4 B-4 D5,0,M
566.5,B-5 G#4 F4 B-4 D5,0,M
567.0,B5 E5 D5 G#4 E4 B4,0,M
567.5,B5 E5 C#5 D5 G#4 E4 B4,0,M
567.75,E5 B5 D5 G#4 E4 B4,0,M
568.0,C6 G5 E5 C4 G4,0,M
568.5,C6 G5 F5 C4 E5 G4,2,m
569.0,C6 G5 F#5 E4 E5 C4 G4,2,m
569.5,C6 G5 E4 E5 C4 G4,2,m
570.0,B5 G5 B4 G4 D5,2,m
570.5,B5 G5 G4 B4 D5,2,m
571.0,B5 G5 B4 G3 G4 D5,2,m
571.5,B5 G5 G4 G3 B4 D5,2,m
572.0,D6 A5 A3 F4 A4 D2 D5 F5 D3,2,m
572.5,D6 A5 A3 F4 G5 A4 D3 D2 D5 F5,2,m
573.0,D6 A3 F4 A5 F3 F2 D5 F5 D3,2,m
573.5,D6 A5 A3 F4 A4 D4 F3 F2 D5 F5 D3,2,m
574.0,C#6 A5 E3 C#4 E5 A3 C#5 A2,2,m
574.5,C#6 A5 A3 E3 C#4 E5 A2 C#5,2,m
575.0,C#6 A5 A3 E3 C#4 E5 G3 G2 C#5 A2,2,m
575.5,C#6 A5 A3 E3 C#4 E5 A4 G3 G2 C#5 A2,2,m
576.0,F6 C6 F4 C4 A4 C5 F3 F5 A5 F2,2,m
576.5,F6 C6 F4 C4 A4 B-5 C5 F3 F2 F5 A5,2,m
577.0,F6 F4 C4 A4 C6 A3 A2 F5 A5 F2,2,m
577.5,F6 C6 F4 C4 A4 C5 A3 A2 F5 A5 F2,2,m
578.0,E6 C6 E4 G4 G5 C4 E5 C3,2,m
578.5,E6 C6 C4 E4 G4 G5 C3 E5,5,M
579.0,E6 C6 C4 E4 G4 G5 C3 C2 E5,5,M
579.5,E6 C6 C4 E4 G4 G5 D5 C2 E5 C3,5,M
580.0,C6 E-3 E-4 G#6 G#5 C5 F#4 G#1 G#2,5,M
580.5,C6 E-3 E-4 G#6 G#5 C5 F#4 G#1 G#2,5,M
581.0,C6 E-3 E-4 G#6 G#5 C5 F#4 G#1 G#2,5,M
581.5,C6 E-3 E-4 G#6 G#5 C5 F#4 G#1 G#2,?,?
582.0,C6 E-3 E-4 G#6 G#5 C5 F#4 G#1 G#2,?,?
582.5,C6 E-3 E-4 G#6 G#5 C5 F#4 G#1 G#2,?,?
583.0,F#6 B-5 G#3 E-4 F#5 B-4 F#4 G#1 G#5 G#2,?,?
583.5,F#6 B-5 G#3 E-4 F#4 F#5 B-4 G#1 G#5 G#2,?,?
584.0,F6 B-3 E-4 F#4 F5 G#4 G#1 G#5 G#2,?,?
584.5,F6 B-3 E-4 F5 G#4 F#4 G#1 G#5 G#2,4,M
585.0,E-6 C4 E-4 E-5 G#4 F#4 G#1 G#5 G#2,4,M
585.5,E-6 C4 E-4 E-5 G#4 F#4 G#2 G#1 G#5,4,M
586.0,C#6 C#4 E-4 C#5 G#4 F#4 G#2 G#1 G#5,4,M
586.5,C#6 C#4 E-4 C#5 G#4 F#4 G#1 G#5 G#2,4,M
587.0,C6 E-4 C5 G#4 F#4 G#1 G#5 G#2,4,M
587.5,C6 G#4 E-4 C5 F#4 G#1 G#5 G#2,4,M
588.0,G#4 B3 E4 B5 G#3 G#2 B4 G#5,4,M
590.5,B-5 B-4 B3 E4 G#3 G#2,4,M
591.0,C#6 C#5 B3 E4 G#3 G#2,4,M
591.5,B5 B4 B3 E4 G#3 G#2,3,m
592.0,A5 A4 B3 E4 G#3 G#2,3,m
593.0,G#5 G#4 B3 E4 G#3 G#2,3,m
594.0,F#5 F#4 D4 B3 G#3 G#2,3,m
595.0,F5 F4 B3 D4 G#3 G#2,3,m
596.0,B-5 B-4 B-3 E-4 F#3 F#2,3,m
599.0,F#5 F#4 B-3 E-4 F#3 F#2,3,m
600.0,F5 F4 B-3 E-4 F#3 F#2,3,m
601.0,E-5 E-4 B-3 F#3 F#2,3,m
602.0,E-5 E-4 G#3 B-3 F3 F2,3,m
602.5,F5 F4 G#3 B-3 F3 F2,3,m
603.0,F#5 F#4 G#3 B-3 F3 F2,3,m
603.5,G#5 G#4 G#3 B-3 F3 F2,3,m
604.0,A5 A4 F#3 B3 E-3 E-2,3,m
605.5,C#5 C#4 F#3 B3 E-3 E-2,3,m
606.0,E-5 E-4 F#3 B3 E-3 E-2,3,m
606.5,E5 E4 F#3 B3 E-3 E-2,3,m
607.0,F#5 F#4 B3 F#3 D3 D2,3,m
607.5,G5 G4 F3 B3 D3 D2,1,M
608.0,G5 G4 B3 F3 C#3 C#2,1,M
609.0,G#5 G#4 B3 F3 C#3 C#2,1,M
610.0,B-5 B-4,1,M
610.5,B5 B4,1,M
611.0,C#6 C#5,1,M
611.5,D6 D5,1,M
612.0,G#4 E-6 E-5 F#4,1,M
612.125,G#4 E-6 E-5 C5 F#4,1,M
612.25,G#4 E-6 E-5 F#4,1,M
612.375,G#4 E-6 E-5 C5 F#4,1,M
612.5,G#4 E-6 E-5 F#4,1,M
612.625,G#4 E-6 E-5 C5 F#4,1,M
612.75,G#4 E-6 E-5 F#4,1,M
612.875,G#4 E-6 E-5 C5 F#4,1,M
613.0,G#4 E-6 E-5 F#4,1,M
613.125,G#4 E-6 E-5 C5 F#4,1,M
613.25,G#4 E-6 E-5 F#4,1,M
613.375,G#4 E-6 E-5 C5 F#4,1,M
613.5,G#4 E-6 E-5 F#4,1,M
613.625,G#4 E-6 E-5 C5 F#4,1,M
613.75,G#4 E-6 E-5 F#4,1,M
613.875,G#4 E-6 E-5 C5 F#4,1,M
614.0,E-5 E-6 G#4 F#4,1,M
614.125,E-5 E-6 C5 F#4,1,M
614.25,E-5 E-6 G#4 F#4,1,M
614.375,E-5 E-6 C5 F#4,1,M
614.5,E-5 E-6 G#4 F#4,1,M
614.625,E-5 E-6 C5 F#4,1,M
614.75,E-5 E-6 G#4 F#4,1,M
614.875,E-5 E-6 C5 F#4,1,M
615.0,G#5 E-6 E-5 G#4 F#4,1,M
615.125,G#5 E-6 E-5 C5 F#4,1,M
615.25,G#5 E-6 E-5 G#4 F#4,1,M
615.375,G#5 E-6 E-5 C5 F#4,1,M
615.5,E-5 E-6 G#4 F#4,1,M
615.625,E-5 E-6 C5 F#4,1,M
615.75,E-5 E-6 G#4 F#4,1,M
615.875,E-5 E-6 C5 F#4,1,M
616.0,G#4 E-6 E-5 F#4 E-3,1,M
616.125,G#4 E-6 E-5 C5 F#4 E-3,1,M
616.25,G#4 E-6 E-5 F#4 E-3,1,M
616.375,G#4 E-6 E-5 C5 F#4 E-3,1,M
616.5,G#4 E-6 E-5 F#4 E-3,1,M
616.625,G#4 E-6 E-5 C5 F#4 E-3,1,M
616.75,G#4 E-6 E-5 F#4 E-3,1,M
616.875,G#4 E-6 E-5 C5 F#4 E-3,1,M
617.0,G#4 E-6 E-5 F#4 E-3,1,M
617.125,G#4 E-6 E-5 C5 F#4 E-3,?,?
617.25,G#4 E-6 E-5 F#4 E-3,?,?
617.375,G#4 E-6 E-5 C5 F#4 E-3,?,?
617.5,G#4 E-6 E-5 F#4 E-3,?,?
617.625,G#4 E-6 E-5 C5 F#4 E-3,?,?
617.75,G#4 E-6 E-5 F#4 E-3,?,?
617.875,G#4 E-6 E-5 C5 F#4 E-3,?,?
618.0,E-5 E-6 G#4 F#4 G#3,?,?
618.125,E-5 E-6 C5 F#4 G#3,?,?
618.25,E-5 E-6 G#4 F#4 G#3,?,?
618.375,E-5 E-6 C5 F#4 G#3,?,?
618.5,E-5 E-6 G#4 F#4 G#3,?,?
618.625,E-5 E-6 C5 F#4 G#3,?,?
618.75,E-5 E-6 G#4 F#4 G#3,?,?
618.875,E-5 E-6 C5 F#4 G#3,?,?
619.0,E-6 E-5 G#4 F#4 E-4,?,?
619.125,E-6 E-5 C5 F#4 E-4,?,?
619.25,E-6 E-5 G#4 F#4 E-4,?,?
619.375,E-6 E-5 C5 F#4 E-4,?,?
619.5,G#4 E-6 E-5 F#4 G#3,?,?
619.625,G#4 E-6 E-5 C5 F#4 G#3,?,?
619.75,G#4 E-6 E-5 F#4 G#3,?,?
619.875,G#4 E-6 E-5 C5 F#4 G#3,?,?
620.0,G#4 E-6 E-5 F#4 E-3,?,?
620.125,G#4 E-6 E-5 C5 F#4 E-3,?,?
620.25,G#4 E-6 E-5 F#4 E-3,?,?
620.375,G#4 E-6 E-5 C5 F#4 E-3,?,?
620.5,G#4 E-6 E-5 F#4 E-3,?,?
620.625,G#4 E-6 E-5 C5 F#4 E-3,?,?
620.75,G#4 E-6 E-5 F#4 E-3,?,?
620.875,G#4 E-6 E-5 C5 F#4 E-3,?,?
621.0,G#4 E-6 E-5 F#4 E-3,?,?
621.125,G#4 E-6 E-5 C5 F#4 E-3,1,m
621.25,G#4 E-6 E-5 F#4 E-3,1,m
621.375,G#4 E-6 E-5 C5 F#4 E-3,1,m
621.5,G#4 E-6 E-5 F#4 E-3,1,m
621.625,G#4 E-6 E-5 C5 F#4 E-3,1,m
621.75,G#4 E-6 E-5 F#4 E-3,1,m
621.875,G#4 E-6 E-5 C5 F#4 E-3,1,m
622.0,G#4 E-6 E-5 F#4 C#4,1,m
622.125,G#4 E-6 E-5 B-4 F#4 C#4,1,m
622.25,G#4 E-6 E-5 F#4 C#4,1,m
622.375,G#4 E-6 E-5 B-4 F#4 C#4,1,m
622.5,E-5 E-6 G#4 F#4 C#4,1,m
622.625,E-5 E-6 B-4 F#4 C#4,1,m
622.75,E-5 E-6 G#4 F#4 C#4,1,m
622.875,E-5 E-6 B-4 F#4 C#4,1,m
623.0,G#5 E-6 E-5 G#4 F#4,1,m
623.125,G#5 E-6 E-5 B-4 F#4,1,m
623.25,G#5 E-6 E-5 G#4 F#4,1,m
623.375,G#5 E-6 E-5 B-4 F#4,1,m
623.5,E-5 E-6 G#4 F#4,1,m
623.625,E-5 E-6 B-4 F#4,1,m
623.75,E-5 E-6 G#4 F#4,1,m
623.875,E-5 E-6 B-4 F#4,1,m
624.0,A5 E-6 E-5 G#4 F#4,1,m
624.125,A5 E-6 E-5 C#5 F#4,1,m
624.25,A5 E-6 E-5 G#4 F#4,1,m
624.375,A5 E-6 E-5 C#5 F#4,1,m
624.5,A5 E-6 E-5 G#4 F#4,1,m
624.625,A5 E-6 E-5 C#5 F#4,1,m
624.75,A5 E-6 E-5 G#4 F#4,1,m
624.875,A5 E-6 E-5 C#5 F#4,1,m
625.0,A5 E-6 E-5 G#4 F#4,1,m
625.125,A5 E-6 E-5 C#5 F#4,9,m
625.25,A5 E-6 E-5 G#4 F#4,9,m
625.375,A5 E-6 E-5 C#5 F#4,9,m
625.5,A5 E-6 E-5 G#4 F#4,9,m
625.625,A5 E-6 E-5 C#5 F#4,9,m
625.75,A5 E-6 E-5 G#4 F#4,9,m
625.875,A5 E-6 E-5 C#5 F#4,9,m
626.0,G#5 E-6 E-5 G#4 F#4,9,m
626.125,G#5 E-6 E-5 C5 F#4,9,m
626.25,G#5 E-6 E-5 G#4 F#4,9,m
626.375,G#5 E-6 E-5 C5 F#4,9,m
626.5,G#5 E-6 E-5 G#4 F#4,9,m
626.625,G#5 E-6 E-5 C5 F#4,9,m
626.75,G#5 E-6 E-5 G#4 F#4,9,m
626.875,G#5 E-6 E-5 C5 F#4,9,m
627.0,E-6 E-5 G#4 F#4,9,m
627.125,E-6 E-5 C5 F#4,9,m
627.25,E-6 E-5 G#4 F#4,9,m
627.375,E-6 E-5 C5 F#4,9,m
627.5,E-6 E-5 G#4 F#4,9,m
627.625,E-6 E-5 C5 F#4,9,m
627.75,E-6 E-5 G#4 F#4,9,m
627.875,E-6 E-5 C5 F#4,9,m
628.0,E4 E6 E5 A4,9,m
628.125,E4 E6 E5 C5,9,m
628.25,E4 E6 E5 A4,9,m
628.375,E4 E6 E5 C5,9,m
628.5,E4 E6 E5 A4,9,m
628.625,E4 E6 E5 C5,9,m
628.75,E4 E6 E5 A4,9,m
628.875,E4 E6 E5 C5,9,m
629.0,E4 E6 E5 A4,9,m
629.125,E4 E6 E5 C5,9,m
629.25,E4 E6 E5 A4,9,m
629.375,E4 E6 E5 C5,9,m
629.5,E4 E6 E5 A4,9,m
629.625,E4 E6 E5 C5,9,m
629.75,E4 E6 E5 A4,9,m
629.875,E4 E6 E5 C5,9,m
630.0,E5 A4 E6 E4,9,m
630.125,E5 A4 E6 C5 E4,9,m
630.25,E5 A4 E6 E4,9,m
630.375,E5 A4 E6 C5 E4,9,m
630.5,E5 A4 E6 E4,9,m
630.625,E5 A4 E6 C5 E4,9,m
630.75,E5 A4 E6 E4,9,m
630.875,E5 A4 E6 C5 E4,9,m
631.0,E5 C5 E6 A4 E4,9,m
631.125,E5 C5 E6 E4,9,m
631.25,E5 C5 E6 A4 E4,9,m
631.375,E5 C5 E6 E4,9,m
631.5,E5 A4 E6 E4,9,m
631.625,E5 A4 E6 C5 E4,9,m
631.75,E5 A4 E6 E4,9,m
631.875,E5 A4 E6 C5 E4,9,m
632.0,A5 E4 E6 E5 A4,9,m
632.125,A5 E4 E6 E5 C5,9,m
632.25,A5 E4 E6 E5 A4,9,m
632.375,A5 E4 E6 E5 C5,9,m
632.5,A5 E4 E6 E5 A4,9,m
632.625,A5 E4 E6 E5 C5,9,m
632.75,A5 E4 E6 E5 A4,9,m
632.875,A5 E4 E6 E5 C5,9,m
633.0,C6 E4 E6 E5 A4,9,m
633.125,C6 E4 E6 E5 C5,9,m
633.25,C6 E4 E6 E5 A4,9,m
633.375,C6 E4 E6 E5 C5,9,m
633.5,A5 E4 E6 E5 A4,9,m
633.625,A5 E4 E6 E5 C5,9,m
633.75,A5 E4 E6 E5 A4,9,m
633.875,A5 E4 E6 E5 C5,9,m
634.0,E5 A4 E6 E4,9,m
634.125,E5 A4 E6 C5 E4,9,m
634.25,E5 A4 E6 E4,9,m
634.375,E5 A4 E6 C5 E4,9,m
634.5,E5 A4 E6 E4,9,m
634.625,E5 A4 E6 C5 E4,9,m
634.75,E5 A4 E6 E4,9,m
634.875,E5 A4 E6 C5 E4,9,m
635.0,E5 C4 E6 A4 E4,9,m
635.125,E5 C4 E6 C5 E4,9,m
635.25,E5 C4 E6 A4 E4,9,m
635.375,E5 C4 E6 C5 E4,9,m
635.5,E5 D4 E6 A4 E4,9,m
635.625,E5 D4 E6 C5 E4,9,m
635.75,E5 D4 E6 A4 E4,9,m
635.875,E5 D4 E6 C5 E4,9,m
636.0,A5 E4 E6 E5 A4,9,m
636.125,A5 E4 E6 E5 C5,9,m
636.25,A5 E4 E6 E5 A4,9,m
636.375,A5 E4 E6 E5 C5,9,m
636.5,A5 E4 E6 E5 A4,9,m
636.625,A5 E4 E6 E5 C5,9,m
636.75,A5 E4 E6 E5 A4,9,m
636.875,A5 E4 E6 E5 C5,9,m
637.0,C5 E4 E6 E5 A4,9,m
637.125,C5 E4 E6 E5,9,m
637.25,C5 E4 E6 E5 A4,9,m
637.375,C5 E4 E6 E5,9,m
637.5,D5 E4 E6 E5 A4,9,m
637.625,D5 E4 E6 E5 C5,9,m
637.75,D5 E4 E6 E5 A4,9,m
637.875,D5 E4 E6 E5 C5,9,m
638.0,E5 E4 E6 A4,9,m
638.125,E5 E4 E6 C5,9,m
638.25,E5 E4 E6 A4,9,m
638.375,E5 E4 E6 C5,9,m
638.5,E5 A4 E6 E4,9,m
638.625,E5 A4 E6 C5 E4,9,m
638.75,E5 A4 E6 E4,9,m
638.875,E5 A4 E6 C5 E4,9,m
639.0,E5 C5 E6 A4 E4,9,m
639.125,E5 C5 E6 E4,9,m
639.25,E5 C5 E6 A4 E4,9,m
639.375,E5 C5 E6 E4,9,m
639.5,E5 A4 E6 E4,9,m
639.625,E5 A4 E6 C5 E4,9,m
639.75,E5 A4 E6 E4,9,m
639.875,E5 A4 E6 C5 E4,9,m
640.0,E5 E4 E6 A4,9,m
640.125,E5 E4 E6 C5,9,m
640.25,E5 E4 E6 A4,9,m
640.375,E5 E4 E6 C5,9,m
640.5,A5 E4 E6 E5 A4,9,m
640.625,A5 E4 E6 E5 C5,9,m
640.75,A5 E4 E6 E5 A4,9,m
640.875,A5 E4 E6 E5 C5,9,m
641.0,C6 E4 E6 E5 A4,9,m
641.125,C6 E4 E6 E5 C5,9,m
641.25,C6 E4 E6 E5 A4,9,m
641.375,C6 E4 E6 E5 C5,9,m
641.5,A5 E4 E6 E5 A4,9,m
641.625,A5 E4 E6 E5 C5,9,m
641.75,A5 E4 E6 E5 A4,9,m
641.875,A5 E4 E6 E5 C5,9,m
642.0,E5 E4 E6 A4,9,m
642.125,E5 E4 E6 C5,9,m
642.25,E5 E4 E6 A4,9,m
642.375,E5 E4 E6 C5,9,m
642.5,E5 A4 E6 E4,9,m
642.625,E5 A4 E6 C5 E4,9,m
642.75,E5 A4 E6 E4,9,m
642.875,E5 A4 E6 C5 E4,9,m
643.0,C5 E6 E5 A4 E4,9,m
643.125,C5 E6 E5 E4,9,m
643.25,C5 E6 E5 A4 E4,9,m
643.375,C5 E6 E5 E4,9,m
643.5,A4 E6 E5 E4,9,m
643.625,A4 E6 E5 C5 E4,9,m
643.75,A4 E6 E5 E4,9,m
643.875,A4 E6 E5 C5 E4,9,m
644.0,B3 E5 E3 E2 E1,9,m
644.125,B3 E5 E2 E3 B2 E1,9,m
644.25,B3 E5 E2 E1,9,m
644.375,B3 E5 E2 E3 B2 E1,9,m
644.5,B3 E5 E3 E2 E1,9,m
644.625,B3 E5 E2 E3 B2 E1,9,m
644.75,B3 E5 E3 E2 E1,9,m
644.875,B3 E5 E2 E3 B2 E1,9,m
645.0,B3 E5 E3 E2 E1,9,m
645.125,B3 E5 E2 E3 B2 E1,9,m
645.25,B3 E5 E3 E2 E1,9,m
645.375,B3 E5 E2 E3 B2 E1,9,m
645.5,B3 E5 E3 E2 E1,9,m
645.625,B3 E5 E2 E3 B2 E1,9,m
645.75,B3 E5 E3 E2 E1,9,m
645.875,B3 E5 E2 E3 B2 E1,9,m
646.0,B3 E4 E3 E2 E1,9,m
646.125,B3 E4 E2 E3 B2 E1,9,m
646.25,B3 E4 E3 E2 E1,9,m
646.375,B3 E4 E2 E3 B2 E1,9,m
646.5,E4 B3 E3 E2 E1,9,m
646.625,E4 E2 B3 E3 B2 E1,9,m
646.75,E4 B3 E3 E2 E1,9,m
646.875,E4 E2 B3 E3 B2 E1,9,m
647.0,E4 A4 A3 E3 E2 E1,9,m
647.125,E4 A4 E2 A3 E3 A2 E1,9,m
647.25,E4 A4 A3 E3 E2 E1,9,m
647.375,E4 A4 E2 A3 E3 A2 E1,9,m
647.5,E4 A3 E3 E2 E1,9,m
647.625,E4 E2 A3 E3 A2 E1,9,m
647.75,E4 A3 E3 E2 E1,9,m
647.875,E4 E2 A3 E3 A2 E1,9,m
648.0,E4 B3 E3 E2 E1,9,m
648.125,E4 B3 E2 E3 B2 E1,9,m
648.25,E4 B3 E3 E2 E1,9,m
648.375,E4 B3 E2 E3 B2 E1,9,m
648.5,B4 B3 E3 E2 E1,9,m
648.625,B4 B3 E2 E3 B2 E1,9,m
648.75,B4 B3 E3 E2 E1,9,m
648.875,B4 B3 E2 E3 B2 E1,9,m
649.0,E5 B3 E3 E2 E1,9,m
649.125,E5 B3 E2 E3 B2 E1,?,?
649.25,E5 B3 E3 E2 E1,?,?
649.375,E5 B3 E2 E3 B2 E1,?,?
649.5,B4 B3 E3 E2 E1,?,?
649.625,B4 B3 E2 E3 B2 E1,?,?
649.75,B4 B3 E3 E2 E1,?,?
649.875,B4 B3 E2 E3 B2 E1,?,?
650.0,E4 B3 E3 E2 E1,?,?
650.125,E4 B3 E2 E3 B2 E1,?,?
650.25,E4 B3 E3 E2 E1,?,?
650.375,E4 B3 E2 E3 B2 E1,?,?
650.5,E4 B3 E3 E2 E1,?,?
650.625,E4 E2 B3 E3 B2 E1,?,?
650.75,E4 B3 E3 E2 E1,?,?
650.875,E4 E2 B3 E3 B2 E1,?,?
651.0,E4 A4 A3 E3 E2 E1,?,?
651.125,E4 A4 E2 A3 E3 A2 E1,?,?
651.25,E4 A4 A3 E3 E2 E1,?,?
651.375,E4 A4 E2 A3 E3 A2 E1,?,?
651.5,E4 A3 E3 E2 E1,?,?
651.625,E4 E2 A3 E3 A2 E1,?,?
651.75,E4 A3 E3 E2 E1,?,?
651.875,E4 E2 A3 E3 A2 E1,?,?
652.0,E5 B3 E3 E2 E1,?,?
652.125,E5 B3 E2 E3 B2 E1,?,?
652.25,E5 B3 E3 E2 E1,?,?
652.375,E5 B3 E2 E3 B2 E1,?,?
652.5,E5 E4 B3 E3 E2 E1,?,?
652.625,E5 E4 E2 B3 E3 B2 E1,?,?
652.75,E5 E4 B3 E3 E2 E1,?,?
652.875,E5 E4 E2 B3 E3 B2 E1,?,?
653.0,A4 A3 E3 E2 E1,?,?
653.125,A4 E2 A3 E3 A2 E1,?,?
653.25,A4 A3 E3 E2 E1,?,?
653.375,A4 E2 A3 E3 A2 E1,?,?
653.5,E4 A3 E3 E2 E1,?,?
653.625,E4 E2 A3 E3 A2 E1,?,?
653.75,E4 A3 E3 E2 E1,?,?
653.875,E4 E2 A3 E3 A2 E1,?,?
654.0,B3 E3 E2 E1,?,?
654.125,B3 E2 E3 B2 E1,?,?
654.25,B3 E3 E2 E1,?,?
654.375,B3 E2 E3 B2 E1,?,?
654.5,E4 B3 E3 E2 E1,?,?
654.625,E4 E2 B3 E3 B2 E1,?,?
654.75,E4 B3 E3 E2 E1,?,?
654.875,E4 E2 B3 E3 B2 E1,?,?
655.0,E4 A4 A3 E3 E2 E1,?,?
655.125,E4 A4 E2 A3 E3 A2 E1,?,?
655.25,E4 A4 A3 E3 E2 E1,?,?
655.375,E4 A4 E2 A3 E3 A2 E1,?,?
655.5,E4 A3 E3 E2 E1,?,?
655.625,E4 E2 A3 E3 A2 E1,?,?
655.75,E4 A3 E3 E2 E1,?,?
655.875,E4 E2 A3 E3 A2 E1,?,?
656.0,E5 B3 E3 E2 E1,?,?
656.125,E5 B3 E2 E3 B2 E1,?,?
656.25,E5 B3 E3 E2 E1,?,?
656.375,E5 B3 E2 E3 B2 E1,?,?
656.5,E5 E4 B3 E3 E2 E1,?,?
656.625,E5 E4 E2 B3 E3 B2 E1,?,?
656.75,E5 E4 B3 E3 E2 E1,?,?
656.875,E5 E4 E2 B3 E3 B2 E1,?,?
657.0,A4 A3 E3 E2 E1,?,?
657.125,A4 E2 A3 E3 A2 E1,?,?
657.25,A4 A3 E3 E2 E1,?,?
657.375,A4 E2 A3 E3 A2 E1,?,?
657.5,E4 A3 E3 E2 E1,?,?
657.625,E4 E2 A3 E3 A2 E1,?,?
657.75,E4 A3 E3 E2 E1,?,?
657.875,E4 E2 A3 E3 A2 E1,?,?
658.0,B3 E3 E2 E1,?,?
658.125,B3 E2 E3 B2 E1,?,?
658.25,B3 E3 E2 E1,?,?
658.375,B3 E2 E3 B2 E1,?,?
658.5,E4 B3 E3 E2 E1,?,?
658.625,E4 E2 B3 E3 B2 E1,?,?
658.75,E4 B3 E3 E2 E1,?,?
658.875,E4 E2 B3 E3 B2 E1,?,?
659.0,A4 A3 E3 E2 E1,?,?
659.125,A4 E2 A3 E3 A2 E1,?,?
659.25,A4 A3 E3 E2 E1,?,?
659.375,A4 E2 A3 E3 A2 E1,?,?
659.5,F5 E4 A3 E3 E2 E1,?,?
659.625,F5 E4 E2 A3 E3 A2 E1,?,?
659.75,F5 E4 A3 E3 E2 E1,?,?
659.875,F5 E4 E2 A3 E3 A2 E1,?,?
660.0,E5 B3 E3 E2 E1,?,?
660.125,E5 B3 E2 E3 B2 E1,?,?
660.25,E5 B3 E3 E2 E1,?,?
660.375,E5 B3 E2 E3 B2 E1,?,?
660.5,D4 B3 E3 E2 E1,?,?
660.625,D4 B3 E2 E3 B2 E1,?,?
660.75,D4 B3 E3 E2 E1,?,?
660.875,D4 B3 E2 E3 B2 E1,?,?
661.0,E4 B3 E3 E2 E1,?,?
661.125,E4 B3 E2 E3 B2 E1,?,?
661.25,E4 B3 E3 E2 E1,?,?
661.375,E4 B3 E2 E3 B2 E1,?,?
661.5,F4 B3 E3 E2 E1,?,?
661.625,F4 B3 E2 E3 B2 E1,?,?
661.75,F4 B3 E3 E2 E1,?,?
661.875,F4 B3 E2 E3 B2 E1,?,?
662.0,E4 B3 E3 E2 E1,?,?
662.125,E4 B3 E2 E3 B2 E1,9,m
662.25,E4 B3 E3 E2 E1,9,m
662.375,E4 B3 E2 E3 B2 E1,9,m
662.5,B3 E3 E2 E1,9,m
662.625,B3 E2 E3 B2 E1,9,m
662.75,B3 E3 E2 E1,9,m
662.875,B3 E2 E3 B2 E1,9,m
663.0,B3 E3 E2 E1,9,m
663.125,B3 E2 E3 B2 E1,9,m
663.25,B3 E3 E2 E1,9,m
663.375,B3 E2 E3 B2 E1,9,m
663.5,F5 B3 E3 E2 E1,9,m
663.625,F5 B3 E2 E3 B2 E1,9,m
663.75,F5 B3 E3 E2 E1,9,m
663.875,F5 B3 E2 E3 B2 E1,9,m
664.0,E5 E3 E4 E2,9,m
664.125,E5 E3 E2 E4,2,m
664.25,E5 E3 E4 E2,2,m
664.375,E5 E3 E2 E4,2,m
664.5,E3 E4 E5 E2,2,m
664.625,E3 E2 E4 E5,2,m
664.75,E3 E4 E5 E2,2,m
664.875,E3 E2 E4 E5,2,m
665.0,E3 E4 E5 E2,2,m
665.125,E3 E2 E4 E5,2,m
665.25,E3 E4 E5 E2,2,m
665.375,E3 E2 E4 E5,2,m
665.5,F4 E3 E4 E5 E2,2,m
665.625,F4 E3 E2 E4 E5,2,m
665.75,F4 E3 E4 E5 E2,2,m
665.875,F4 E3 E2 E4 E5,2,m
666.0,E4 E3 E5 E2,2,m
666.125,E4 E3 E2 E5,2,m
666.25,E4 E3 E5 E2,2,m
666.375,E4 E3 E2 E5,2,m
666.5,E4 E3 E5 E2,2,m
666.625,E4 E3 E2 E5,2,m
666.75,E4 E3 E5 E2,2,m
666.875,E4 E3 E2 E5,2,m
667.0,E3 E4 E5 E2,2,m
667.125,E3 E2 E4 E5,2,m
667.25,E3 E4 E5 E2,2,m
667.375,E3 E2 E4 E5,2,m
667.5,E3 E4 E5 E2,2,m
667.625,E3 E2 E4 E5,2,m
667.75,E3 E4 E5 E2,2,m
667.875,E3 E2 E4 E5,2,m
668.0,D6 D4 D2 D5 D3,2,m
668.5,A5 D4 D2 D5 D3,2,m
669.0,F5 D4 A2 A1 D5 D3,2,m
669.5,E5 D4 D3 D2 D5,2,m
670.0,D5 A4 A3 A1 A2,2,m
670.5,F4 A3 A1 A4 A2,2,m
671.0,D4 F4 F3 F2,2,m
671.5,A4 A3 F3 F2,2,m
672.0,D6 A3 D4 D2 D5 D3,2,m
672.5,A5 D4 D2 D5 D3,2,m
673.0,F5 D4 A2 A1 D5 D3,2,m
673.5,E5 D4 D3 D2 D5,2,m
674.0,D5 A4 A3 A1 A2,2,m
674.5,F4 A3 A1 A4 A2,2,m
675.0,D4 F5 F4,2,m
675.5,A3 E5 E4,2,m
676.0,D6 A3 D4 D2 D5 D3,2,m
676.5,A5 D4 D2 D5 D3,2,m
677.0,F5 D4 A2 A1 D5 D3,2,m
677.5,E5 D4 D5 D3 D2,2,m
678.0,D5 A4 A3 D4 A1 A2,2,m
678.5,F4 A3 D4 A4 A1 A2,2,m
679.0,D4 F4 F3 F2,2,m
679.5,D4 A4 A3 F3 F2,2,m
680.0,D6 A3 A4 D4 D2 D5 D3,2,m
680.5,F5 A4 D4 D2 D5 D3,2,m
681.0,G5 A4 D4 A2 A1 D5 D3,2,m
681.5,A5 A4 D4 D3 D2 D5,2,m
682.0,D5 A4 D3 D4 D2,2,m
682.5,F4 A4 D3 D4 D2,2,m
683.0,G4 A4 F5 F4,2,m
683.5,A4 D5 D4,2,m
683.75,A4 D5 D4,2,m
684.0,F6 F5 D4 B-5 B-4 B-3 B-2 B-1 F4,2,m
684.5,E6 E5 B-5 B-4 B-3 B-2 B-1 D4 F4,2,m
685.0,D6 D5 B-5 B-4 A4 A3 A2 D4 F4,2,m
685.5,F5 F4 B-5 B-4 B-3 B-2 D4,2,m
686.0,F5 F4 B-5 B-4 B-3 B-2 D4,2,m
686.5,D4 B-4 B-5 B-3 B-2 F4,2,m
687.0,D4 B-4 C6 C5 F4,2,m
687.5,F3 F4 D6 D5 D4,2,m
687.75,F3 G4 D6 D5 D4 F4,2,m
688.0,F6 F5 D4 A5 A4 A3 A2 A1 F4,2,m
688.5,E6 E5 A5 A4 A3 A2 A1 D4 F4,2,m
689.0,D6 D5 A5 A4 G4 G3 G2 D4 F4,2,m
689.5,D5 F4 A5 A4 A3 A2 D4,2,m
690.0,D5 F4 A5 A4 A3 A2 D4,2,m
690.5,D4 A4 A5 A3 A2,2,m
691.0,D4 A4 B-5 B-4,2,m
691.5,F3 D4 A5 A4,2,m
692.0,F6 F5 D4 G5 G4 G3 G2 G1,2,m
692.5,E6 E5 D4 G5 G4 G3 G2 G1,2,m
693.0,D6 D5 D4 G5 G4 F4 F3 F2,2,m
693.5,B-5 B-4 D4 G5 G4 G3 G2,2,m
694.0,B-5 B-4 G4 G5 G3 G2,2,m
694.5,D4 G5 G4 G3 G2,2,m
695.0,D4 F5 F4,2,m
695.5,B-3 E5 E4,2,m
696.0,F6 F5 D4 F4 F3 F2 F1,2,m
696.5,E6 E5 F5 F4 F3 F2 F1,2,m
697.0,D6 D5 F5 F4 E4 E3 E2,2,m
697.5,A5 A4 F5 F4 F3 F2,2,m
698.0,A5 A4 E4 F5 F4 F3 F2,2,m
698.5,D4 F5 F4 F3 F2,9,m
699.0,D4 E5 E4,9,m
699.5,A3 D5 D4,9,m
700.0,B3 E5 E2 E1 E3 E4,9,m
700.5,E5 E3 E2 E1 D5 E4,9,m
701.0,E5 D4 D3 D2 C5 E3 E4,9,m
701.5,E5 E3 E2 B4 E4,9,m
702.0,E5 E3 E2 B4 E4,9,m
702.5,E5 E4 E3 E2 C4,9,m
703.0,F5 F4 A3 E3 E4,9,m
703.5,E5 E4 C4 E3,9,m
704.0,E5 E4 E3 E2 E1,9,m
704.5,E5 E3 E2 E1 D5 E4,9,m
705.0,E5 D4 D3 D2 C5 E3 E4,9,m
705.5,E5 E3 E2 B4 E4,9,m
706.0,E5 E3 E2 B4 E4,9,m
706.5,E5 E4 E3 E2 C4,9,m
707.0,C4 F5 F4 A3 E3 E4,9,m
707.5,C4 E5 E4 E3,9,m
708.0,E5 E4 E3 E2 E1,9,m
708.5,E5 E2 E1 D5 E3 E4,9,m
709.0,E5 D4 D3 D2 C5 E3 E4,9,m
709.5,E5 E2 B4 E3 E4,9,m
710.0,E5 E2 B4 E3 E4,9,m
710.5,E5 E4 E3 E2 C4,9,m
711.0,A3 F5 F4 E3 E4,9,m
711.5,A3 E5 E4 C4 E3,9,m
712.0,B3 E5 E4 E3 E2 E1,9,m
712.5,B3 E5 E3 E2 E1 D5 E4,9,m
713.0,B3 E5 D4 D3 D2 C5 E3 E4,9,m
713.5,B3 E5 E3 E2 B4 E4,9,m
714.0,E5 E4 E3 E2 B4,9,m
714.5,E5 E4 E3 E2 C4,9,m
715.0,F5 F4 A3,9,m
715.5,F5 F4 C4,9,m
716.0,D3 D6 D5 D4 D2,9,m
716.125,D3 D6 D5 D4 D2,9,m
716.25,D3 D6 D5 D4 D2,9,m
716.375,D6 D4 D3 D5 D2,9,m
716.5,A5 D4 D3 D6 D5 A4 D2,9,m
716.625,A5 D4 D3 D6 D5 A4 D2,9,m
716.75,A5 D4 D3 D6 D5 A4 D2,9,m
716.875,A5 D4 D3 D6 D5 D2 A4,9,m
717.0,F5 D4 D3 D6 D5 A3 A2 A1 F4 D2,9,m
717.125,F5 D4 D3 D6 D5 A3 A2 A1 F4 D2,9,m
717.25,F5 D4 D3 D6 D5 A3 A2 A1 F4 D2,9,m
717.375,F5 D4 D3 D6 D5 A3 A2 A1 F4 D2,9,m
717.5,E5 D4 D3 D6 D5 D2 E4,9,m
717.625,E5 D3 D6 D5 D4 E4 D2,9,m
717.75,E5 D3 D6 D5 D4 E4 D2,9,m
717.875,E5 D3 D6 D5 D4 D2 E4,9,m
718.0,D5 D3 A5 A3 A1 D4 A4 A2 D2,9,m
718.125,D5 D3 A5 A3 A1 D4 A4 A2 D2,2,m
718.25,D5 D3 A5 A3 A1 D4 A4 A2 D2,2,m
718.375,D5 D4 D3 A5 A4 A3 A1 A2 D2,2,m
718.5,D4 D3 A5 A4 A3 A1 F4 A2 D2,2,m
718.625,D4 D3 A5 A4 A3 A1 F4 A2 D2,2,m
718.75,D4 D3 A5 A4 A3 A1 F4 A2 D2,2,m
718.875,D4 D3 A5 A4 A3 A1 F4 A2 D2,2,m
719.0,D4 D3 F5 F4 F3 F2 D2,2,m
719.125,D3 F5 F4 F3 F2 D4 D2,2,m
719.25,D3 F5 F4 F3 F2 D4 D2,2,m
719.375,D4 D3 F5 F4 F3 F2 D2,2,m
719.5,D4 D3 A5 A4 F4 F3 F2 A3 D2,2,m
719.625,D4 D3 A5 A4 F4 F3 F2 A3 D2,2,m
719.75,D4 D3 A5 A4 F4 F3 F2 A3 D2,2,m
719.875,D4 D3 A5 A4 F4 F3 F2 A3 D2,2,m
720.0,D4 D3 D6 D2 D5 A3,2,m
720.125,D4 D3 D6 D5 A3 D2,2,m
720.25,D4 D3 D6 D5 A3 D2,2,m
720.375,D6 D4 D3 D5 A3 D2,2,m
720.5,A5 D4 D3 D6 D5 A4 D2,2,m
720.625,A5 D4 D3 D6 D5 A4 D2,2,m
720.75,A5 D4 D3 D6 D5 A4 D2,2,m
720.875,A5 D4 D3 D6 D5 D2 A4,2,m
721.0,F5 D4 E4 D3 D6 D5 A3 A2 A1 F4 D2,2,m
721.125,F5 D4 E4 D3 D6 D5 A3 A2 A1 F4 D2,2,m
721.25,F5 D4 E4 D3 D6 D5 A3 A2 A1 F4 D2,2,m
721.375,F5 D4 E4 D3 D6 D5 A3 A2 A1 F4 D2,2,m
721.5,E5 D4 E4 D3 D6 D5 D2,2,m
721.625,E5 D3 D6 D5 D4 E4 D2,2,m
721.75,E5 D3 D6 D5 D4 E4 D2,2,m
721.875,E5 D3 D6 D5 D4 D2 E4,2,m
722.0,D5 F4 D3 A5 A1 D4 A4 A2 D2 A3,2,m
722.125,D5 F4 D3 A5 A1 D4 A4 A2 D2 A3,2,m
722.25,D5 F4 D3 A5 A1 D4 A4 A2 D2 A3,2,m
722.375,D5 F4 D3 A5 A4 A1 D4 A2 D2 A3,2,m
722.5,F4 D3 A5 A4 A1 A2 D2 A3,2,m
722.625,D3 A5 A4 A1 F4 A2 D2 A3,2,m
722.75,D3 A5 A4 A1 F4 A2 D2 A3,2,m
722.875,D3 A5 A4 A3 A1 F4 A2 D2,2,m
723.0,G4 D3 F6 F5 D4 D2 A3,2,m
723.125,G4 D3 F6 F5 D4 D2 A3,2,m
723.25,G4 D3 F6 F5 D4 D2 A3,2,m
723.375,G4 D3 F6 F5 D4 D2 A3,2,m
723.5,G4 D3 E6 E5 A3 D2,2,m
723.625,G4 D3 E6 E5 D2 A3,2,m
723.75,G4 D3 E6 E5 D2 A3,2,m
723.875,G4 D3 E6 E5 A3 D2,2,m
724.0,D4 A4 D3 D6 D2 D5 A3,2,m
724.125,D4 A4 D3 D6 D5 D2 A3,2,m
724.25,D4 A4 D3 D6 D5 D2 A3,2,m
724.375,D6 D4 A4 D3 D5 A3 D2,2,m
724.5,A5 D4 A4 D3 D6 D5 D2 A3,2,m
724.625,A5 D4 D3 D6 D5 A4 D2 A3,2,m
724.75,A5 D4 D3 D6 D5 A4 D2 A3,2,m
724.875,A5 D4 A4 D3 D6 D5 D2 A3,2,m
725.0,F5 D4 A4 D3 D6 D5 A2 A1 F4 D2 A3,2,m
725.125,F5 D4 A4 D3 D6 D5 A2 A1 F4 D2 A3,2,m
725.25,F5 D4 A4 D3 D6 D5 A2 A1 F4 D2 A3,2,m
725.375,F5 D4 A4 D3 D6 D5 A3 A2 A1 F4 D2,2,m
725.5,E5 D4 A4 D3 D6 D5 D2 E4 A3,2,m
725.625,E5 A4 D3 D6 D5 D4 E4 D2 A3,2,m
725.75,E5 A4 D3 D6 D5 D4 E4 D2 A3,2,m
725.875,E5 A4 D3 D6 D5 D4 D2 E4 A3,2,m
726.0,D5 A4 D3 D6 A3 A1 A2 D2 D4,2,m
726.125,D3 D6 D5 A3 A1 A4 A2 D2 D4,2,m
726.25,D3 D6 D5 A3 A1 A4 A2 D2 D4,2,m
726.375,A4 D3 D6 D5 A3 A1 D4 A2 D2,2,m
726.5,D3 A5 A4 A3 A1 F4 A2 D2 D4,2,m
726.625,D3 A5 A4 A3 A1 F4 A2 D2 D4,2,m
726.75,D3 A5 A4 A3 A1 F4 A2 D2 D4,2,m
726.875,D3 A5 A4 A3 A1 F4 A2 D2 D4,2,m
727.0,A4 D3 F5 F3 F2 D4 D2 F4,2,m
727.125,A4 D3 F5 F3 F2 D4 D2 F4,2,m
727.25,A4 D3 F5 F3 F2 D4 D2 F4,2,m
727.375,A4 D3 F5 F4 F3 F2 D4 D2,2,m
727.5,D3 A5 A4 F3 F2 A3 D2 F4,2,m
727.625,D3 A5 A4 F3 F2 A3 D2 F4,2,m
727.75,D3 A5 A4 F3 F2 A3 D2 F4,2,m
727.875,D3 A5 A4 F3 F2 A3 D2 F4,2,m
728.0,D4 A4 D3 D6 D2 D5 A3,2,m
728.125,D4 D3 D6 D5 A3 D2 A4,2,m
728.25,D4 D3 D6 D5 A3 D2 A4,2,m
728.375,D6 D4 D3 D5 A3 D2 A4,2,m
728.5,F5 D4 D3 D6 D5 F4 D2 A4,2,m
728.625,F5 D4 D3 D6 D5 F4 D2 A4,2,m
728.75,F5 D4 D3 D6 D5 F4 D2 A4,2,m
728.875,F5 D4 D3 D6 D5 D2 F4 A4,2,m
729.0,G5 D4 D3 D6 D5 A3 A2 A1 G4 D2 A4,2,m
729.125,G5 D4 D3 D6 D5 A3 A2 A1 G4 D2 A4,2,m
729.25,G5 D4 D3 D6 D5 A3 A2 A1 G4 D2 A4,2,m
729.375,G5 D4 D3 D6 D5 A3 A2 A1 G4 D2 A4,2,m
729.5,A5 D4 D3 D6 D5 D2 A4,2,m
729.625,A5 D3 D6 D5 D4 D2 A4,2,m
729.75,A5 D3 D6 D5 D4 D2 A4,2,m
729.875,A5 A4 D3 D6 D5 D4 D2,2,m
730.0,D5 A4 D4 D3 D2 G4,2,m
730.5,A4 D5 D4 D3 A3 D2 F4,2,m
731.0,A4 E4,2,m
731.5,B-4 F4 D4,2,m
732.0,F#6 F#3 E-4 B5 B4 B3 B1 F#5 F#4 B2,2,m
732.5,E-6 F#3 E-4 B5 B4 B3 B2 B1 E-5 F#4,11,M
733.0,F#5 F#3 E-4 B5 B4 B-4 B-3 B-2 F#4 B2,11,M
733.5,E-5 F#3 E-4 B5 B4 B3 B2 F#4,11,M
733.75,E-5 F#3 E-4 B5 B4 B3 B2 G#4,11,M
734.0,E-5 F#3 E-4 B5 B4 B3 B2 F#4,11,M
734.5,F#3 E-4 B5 B4 B3 B2 F#4,11,M
735.0,B4 F#3 E-4 E-6 E-5 B3 F4 B2,11,M
735.5,B4 F#3 E-4 B-5 B-4 F4 B2,11,M
736.0,F#6 F#3 E-4 B5 B4 B3 B2 B1 F#5 F#4,11,M
736.5,E-6 F#3 E-4 B5 B4 B3 B2 B1 E-5 F#4,11,M
737.0,F#5 F#3 E-4 B5 B4 G#4 G#3 G#2 F#4 B2,11,M
737.5,E-5 F#3 E-4 B5 B4 B-4 B-3 B-2 F#4 B2,11,M
738.0,E-5 F#3 E-4 B5 B4 B3 B2 F#4,11,M
738.5,F#3 E-4 B5 B4 B3 B2,11,M
739.0,E-4 F#3 F#5 F#4 B3 B2,11,M
739.3333333333334,C#4 F#3 E-4 F#5 F#4 B3 B2,11,M
739.5,C#4 F#3 E-4 B-5 B-4 B2,11,M
739.6666666666666,B3 F#3 E-4 B-5 B-4 B2,11,M
740.0,F#6 B-4 F#3 E-4 B5 B4 B3 B2 B1 F#5,11,M
740.5,E-6 B-4 F#3 E-4 B5 B4 B3 B2 B1 E-5,11,M
741.0,F#5 G#4 F#3 E-4 B5 B4 B-4 B-3 B-2 F#4 B2,11,M
741.5,E-5 G#4 F#3 E-4 B5 B4 B3 B2,11,M
742.0,E-5 F#4 F#3 E-4 B5 B4 B3 B2,11,M
742.5,F#4 F#3 E-4 B5 B4 B3 B2,11,M
743.0,F4 F#3 E-4 E-6 E-5 B3 B2,11,M
743.5,F4 F#3 E-4 B-5 B-4 B2,3,m
744.0,F#6 F#4 F#3 E-4 B5 B4 B3 B2 B1 F#5,3,m
744.5,E-6 F#4 F#3 E-4 B5 B4 B3 B2 B1 E-5,3,m
745.0,F#5 F#4 F#3 E-4 B5 B4 G#4 G#3 G#2 B2,3,m
745.5,E-5 B5 B4 F#4 F#3 E-4 B-4 B-3 B-2 B2,3,m
746.0,E-5 F#3 E-4 B5 B4 B3 B2 F#4,3,m
746.5,B5 B4 B3 B2,3,m
747.0,F#5 F#4 B3,3,m
747.5,G#5 G#4 F#3,3,m
748.0,B-4 B-2 B-1 B-5 F4 B-3,3,m
748.5,B-5 B-4 B-3 B-2 B-1 F5 F4,3,m
749.0,B-5 B-4 F4 F3 F2 F5 B-3,3,m
749.5,B-5 B-3 B-2 B-4 F4,3,m
750.0,B-5 B-3 B-2 B-4 F4,3,m
750.5,B-5 B-4 B-3 B-2 F4,10,m
751.0,F#5 F#4 B-3 F4,10,m
751.5,F4 G#5 G#4 F3 B-3,10,m
752.0,F4 B-4 B-3 B-2 B-1 B-5 F3,10,m
752.5,B-5 B-4 B-3 B-2 B-1 F5 F4,10,m
753.0,B-5 B-4 F3 F2 F5 B-3 F4,10,m
753.5,F4 B-5 B-3 B-2 B-4,10,m
754.0,C4 B-5 B-3 B-2 B-4 F4,10,m
754.5,C4 B-5 B-4 B-3 B-2 F4,10,m
755.0,C#4 F6 F5 B-3 F4,10,m
755.5,C#4 C#6 C#5 F3 B-3 F4,10,m
756.0,E-4 B-4 B-3 B-2 B-1 B-5 F3 F4,10,m
756.5,E-4 B-5 B-4 B-3 B-2 B-1 F5 F4,10,m
757.0,E-4 B-5 B-4 F4 F3 F2 F5 B-3,10,m
757.5,E-4 B-5 B-3 B-2 B-4 F4,10,m
758.0,E-4 B-5 B-3 B-2 B-4 F4,10,m
758.5,E-4 B-5 B-4 B-3 B-2 F4,10,m
759.0,F4 C#6 C#5 B-3,10,m
759.5,F4 C6 C5 F3 B-3,10,m
760.0,F4 B-4 B-3 B-2 B-1 B-5 F3,10,m
760.5,B-5 B-4 B-3 B-2 B-1 F5 F4,10,m
761.0,B-5 B-4 F3 F2 F5 B-3 F4,10,m
761.5,F4 B-5 B-3 B-2 B-4,10,m
762.0,B-3 B-2 B-4 F4,10,m
762.5,B-4 B-3 B-2,10,m
763.0,B-3,10,m
763.5,C4,10,m
764.0,C#3 F#4 B-5 B-4 F#1 C#4 F#2 F#3,10,m
764.5,C#3 F#4 B-5 B-4 F#3 F#2 F#1 C#4,10,m
765.0,C#3 F#4 B-5 B-4 B-3 C#2 F#2 F#3 C#4,10,m
765.5,C#3 F#4 B-5 B-4 C#4 F#3 F#2,6,M
766.0,C#3 C#4 B-5 B-4 C#2 F#2 F#3,6,M
766.5,C#3 C#4 B-5 B-4 C#2 F4 F#2 F#3,6,M
767.0,C#3 B-3 C5 C4 B-2 F#4 F#2 F#3 C#4,6,M
767.5,C#3 F#4 C5 C4 B-3 B-2 G#4 F#2 F#3 C#4,6,M
768.0,B-5 C#3 F#4 C#5 C#4 F#2 F#1 B-4 F#3,6,M
768.5,B-5 C#3 F#4 C#5 F#3 F#2 F#1 C#4,6,M
769.0,B-5 C#3 F#4 C#5 B-3 C#2 F#2 F#3 C#4,6,M
769.5,B-5 C#3 F#4 C#5 F#3 F#2 C#4,6,M
770.0,B-5 C#3 C#4 C#5 C#2 F#2 F#3,6,M
770.5,B-5 C#5 C#3 C#2 F4 F#2 F#3 C#4,6,M
771.0,B-5 B-4 D3 D2 F#4 F#2 D4 F#3,6,M
771.5,B-5 B-4 D3 D2 G#4 F#2 F#3 D4,6,M
772.0,E-5 E-3 G#4 B5 B4 F#2 F#1 B3 E-4 F#3,6,M
772.5,E-5 E-3 G#4 B5 B4 G#3 F#2 F#1 F#3 E-4,6,M
773.0,E-5 E-3 G#4 B5 B4 B3 E-2 F#2 F#3 E-4,6,M
773.5,E-5 E-3 G#4 B5 B4 E-4 G#3 G#2 F#2 F#3,6,M
774.0,E-5 E-3 E-4 B5 B4 E-2 B3 F#2 F#3,6,M
774.5,E-3 E-4 B5 B4 E-2 G4 F#2 F#3,11,M
775.0,E-3 B3 D5 D4 B2 G#4 F#2 F#3 E-4,11,M
775.5,E-3 G#4 D5 D4 B3 B2 B-4 F#2 F#3 E-4,11,M
776.0,C#6 E-3 G#4 E-5 E-4 F#2 F#1 B4 F#3,11,M
776.5,C#6 E-3 G#4 E-5 G#3 F#2 F#1 F#3 E-4,11,M
777.0,C#6 E-3 G#4 E-5 B3 E-2 F#2 F#3 E-4,11,M
777.5,C#6 E-3 G#4 E-5 G#3 G#2 F#2 F#3 E-4,11,M
778.0,C#6 E-3 G#3 E-5 E-2 B3 F#2 F#3 E-4,11,M
778.5,C#6 G#3 E-5 E-3 E-2 G4 F#2 F#3 E-4,11,M
779.0,E-5 B-3 F#6 F#5 B3 B2 G#4 F#2 F#3,11,M
779.5,E-5 B-3 F#6 F#5 B3 B2 B-4 F#2 F#3 G#4,11,M
780.0,D3 G#5 G#4 F#2 F#1 B4 B3 D4,11,M
780.5,D3 G#5 G#4 G#3 F#2 F#1 B3 D4,11,M
781.0,D3 G#5 G#4 B3 D2 F#2 D4,11,M
781.5,D3 G#5 G#4 D4 G#3 G#2 F5 F#2 B3,11,m
782.0,G#5 D3 G#4 D2 B4 F4 F#2 B3 D4,11,m
782.5,D3 G#5 G#4 D2 B4 F#4 F#2 B3 D4,11,m
783.0,D3 D6 D5 B3 B2 G#4 F#2 D4,11,m
783.5,D3 D6 D5 B3 B2 G#4 B-4 F#2 D4,11,m
784.0,D3 F5 F4 F#2 F#1 B4 B3 D4,11,m
784.5,D3 F5 F4 G#3 F#2 F#1 B3 D4,11,m
785.0,D3 F5 F4 B3 D2 F#2 D4,11,m
785.5,D3 F5 F4 D4 G#3 G#2 D5 F#2 B3,11,m
786.0,D3 F5 F4 D2 B4 F#2 B3 D4,11,m
786.5,D3 F5 F4 D2 B4 F#4 F#2 B3 D4,11,m
787.0,D3 E-5 E-4 B3 B2 G#4 F#2 D4,11,m
787.5,D3 D5 D4 B3 B2 G#4 B-4 F#2,11,m
788.0,D3 D5 D4 F3 F#2 F#1 B4 B3,11,m
788.5,D3 D5 F#3 F#2 F#1 B3 D4,11,m
789.0,D3 D5 G#3 C#3 C#2 F#2 B3 D4,11,m
789.5,D3 D5 B-3 G#3 G#2 B4 F#2 B3 D4,11,m
790.0,D3 D5 D4 B3 C#3 C#2 G#4 F4 F#2,11,m
790.5,D3 B4 B3 C#3 C#2 G#4 F#4 F#2 D4,6,M
791.0,D3 D5 D4 B3 B2 F4 G#4 F#2,6,M
791.5,D3 B-5 B3 B2 F4 B-4 F#2 D4,6,M
792.0,D3 G#5 G#4 F3 F#2 F#1 B4 B3 D4,6,M
792.5,D3 G#5 G#4 F#3 F#2 F#1 B3 D4,6,M
793.0,D3 G#5 G#4 G#3 C#3 C#2 D5 F#2 B3 D4,6,M
793.5,D3 G#5 G#4 B-3 G#3 G#2 B4 F#2 B3 D4,6,M
794.0,G#5 G#4 B3 C#3 C#2 F4 F#2 C#4,6,M
794.5,C#3 F5 F4 C#2 G#4 F#4 F#2 B3 C#4,6,M
795.0,C#3 C#5 C#4 B3 B2 F4 G#4 F#2,6,M
795.5,C#3 B-5 B2 F4 B-4 F#2 B3 C#4,6,M
796.0,C#3 B-5 F#1 B-4 F#4 B-3 C#4 F#2,6,M
796.5,C#3 B-5 F#3 F#2 F#1 B-4 F#4 B-3 C#4,6,M
797.0,C#3 B-5 C#2 B-4 F#4 B-3 C#4 F#2,6,M
797.5,C#3 B-5 C#4 F#3 F#2 B-4 F#4 B-3,6,M
798.0,C#3 B-5 C#2 B-4 C#4 B-3 F#2,6,M
798.5,C#3 B-5 C#2 B-4 F4 C#4 B-3 F#2,6,M
799.0,C#3 C5 B-2 C4 F#4 B-3 C#4 F#2,6,M
799.5,C#3 C5 B-2 C4 G#4 G4 B-3 C#4 F#2,6,M
800.0,B-5 C#3 C#5 F#2 F#1 C#4 B-4 G#4 B-3,6,M
800.5,B-5 C#3 C#5 F#3 F#2 F#1 G#4 B-3 C#4,6,m
801.0,B-5 C#3 C#5 C#2 G#4 B-3 C#4 F#2,6,m
801.5,B-5 C#3 C#5 F#3 F#2 G#4 B-3 C#4,6,m
802.0,B-5 F4 C#3 C#5 C#2 C#4 B-3 F#2,6,m
802.5,B-5 F4 C#3 E-5 E-4 C#2 C#5 C#4 B-3 F#2,6,m
803.0,C#5 E-4 C#3 F#5 F#4 B3 C#4 F#2,6,m
803.5,C#5 F4 C#3 G#5 G#4 B3 C#4 F#2,6,m
804.0,C#5 C#3 A5 F#2 F#1 A4 G#4 A3 C#4,6,m
804.5,C#5 C#3 A5 F#3 F#2 F#1 A4 G#4 A3 C#4,6,m
805.0,C#5 C#3 A5 B3 C#2 A4 G#4 A3 C#4 F#2,6,m
805.5,C#5 C#3 A5 F#3 F#2 A4 G#4 A3 C#4,6,m
806.0,C#5 F#4 C#3 A5 C#2 A4 C#4 G#4 A3 F#2,6,m
806.5,F#4 C#3 A5 C#2 A4 C#4 A3 F#2,6,m
807.0,C#3 D5 A2 D4 B4 A3 C#4 F#2,6,m
807.5,C#3 C#5 A2 A4 C#4 A3 F#2,6,m
808.0,C#6 C#3 C#5 G#1 C#4 B4 B3 G#2,6,m
808.5,C#6 C#3 C#5 F#3 G#2 G#1 B4 B3 C#4,6,m
809.0,C#6 C#3 C#5 A3 C#2 B4 B3 C#4 G#2,6,m
809.5,C#6 C#3 C#5 F#3 G#3 G#2 B4 B3 C#4,6,m
810.0,C#6 C#3 C#5 C#2 C#4 F4 B3 G#2,6,m
810.5,C#6 C#4 C#3 F#5 C#2 F#4 C#5 B3 G#2,6,m
811.0,G#5 C#4 C#3 F#5 B2 F#4 C#5 B3 G#2,6,m
811.5,G#5 C#4 C#3 F5 B2 F4 C#5 B3 G#2,6,m
812.0,F3 F#3 F5 A1 F4 C4 C5 A2,6,m
812.5,F3 F#3 F5 A2 A1 F4 C4 C5,6,m
813.0,F3 F#3 F5 A4 G3 G2 F4 C4 C5 A2,6,m
813.5,C5 F3 F#3 F5 F2 F4 C4 A2,6,m
814.0,C5 F3 F#3 F5 F2 F4 C4 A4 A2,6,m
814.5,F3 F#3 F5 F2 F4 G4 C4 A4 A2,6,m
815.0,F3 F#3 E-6 C3 E-5 F4 C4 G4 A2,6,m
815.5,F3 F#3 E-6 C3 E-5 F5 F4 C4 A2,6,m
816.0,F#3 D6 A2 A1 D5 A5 F#4 C4,6,m
816.5,F#3 D6 F#4 A2 A1 D5 C4,6,m
817.0,F#3 D6 A4 G3 G2 D5 F#4 C4 A2,6,m
817.5,F#3 D6 C5 F#2 D5 F#4 C4 A2,6,M
818.0,D5 F#3 D6 C5 F#2 A5 F#4 C4 A2,6,M
818.5,D5 F#3 E5 E4 F#2 A4 F#4 C4 A2,6,M
819.0,D4 F#3 E5 E4 A2 A1 C5 F#4 C4,6,M
819.5,D4 F#3 F#5 A1 F#4 C4 A2,6,M
820.0,B-4 F#3 F#5 B-1 F#4 C#4 C#5 B-2,6,M
820.5,B-4 F#3 F#5 B-2 B-1 F#4 C#4 C#5,6,M
821.0,B-4 F#3 F#5 G#3 G#2 F#4 C#4 C#5 B-2,6,M
821.5,B-4 F#3 F#5 C#5 F#2 F#4 C#4 B-2,6,M
822.0,B-4 F#3 F#5 C#5 F#2 F#4 C#4 B-2,6,M
822.5,F#3 F#5 F#2 F#4 G#4 C#4 B-4 B-2,6,M
823.0,F#3 E6 E5 C#3 F#4 C#4 G#4 B-2,6,M
823.5,F#3 E6 E5 C#3 F#5 F#4 C#4 B-2,11,m
824.0,G3 E-6 B-2 B-1 B-5 G4 C#4 E-5,11,m
824.5,G3 E-6 G4 B-2 B-1 C#4 E-5,11,m
825.0,G3 E-6 B-4 G#3 G#2 G4 C#4 E-5 B-2,11,m
825.5,G3 E-6 C#5 G2 G4 C#4 E-5 B-2,11,m
826.0,G3 E-6 C#5 G2 B-5 G4 C#4 E-5 B-2,11,m
826.5,E-5 G#6 G#5 G3 G2 F5 G4 C#4 B-2,11,m
827.0,E-4 G3 G#6 G#5 B-2 B-1 B-5 G4 C#4,11,m
827.5,E-4 G3 G6 G5 B-1 B4 G4 C#4 B-2,11,m
828.0,F#6 B3 F#5 B6 B5 F#4 B1 B2 D4 B4 F#3,11,m
828.5,F#6 B3 F#5 B6 B5 B4 B1 B2 F#4 D4 F#3,11,m
829.0,F#6 B3 F#5 B6 B5 D5 F#3 F#2 B2 F#4 D4 B4,11,m
829.5,F#6 B3 F#5 B2 B6 B5 E5 F#4 D4 B4 F#3,11,m
830.0,B3 F#4 B2 F#6 F#5 F#2 D4 F#3,11,m
830.5,B3 B4 B2 F#6 F#5 F#2 B5 D4 F#4 F#3,11,m
831.0,B3 F#5 B2 B4 D3 B5 F#4 D4 F#3,11,m
831.5,B3 C#5 B2 F#6 F#5 D3 C#6 D4 F#4 F#3,11,m
832.0,F#6 B3 F#5 B6 B5 F#4 B2 B1 D6 D4 B4 F#3,11,m
832.5,F#6 B3 F#5 B6 B5 B4 B1 B2 F#4 D4 F#3,11,m
833.0,F#6 B3 B4 F#5 B6 B5 D5 F#3 F#2 B2 F#4 D4,11,m
833.5,F#6 B3 F#5 D4 B6 B5 E5 B2 F#4 B4 F#3,11,m
834.0,F#6 B3 F#4 B4 F#3 B6 B5 F#2 F#5 B2 D4,11,m
834.5,B3 B4 F#3 B2 F#6 F#5 B5 F#4 D4,11,m
835.0,B3 B4 D4 D3 B5 B2 F#4,11,m
835.5,B3 C#5 F#6 F#5 D4 D3 C#6 B2 F#4,11,m
836.0,G3 B-3 G6 G5 D4 G1 D6 G2 B-4 G4 D5 D3,11,m
836.5,G3 B-3 G6 G5 G4 G1 G2 B-4 D4 D5 D3,11,m
837.0,G3 B-3 G6 G5 B-4 D3 D2 G2 D4 G4 D5,11,m
837.5,G3 B-3 G2 G6 G5 C5 B-4 D4 G4 D5 D3,7,m
838.0,G3 D4 G5 B-3 G2 D6 D2 B-4 G4 D5 D3,7,m
838.5,G3 F#4 G5 B-3 G2 D6 D2 F#5 B-4 D4 G4 D5 D3,7,m
839.0,G3 B-3 G2 B-2 G5 B-4 D4 G4 D5 D3,7,m
839.5,G3 A4 G5 B-3 G2 D6 B-2 A5 B-4 D4 G4 D5 D3,7,m
840.0,G3 B-4 B-3 G6 G5 D4 G2 G1 B-5 G4 D5 D3,7,m
840.5,G3 D5 B-3 G6 G5 G4 G1 G2 B-4 D4 D3,7,m
841.0,G3 G4 B-3 G6 G5 B-4 D3 D2 G2 D4 D5,7,m
841.5,G3 D5 B-3 G6 G5 C5 G2 B-4 D4 G4 D3,7,m
842.0,G3 E4 G4 D3 G6 G5 D5 G1 E5 G2 B-4 D4 B-3,7,m
842.5,E5 G3 F#4 G5 G4 D3 D6 D5 G2 G1 F#5 B-4 D4 B-3,7,m
843.0,G3 G5 G4 G2 D5 B-4 D4,7,m
843.5,G4 D6 D5 G3 G5 G2 B-4,7,m
844.0,E3 G3 E6 B3 E1 E5 E2 B4 G4 B2,7,m
844.125,E3 G3 E6 B3 E1 E5 E2 B4 G4 B2,4,m
844.25,E3 G3 E6 B3 E1 E5 E2 B4 G4 B2,4,m
844.375,E3 G3 E6 B3 E1 E5 B4 E2 G4 B2,4,m
844.5,E4 E3 G3 E6 D4 E1 E5 E2 B4 G4 B2,4,m
844.625,E4 E3 G3 E6 D4 E1 E5 E2 B4 G4 B2,4,m
844.75,E4 E3 G3 E6 D4 E1 E5 E2 B4 G4 B2,4,m
844.875,E4 E3 G3 E6 D4 E1 E5 E2 B4 G4 B2,4,m
845.0,E3 G3 E6 G4 B2 B1 E5 E2 B4,4,m
845.125,E3 G3 E6 B1 E5 E2 B4 G4 B2,4,m
845.25,E3 G3 E6 B1 E5 E2 B4 G4 B2,4,m
845.375,E3 G3 E6 G4 B2 B1 E5 E2 B4,4,m
845.5,E3 G3 E6 A4 E5 E2 B4 G4 B2,4,m
845.625,G3 E6 A4 E3 E5 E2 B4 G4 B2,4,m
845.75,G3 E6 A4 E3 E5 E2 B4 G4 B2,4,m
845.875,E3 G3 E6 A4 E2 E5 B4 G4 B2,4,m
846.0,E3 B3 G3 E2 B5 B1 B4 G4 E4 B2,4,m
846.125,E3 B3 G3 B5 B1 E2 B4 G4 E4 B2,4,m
846.25,E3 B3 G3 B5 B1 E2 B4 G4 E4 B2,4,m
846.375,E3 B3 G3 B5 B1 B4 E2 G4 E4 B2,4,m
846.5,E3 G4 G3 B5 B1 G5 E2 B4 E4 B2,4,m
846.625,E3 G3 B5 B1 G5 E2 B4 G4 E4 B2,4,m
846.75,E3 G3 B5 B1 G5 E2 B4 G4 E4 B2,4,m
846.875,E3 G3 E2 B5 B1 G5 B4 G4 E4 B2,4,m
847.0,E3 F#4 E2 G5 G3 G2 F#5 B4 G4 E4 B2,4,m
847.125,E3 F#4 G5 G3 G2 F#5 E2 B4 G4 E4 B2,4,m
847.25,E3 F#4 G5 G3 G2 F#5 E2 B4 G4 E4 B2,4,m
847.375,E3 F#4 E2 G5 G3 G2 F#5 B4 G4 E4 B2,4,m
847.5,E3 G5 B3 E2 B5 G3 G2 E5 B4 G4 E4 B2,4,m
847.625,E3 G5 B3 B5 G3 G2 E5 E2 B4 G4 E4 B2,4,m
847.75,E3 G5 B3 B5 G3 G2 E5 E2 B4 G4 E4 B2,4,m
847.875,E3 G5 B3 E2 B5 G3 G2 E5 B4 G4 E4 B2,4,m
848.0,E3 G5 G3 E6 B3 E2 E1 E5 B5 B4 G4 E4 B2,4,m
848.125,E3 G5 G3 E6 B3 E1 E5 B5 E2 B4 G4 E4 B2,4,m
848.25,E3 G5 G3 E6 B3 E1 E5 B5 E2 B4 G4 E4 B2,4,m
848.375,E3 B4 G5 G3 E6 B3 E1 E5 B5 E2 G4 E4 B2,4,m
848.5,E4 E3 G5 G3 E6 D4 E1 E5 E2 B4 G4 B2,4,m
848.625,E3 G5 G3 E6 D4 E1 E5 E2 B4 G4 E4 B2,4,m
848.75,E3 G5 G3 E6 D4 E1 E5 E2 B4 G4 E4 B2,4,m
848.875,E4 E3 G5 G3 E6 D4 E1 E5 E2 B4 G4 B2,4,m
849.0,E3 B4 G3 E6 G4 B2 B1 E5 E2 E4,4,m
849.125,E3 G3 E6 B1 E5 E2 B4 G4 E4 B2,4,m
849.25,E3 G3 E6 B1 E5 E2 B4 G4 E4 B2,4,m
849.375,E3 G3 E6 G4 B2 B1 E5 E2 B4 E4,4,m
849.5,E3 G3 E6 A4 E5 E2 B4 G4 E4 B2,4,m
849.625,G3 E6 A4 E3 E5 E2 B4 G4 E4 B2,4,m
849.75,G3 E6 A4 E3 E5 E2 B4 G4 E4 B2,4,m
849.875,E3 G3 E6 A4 E5 E2 B4 G4 E4 B2,4,m
850.0,E3 B3 B5 B2 B1 E2 B4 G4 E4,4,m
850.125,E3 B3 B5 B1 E2 B4 G4 E4 B2,4,m
850.25,E3 B3 B5 B1 E2 B4 G4 E4 B2,4,m
850.375,E3 B3 E4 B5 B1 B4 E2 G4 B2,4,m
850.5,E3 G4 B5 B1 G5 E2 B4 E4 B2,4,m
850.625,E3 B5 B1 G5 E2 B4 G4 E4 B2,4,m
850.75,E3 B5 B1 G5 E2 B4 G4 E4 B2,4,m
850.875,E3 E2 B5 B1 G5 B4 G4 E4 B2,4,m
851.0,E3 B3 E2 G6 G5 B4 G4,4,m
851.125,E3 B3 E2 G6 G5 B4 G4,4,m
851.25,E3 B3 E2 G6 G5 B4 G4,4,m
851.375,E3 B3 E2 G6 G5 B4 G4,4,m
851.5,E3 G5 E2 F#6 F#5 B5 B4 G4,4,m
851.625,E3 G5 E2 F#6 F#5 B5 B4 G4,4,m
851.75,E3 G5 E2 F#6 F#5 B5 B4 G4,4,m
851.875,E3 G5 E2 F#6 F#5 B5 B4 G4,4,m
852.0,E3 G3 E6 B3 E2 E1 E5 B5 B4 G4 B2,4,m
852.125,E3 G3 E6 B3 E1 E5 B5 E2 B4 G4 B2,4,m
852.25,E3 G3 E6 B3 E1 E5 B5 E2 B4 G4 B2,4,m
852.375,E3 B4 G3 E6 B3 E1 E5 B5 E2 G4 B2,4,m
852.5,E4 E3 G3 E6 D4 E1 E5 E2 B4 G4 B2,4,m
852.625,E4 E3 G3 E6 D4 E1 E5 E2 B4 G4 B2,4,m
852.75,E4 E3 G3 E6 D4 E1 E5 E2 B4 G4 B2,4,m
852.875,E4 E3 G3 E6 D4 E1 E5 E2 B4 G4 B2,4,m
853.0,E3 G3 E6 G4 B2 B1 E5 E2 B4,4,m
853.125,E3 G3 E6 B1 E5 E2 B4 G4 B2,4,m
853.25,E3 G3 E6 B1 E5 E2 B4 G4 B2,4,m
853.375,E3 G3 E6 G4 B2 B1 E5 E2 B4,4,m
853.5,E3 G3 E6 A4 E5 E2 B4 G4 B2,4,m
853.625,G3 E6 A4 E3 E5 E2 B4 G4 B2,4,m
853.75,G3 E6 A4 E3 E5 E2 B4 G4 B2,4,m
853.875,E3 G3 E6 A4 E5 E2 B4 G4 B2,4,m
854.0,E3 B3 G5 G3 E6 B2 B1 E5 B4 E2 G4,4,m
854.125,E3 B3 G5 G3 E6 B1 E5 E2 B4 G4 B2,4,m
854.25,E3 B3 G5 G3 E6 B1 E5 E2 B4 G4 B2,4,m
854.375,E3 B3 G5 G3 E2 E6 B2 B1 E5 B4 G4,4,m
854.5,E3 G5 G3 E2 B5 B2 B1 B4 G4 E4,4,m
854.625,E3 G3 B5 B1 G5 E2 B4 G4 E4 B2,4,m
854.75,E3 G3 B5 B1 G5 E2 B4 G4 E4 B2,4,m
854.875,E3 G5 G3 E2 B5 B1 B4 G4 E4 B2,4,m
855.0,E3 F#4 E2 G5 G3 G2 F#5 B4 G4 E4 B2,4,m
855.125,E3 F#4 G5 G3 G2 F#5 E2 B4 G4 E4 B2,4,m
855.25,E3 F#4 G5 G3 G2 F#5 E2 B4 G4 E4 B2,4,m
855.375,E3 F#4 E2 G5 G3 G2 F#5 B4 G4 E4 B2,4,m
855.5,E3 G5 B3 E2 B5 G3 G2 E5 B4 G4 E4 B2,4,m
855.625,E3 G5 B3 B5 G3 G2 E5 E2 B4 G4 E4 B2,4,m
855.75,E3 G5 B3 B5 G3 G2 E5 E2 B4 G4 E4 B2,4,m
855.875,E3 G5 B3 E2 B5 G3 G2 E5 B4 G4 E4 B2,4,m
856.0,E3 G5 G3 E6 B3 E2 E1 E5 B5 B4 G4 E4 B2,4,m
856.125,E3 G5 G3 E6 B3 E1 E5 B5 E2 B4 G4 E4 B2,4,m
856.25,E3 G5 G3 E6 B3 E1 E5 B5 E2 B4 G4 E4 B2,4,m
856.375,E3 B4 G5 G3 E6 B3 E1 E5 B5 E2 G4 E4 B2,4,m
856.5,E4 E3 B4 G3 E6 D4 E1 E5 E2 G4 B2,4,m
856.625,E3 G3 E6 D4 E1 E5 E2 B4 G4 E4 B2,4,m
856.75,E3 G3 E6 D4 E1 E5 E2 B4 G4 E4 B2,4,m
856.875,E4 E3 B4 G3 E6 D4 E1 E5 E2 G4 B2,4,m
857.0,E3 E4 G3 E6 G4 B2 B1 E5 E2 B4,4,m
857.125,E3 G3 E6 B1 E5 E2 B4 G4 E4 B2,4,m
857.25,E3 G3 E6 B1 E5 E2 B4 G4 E4 B2,4,m
857.375,E3 E4 G3 E6 G4 B2 B1 E5 E2 B4,4,m
857.5,E3 B4 G3 E6 A4 E5 E2 G4 E4 B2,4,m
857.625,G3 E6 A4 E3 E5 E2 B4 G4 E4 B2,4,m
857.75,G3 E6 A4 E3 E5 E2 B4 G4 E4 B2,4,m
857.875,E6 E3 G3 A4 E5 E2 B4 G4 E4 B2,4,m
858.0,E5 E3 E6 B2 B1 E4 B4 E2 G4,4,m
858.5,E5 E3 B5 B1 E4 G5 E2 B4 G4 B2,4,m
859.0,G5 G4 B4,4,m
859.5,F#5 F#4 E-5,4,m
860.0,E5 E4 G3 C2 G2,4,m
860.5,E5 E4 C4 C2 G2,4,m
861.0,E5 E4 G2 C2,4,m
861.5,E5 E4 F4 C3 C2 G2,0,M
862.0,E4 G2 C2 G4,0,M
862.5,E4 G2 C2 B4,0,M
863.0,E4 E3 C2 C5 G2,0,M
863.5,E4 C2 D5 G2,0,M
864.0,G3 E5 E4 C2 G2,0,M
864.5,G3 E5 E4 C4 C2 G2,0,M
865.0,E5 E4 G2 C2,0,M
865.5,E5 E4 F4 C3 C2 G2,0,M
866.0,E4 G2 C2 G4,0,M
866.5,E4 G2 C2 A4,0,M
867.0,E3 C2 B4 G2,0,M
867.5,E3 C2 C5 G2,10,m
868.0,C#4 F5 C#5 F3 B-2 B-1,10,m
868.5,C#4 F5 C#5 B-3 B-2 B-1 F3,10,m
869.0,C#4 F5 C#5 F2 B-1 F3,10,m
869.5,C#4 F5 C#5 E-4 B-2 B-1 F3,10,m
870.0,C#4 F4 F2 B-1 F3,10,m
870.5,C#4 F4 F2 B-1 G4 F3,10,m
871.0,C#4 F4 C#3 B-1 B-4 F3,10,m
871.5,C#4 F4 C#3 B-1 C5 F3,10,m
872.0,C#4 G3 F5 C#5 F3 B-2 B-1,10,m
872.5,C#4 G3 F5 C#5 B-3 B-2 B-1 F3,10,m
873.0,C#4 F5 C#5 F2 B-1 F3,10,m
873.5,C#4 F5 C#5 E-4 B-2 B-1 F3,10,m
874.0,C#4 F4 F2 B-1 F3,10,m
874.5,C#4 F4 F2 B-1 G4 F3,10,m
875.0,C#4 F4 C#3 B-1 A4 F3,10,m
875.5,F4 C#4 C#3 B-1 B-4 F3,10,m
876.0,F6 A4 F5 C4 C3 F2 F1 C5,10,m
876.5,F6 A4 F5 C4 F3 F2 F1,10,m
877.0,F6 A4 F5 C4 A3 C3 F1,10,m
877.5,F6 A4 F5 C4 D3 F1,10,m
878.0,F6 C5 A4 F5 C4 C3 F1,10,m
878.5,C5 A4 F5 B5 C4 C3 F1 F4,10,m
879.0,C5 A4 F5 B4 C4 C3 F1,10,m
879.5,C5 C4 G4 B-4 C3 F1,10,m
879.75,C5 B-4 C4 G5 C3 F1,10,m
880.0,F6 C5 A4 C4 F5 C3 F2 F1,10,m
880.5,F6 C4 A4 F5 F3 F2 F1,5,M
881.0,F6 C4 A4 F5 A3 C3 F1,5,M
881.5,F6 E4 A4 F5 C4 D3 F1,5,M
882.0,F6 C5 A4 F5 C4 C3 F1,5,M
882.5,C5 A4 F5 B5 C4 C3 F1 F4,5,M
883.0,A4 F5 B4 C4 C3 F1,5,M
883.5,C4 G4 B-4 C3 F1 C5,5,M
883.75,B-4 C4 G5 C3 F1 C5,5,M
884.0,F6 A4 C4 F5 C3 F2 F1 C5,5,M
884.5,A4 F5 B5 C4 F3 F2 F1,5,M
885.0,A4 F5 B4 C4 A3 C3 F1,5,M
885.5,A4 F5 C4 F4 D3 F1,5,M
886.0,F6 A4 F5 C4 C3 F1,5,M
886.5,A4 F5 B5 C4 C3 F1 F4,5,M
887.0,A4 F5 B4 C4 C3 F1,5,M
887.5,C4 G4 B-4 C3 F1 C5,5,M
887.75,B-4 C4 G5 C3 F1 C5,5,M
888.0,F6 A4 C4 F5 C3 F2 F1 C5,5,M
888.5,A4 F5 B5 C4 F3 F2 F1,5,M
889.0,A4 F5 B4 C4 A3 C3 F1,5,M
889.5,A4 F5 C4 F4 D3 F1,5,M
890.0,F6 A4 F5 C4 C3 F1,5,M
890.5,A4 F5 B5 C4 C3 F1 F4,5,M
891.0,A4 F5 B4 C4 C3 F1,5,M
891.5,C4 F4 B-4 C3 F1 C5,5,M
891.75,B-4 C4 G5 C3 F1 C5,5,M
892.0,F6 A4 C4 F5 C3 F2 F1 C5,5,M
892.5,F6 A4 F5 C4 F3 F2 F1,5,M
893.0,F6 A4 F5 C4 A3 C3 F1,5,M
893.5,F6 C4 F5 D3 F1,5,M
893.75,F6 B-4 F5 C4 D3 F1,5,M
894.0,F6 A4 F5 C4 C3 F1,5,M
894.5,F6 A4 F5 C4 C3 F1 F4,5,M
895.0,F6 A4 F5 C4 D3 F1,5,M
895.5,F6 C4 F5 C3 F1 C5,5,M
895.75,F6 B-4 F5 C4 C3 F1 C5,5,M
896.0,F6 A4 F5 C4 C3 F2 F1 C5,5,M
896.5,F6 A4 F5 C4 F3 F2 F1,5,M
897.0,F6 A4 F5 C4 A3 C3 F1,5,M
897.5,F6 C4 F5 D3 F1,5,M
897.75,F6 B-4 F5 C4 D3 F1,5,M
898.0,F6 A4 F5 C4 C3 F1,5,M
898.5,F6 A4 F5 C4 C3 F1 F4,5,M
899.0,F6 A4 F5 C4 D3 F1,5,M
899.5,F6 C4 F5 C3 F1 C5,5,M
899.75,F6 B-4 F5 C4 C3 F1 C5,5,M
900.0,F6 A4 F2 F4 C4 F1 C5,5,M
900.125,F6 A4 F2 F4 C4 F1 C5,5,M
900.25,F6 A4 F2 F4 C4 F1 C5,5,M
900.375,F6 A4 F2 F4 C4 F1 C5,5,M
900.5,F6 A4 F2 F4 C4 F1,5,M
900.625,F6 A4 F2 F4 C4 F1,5,M
900.75,F6 A4 F2 F4 C4 F1,5,M
900.875,F6 A4 F2 F4 C4 F1,5,M
901.0,F6 A4 F2,5,M
901.125,F6 A4 F2,5,M
901.25,F6 A4 F2,5,M
901.375,F6 A4 F2,5,M
901.5,F6 A4 F2,5,M
901.625,F6 A4 F2,5,M
901.75,F6 B-4 F2,5,M
901.875,F6 B-4 F2,5,M
902.0,F6 A4 F2,5,M
902.125,F6 A4 F2,?,?
902.25,F6 A4 F2,?,?
902.375,F6 A4 F2,?,?
902.5,F6 A4 F2,?,?
902.625,F6 A4 F2,?,?
902.75,F6 A4 F2,?,?
902.875,F6 A4 F2,?,?
903.0,F6 A4 F2,?,?
903.125,F6 A4 F2,?,?
903.25,F6 A4 F2,?,?
903.375,F6 A4 F2,?,?
903.5,F6 A4 F2,?,?
903.625,F6 A4 F2,?,?
903.75,F6 B-4 F2,?,?
903.875,F6 B-4 F2,?,?
904.0,F6 A4 F2,?,?
904.125,F6 A4 F2,?,?
904.25,F6 A4 F2,?,?
904.375,F6 A4 F2,?,?
904.5,F6 A4 F2,?,?
904.625,F6 A4 F2,?,?
904.75,F6 A4 F2,?,?
904.875,F6 A4 F2,?,?
905.0,F6 A4 F2,?,?
905.125,F6 A4 F2,?,?
905.25,F6 A4 F2,?,?
905.375,F6 A4 F2,?,?
905.5,F6 A4 F2,?,?
905.625,F6 A4 F2,?,?
905.75,F6 B-4 F2,?,?
905.875,F6 B-4 F2,?,?
906.0,F6 A4 F2,?,?
906.125,F6 A4 F2,?,?
906.25,F6 A4 F2,?,?
906.375,F6 A4 F2,?,?
906.5,F6 A4 F2,?,?
906.625,F6 A4 F2,?,?
906.75,F6 A4 F2,?,?
906.875,F6 A4 F2,?,?
907.0,F6 A4 F2,?,?
907.125,F6 A4 F2,?,?
907.25,F6 A4 F2,?,?
907.375,F6 A4 F2,?,?
907.5,F6 A4 F2,?,?
907.625,F6 A4 F2,?,?
907.75,F6 G4 F2,?,?
907.875,F6 G4 F2,?,?
908.0,F6 F2 F1 F4,?,?
908.125,F6 F2 F1 F4,?,?
908.25,F6 F2 F1 F4,?,?
908.375,F6 F2 F1 F4,?,?
908.5,F6 F2 F1 F4,?,?
908.625,F6 F2 F1 F4,?,?
908.75,F6 F2 F1 F4,?,?
908.875,F6 F4 F2 F1,?,?
909.0,F2 F1 F4,?,?
909.125,F2 F1 F4,?,?
909.25,F2 F1 F4,?,?
909.375,F2 F1 F4,?,?
909.5,F2 F1 F4,?,?
909.625,F2 F1 F4,?,?
909.75,F2 F1 F4,?,?
909.875,F2 F1 F4,?,?
910.0,F2 F1 F4,?,?
910.125,F2 F1 F4,?,?
910.25,F2 F1 F4,?,?
910.375,F2 F1 F4,?,?
910.5,F2 F1 F4,?,?
910.625,F2 F1 F4,?,?
910.75,F2 F1 F4,?,?
910.875,F2 F1 F4,?,?
911.0,F2 F1 F4,?,?
911.125,F2 F1 F4,?,?
911.25,F2 F1 F4,?,?
911.375,F2 F1 F4,?,?
911.5,F2 F1 F4,?,?
911.625,F2 F1 F4,?,?
911.75,F2 F1 F4,?,?
911.875,F2 F1 F4,?,?
912.0,F2 F1 F4,?,?
912.125,F2 F1 F4,?,?
912.25,F2 F1 F4,?,?
912.375,F2 F1 F4,?,?
912.5,F2 F1 F4,?,?
912.625,F2 F1 F4,?,?
912.75,F2 F1 F4,?,?
912.875,F2 F1 F4,?,?
913.0,F2 F1 F4,?,?
913.125,F2 F1 F4,?,?
913.25,F2 F1 F4,?,?
913.375,F2 F1 F4,?,?
913.5,F2 F1 F4,?,?
913.625,F2 F1 F4,?,?
913.75,F2 F1 F4,?,?
913.875,F2 F1 F4,?,?
914.0,F2 F1 F4,?,?
914.125,F2 F1 F4,?,?
914.25,F2 F1 F4,?,?
914.375,F2 F1 F4,?,?
914.5,F2 F1 F4,?,?
914.625,F2 F1 F4,?,?
914.75,F2 F1 F4,?,?
914.875,F2 F1 F4,?,?
915.0,F2 F1 F4,?,?
915.125,F2 F1 F4,10,m
915.25,F2 F1 F4,10,m
915.375,F2 F1 F4,10,m
915.5,F4 F3 F2 F1,10,m
915.625,F3 F2 F1 F4,10,m
915.75,F3 F2 F1 F4,10,m
915.875,F4 F3 F2 F1,10,m
916.0,F4 F3 F2 F1,10,m
916.125,F3 F2 F1 F4,10,m
916.25,F3 F2 F1 F4,10,m
916.375,F3 F2 F1 F4,10,m
916.5,F3 F2 F1 F4,10,m
916.625,F3 F2 F1 F4,10,m
916.75,F3 F2 F1 F4,10,m
916.875,F4 F3 F2 F1,10,m
917.0,F4 F3 F2 F1,10,m
917.125,F4 F3 F2 F1,10,m
917.25,F4 F3 F2 F1,10,m
917.375,F4 F3 F2 F1,10,m
917.5,F4 F3 F2 F1,10,m
917.625,F4 F3 F2 F1,10,m
917.75,F4 F3 F2 F1,10,m
917.875,F4 F3 F2 F1,10,m
918.0,F4 F3 F2 E-4 E-3 F1,10,m
918.125,F4 F3 F2 E-4 E-3 F1,10,m
918.25,F4 F3 F2 E-4 E-3 F1,10,m
918.375,F4 F3 F2 E-4 E-3 F1,10,m
918.5,F4 F3 F2 E-4 E-3 F1,10,m
918.625,F4 F3 F2 E-4 E-3 F1,10,m
918.75,F4 F3 F2 E-4 E-3 F1,10,m
918.875,F4 F3 F2 E-4 E-3 F1,10,m
919.0,F4 F3 F2 E-4 E-3 F1,10,m
919.125,F4 F3 F2 E-4 E-3 F1,10,m
919.25,F4 F3 F2 E-4 E-3 F1,10,m
919.375,F4 F3 F2 E-4 E-3 F1,10,m
919.5,F4 F3 F2 E-4 E-3 F1,10,m
919.625,F3 F2 E-4 E-3 F1 F4,10,m
919.75,F3 F2 E-4 E-3 F1 F4,10,m
919.875,F4 F3 F2 E-4 E-3 F1,10,m
920.0,F4 F3 F2 E-4 E-3 F1,10,m
920.125,F3 F2 E-4 E-3 F1 F4,10,m
920.25,F3 F2 E-4 E-3 F1 F4,10,m
920.375,F3 F2 E-4 E-3 F1 F4,10,m
920.5,F3 F2 E-4 E-3 F1 F4,10,m
920.625,F3 F2 E-4 E-3 F1 F4,10,m
920.75,F3 F2 E-4 E-3 F1 F4,10,m
920.875,F3 F2 E-4 E-3 F1 F4,10,m
921.0,F3 F2 E-4 E-3 F1 F4,10,m
921.125,F3 F2 E-4 E-3 F1 F4,10,m
921.25,F3 F2 E-4 E-3 F1 F4,10,m
921.375,F3 F2 E-4 E-3 F1 F4,10,m
921.5,F3 F2 E-4 E-3 F1 F4,10,m
921.625,F3 F2 E-4 E-3 F1 F4,10,m
921.75,F3 F2 E-4 E-3 F1 F4,10,m
921.875,F3 F2 E-4 E-3 F1 F4,10,m
922.0,F3 F2 C#4 C#3 F1 F4,10,m
922.125,F3 F2 C#4 C#3 F1 F4,10,m
922.25,F3 F2 C#4 C#3 F1 F4,10,m
922.375,F3 F2 C#4 C#3 F1 F4,10,m
922.5,F3 F2 C#4 C#3 F1 F4,10,m
922.625,F3 F2 C#4 C#3 F1 F4,10,m
922.75,F3 F2 C#4 C#3 F1 F4,10,m
922.875,F3 F2 C#4 C#3 F1 F4,10,m
923.0,F3 F2 C#4 C#3 F1 F4,10,m
923.125,F3 F2 C#4 C#3 F1 F4,10,m
923.25,F3 F2 C#4 C#3 F1 F4,10,m
923.375,F4 F3 F2 C#4 C#3 F1,10,m
923.5,F4 F3 F2 C#4 C#3 F1,10,m
923.625,F3 F2 C#4 C#3 F1 F4,10,m
923.75,F3 F2 C#4 C#3 F1 F5 F4,10,m
923.875,F4 F3 F2 C#4 C#3 F1 F5,10,m
924.0,F4 F3 F2 C4 C3 F1 F5,10,m
924.125,F3 F2 C4 C3 F1 F5 F4,10,m
924.25,F3 F2 C4 C3 F1 F5 F4,10,m
924.375,F3 F2 C4 C3 F1 F5 F4,10,m
924.5,F3 F2 C4 C3 F1 F5 F4,10,m
924.625,F3 F2 C4 C3 F1 F5 F4,10,m
924.75,F3 F2 C4 C3 F1 F5 F4,10,m
924.875,F3 F2 C4 C3 F1 F5 F4,10,m
925.0,F3 F2 C4 C3 F1 F5 F4,10,m
925.125,F3 F2 C4 C3 F1 F5 F4,10,m
925.25,F3 F2 C4 C3 F1 F5 F4,10,m
925.375,F3 F2 C4 C3 F1 F5 F4,10,m
925.5,F3 F2 C4 C3 F1 F5 F4,10,m
925.625,F3 F2 C4 C3 F1 F5 F4,10,m
925.75,F3 F2 C4 C3 F1 F5 F4,10,m
925.875,F3 F2 C4 C3 F1 F5 F4,10,m
926.0,F3 F2 B-3 B-2 F1 F5 F4,10,m
926.125,F3 F2 B-3 B-2 F1 F5 F4,10,m
926.25,F3 F2 B-3 B-2 F1 F5 F4,10,m
926.375,F3 F2 B-3 B-2 F1 F5 F4,10,m
926.5,F3 F2 B-3 B-2 F1 F5 F4,10,m
926.625,F3 F2 B-3 B-2 F1 F5 F4,10,m
926.75,F3 F2 B-3 B-2 F1 F5 F4,10,m
926.875,F3 F2 B-3 B-2 F1 F5 F4,10,m
927.0,F3 F2 B-3 B-2 F1 F5 F4,10,m
927.125,F3 F2 B-3 B-2 F1 F5 F4,10,m
927.25,F3 F2 B-3 B-2 F1 F5 F4,10,m
927.375,F4 F3 F2 B-3 B-2 F1 F5,10,m
927.5,F4 F3 F2 B-3 B-2 F1 F5,10,m
927.625,F3 F2 B-3 B-2 F1 F5 F4,10,m
927.75,F3 F2 B-3 B-2 F1 F5 F4,10,m
927.875,F3 F2 B-3 B-2 F1 F5 F4,10,m
928.0,C#4 C#3 F2 G#3 G#2 F1 F5 F4,10,m
928.125,C#4 C#3 F2 G#3 G#2 F1 F5 F4,10,m
928.25,C#4 C#3 F2 G#3 G#2 F1 F5 F4,10,m
928.375,C#4 C#3 F2 G#3 G#2 F1 F5 F4,10,m
928.5,C#4 C#3 F2 G#3 G#2 F1 F5 F4,10,m
928.625,C#4 C#3 F2 G#3 G#2 F1 F5 F4,10,m
928.75,C#4 C#3 F2 G#3 G#2 F1 F5 F4,10,m
928.875,C#4 C#3 F2 G#3 G#2 F1 F5 F4,10,m
929.0,C#4 C#3 F2 G#3 G#2 F1 F5 F4,10,m
929.125,C#4 C#3 F2 G#3 G#2 F1 F5 F4,10,m
929.25,C#4 C#3 F2 G#3 G#2 F1 F5 F4,10,m
929.375,C#4 C#3 F2 G#3 G#2 F1 F5 F4,10,m
929.5,C#4 C#3 F2 G#3 G#2 F1 F5 F4,10,m
929.625,C#4 C#3 F2 G#3 G#2 F1 F5 F4,10,m
929.75,C#4 C#3 F2 G#3 G#2 F1 F5 F4,10,m
929.875,C#4 C#3 F2 G#3 G#2 F1 F5 F4,10,m
930.0,C#4 C#3 F2 B-3 B-2 F1 G#5 F4,10,m
930.125,C#4 C#3 F2 B-3 B-2 F1 G#5 F4,?,?
930.25,C#4 C#3 F2 B-3 B-2 F1 G#5 F4,?,?
930.375,C#4 C#3 F2 B-3 B-2 F1 G#5 F4,?,?
930.5,C#4 C#3 F2 B-3 B-2 F1 G#5 F4,?,?
930.625,C#4 C#3 F2 B-3 B-2 F1 G#5 F4,?,?
930.75,C#4 C#3 F2 B-3 B-2 F1 G#5 F4,?,?
930.875,C#4 C#3 F2 B-3 B-2 F1 G#5 F4,?,?
931.0,C#4 C#3 F2 B-3 B-2 F1 G#5 F4,?,?
931.125,C#4 C#3 F2 B-3 B-2 F1 G#5 F4,?,?
931.25,C#4 C#3 F2 B-3 B-2 F1 G#5 F4,?,?
931.375,C#4 C#3 F2 B-3 B-2 F1 G#5 F4,?,?
931.5,C#4 C#3 F2 B-3 B-2 F1 G#5 F4,?,?
931.625,C#4 C#3 F2 B-3 B-2 F1 G#5 F4,?,?
931.75,C#4 C#3 F2 B-3 B-2 F1 G#5 F4,?,?
931.875,C#4 C#3 F2 B-3 B-2 F1 G#5 F4,?,?
932.0,F3 F2 C3 F1 F5 C4 F4,?,?
932.125,F3 F2 C3 F1 F5 C4 F4,?,?
932.25,F3 F2 C3 F1 F5 C4 F4,?,?
932.375,F3 F2 C3 F1 F5 C4 F4,?,?
932.5,F3 F2 C3 F1 F5 C4 F4,?,?
932.625,F3 F2 C3 F1 F5 C4 F4,?,?
932.75,F3 F2 C3 F1 F5 C4 F4,?,?
932.875,F3 F2 C3 F1 F5 C4 F4,?,?
933.0,F3 F2 C3 F1 F5 C4 F4,?,?
933.125,F3 F2 C3 F1 F5 C4 F4,?,?
933.25,F3 F2 C3 F1 F5 C4 F4,?,?
933.375,F3 F2 C3 F1 F5 C4 F4,?,?
933.5,F3 F2 C3 F1 F5 C4 F4,?,?
933.625,F3 F2 C3 F1 F5 C4 F4,?,?
933.75,F3 F2 C3 F1 F5 C4 F4,?,?
933.875,F3 F2 C4 C3 F1 F5 F4,?,?
934.0,F3 F2 F1 C4 F4,?,?
934.125,F3 F2 F1 C4 F4,?,?
934.25,F3 F2 F1 C4 F4,?,?
934.375,F3 F2 F1 C4 F4,?,?
934.5,F3 F2 F1 C4 F4,?,?
934.625,F3 F2 F1 C4 F4,?,?
934.75,F3 F2 F1 C4 F4,?,?
934.875,F3 F2 F1 C4 F4,?,?
935.0,F3 F2 F1 C4 F4,?,?
935.125,F3 F2 F1 C4 F4,?,?
935.25,F3 F2 F1 C4 F4,?,?
935.375,F3 F2 F1 C4 F4,?,?
935.5,E6 F3 F2 F1 C4 F4,?,?
935.625,E6 F3 F2 F1 C4 F4,?,?
935.75,F#5 F3 F2 F1 C4 F4,?,?
935.875,F#5 F4 F3 F2 F1 C4,?,?
936.0,F5 F2 F1 F4,?,?
936.125,F5 F2 F1 F4,?,?
936.25,F5 F2 F1 F4,?,?
936.375,F5 F2 F1 F4,?,?
936.5,F2 F1 F4,?,?
936.625,F2 F1 F4,?,?
936.75,F2 F1 F4,?,?
936.875,F2 F1 F4,?,?
937.0,F2 F1 F4,?,?
937.125,F2 F1 F4,?,?
937.25,F2 F1 F4,?,?
937.375,F2 F1 F4,?,?
937.5,F2 F1 F4,?,?
937.625,F2 F1 F4,?,?
937.75,F2 F1 F4,?,?
937.875,F2 F1 F4,?,?
938.0,F2 F1 F4,?,?
938.125,F2 F1 F4,?,?
938.25,F2 F1 F4,?,?
938.375,F2 F1 F4,?,?
938.5,F2 F1 F4,?,?
938.625,F2 F1 F4,?,?
938.75,F2 F1 F4,?,?
938.875,F2 F1 F4,?,?
939.0,F2 F1 F4,?,?
939.125,F2 F1 F4,10,M
939.25,F2 F1 F4,10,M
939.375,F2 F1 F4,10,M
939.5,F4 F3 F2 F1,10,M
939.625,F3 F2 F1 F4,10,M
939.75,F3 F2 F1 F4,10,M
939.875,F4 F3 F2 F1,10,M
940.0,F4 F3 F2 F1,10,M
940.125,F3 F2 F1 F4,10,M
940.25,F3 F2 F1 F4,10,M
940.375,F3 F2 F1 F4,10,M
940.5,F3 F2 F1 F4,10,M
940.625,F3 F2 F1 F4,10,M
940.75,F3 F2 F1 F4,10,M
940.875,F4 F3 F2 F1,10,M
941.0,F4 F3 F2 F1,10,M
941.125,F4 F3 F2 F1,10,M
941.25,F4 F3 F2 F1,10,M
941.375,F4 F3 F2 F1,10,M
941.5,F4 F3 F2 F1,10,M
941.625,F4 F3 F2 F1,10,M
941.75,F4 F3 F2 F1,10,M
941.875,F4 F3 F2 F1,10,M
942.0,F4 F3 F2 E-4 E-3 F1,10,M
942.125,F3 F2 E-4 E-3 F1 F4,10,M
942.25,F3 F2 E-4 E-3 F1 F4,10,M
942.375,F3 F2 E-4 E-3 F1 F4,10,M
942.5,F3 F2 E-4 E-3 F1 F4,10,M
942.625,F3 F2 E-4 E-3 F1 F4,10,M
942.75,F3 F2 E-4 E-3 F1 F4,10,M
942.875,F3 F2 E-4 E-3 F1 F4,10,M
943.0,F3 F2 E-4 E-3 F1 F4,10,M
943.125,F3 F2 E-4 E-3 F1 F4,10,M
943.25,F3 F2 E-4 E-3 F1 F4,10,M
943.375,F3 F2 E-4 E-3 F1 F4,10,M
943.5,F3 F2 E-4 E-3 F1 F4,10,M
943.625,F3 F2 E-4 E-3 F1 F4,10,M
943.75,F3 F2 E-4 E-3 F1 F4,10,M
943.875,F3 F2 E-4 E-3 F1 F4,10,M
944.0,F3 F2 E-4 E-3 F1 F4,10,M
944.125,F3 F2 E-4 E-3 F1 F4,10,M
944.25,F3 F2 E-4 E-3 F1 F4,10,M
944.375,F3 F2 E-4 E-3 F1 F4,10,M
944.5,F3 F2 E-4 E-3 F1 F4,10,M
944.625,F3 F2 E-4 E-3 F1 F4,10,M
944.75,F3 F2 E-4 E-3 F1 F4,10,M
944.875,F3 F2 E-4 E-3 F1 F4,10,M
945.0,F3 F2 E-4 E-3 F1 F4,10,M
945.125,F3 F2 E-4 E-3 F1 F4,10,m
945.25,F3 F2 E-4 E-3 F1 F4,10,m
945.375,F3 F2 E-4 E-3 F1 F4,10,m
945.5,F3 F2 E-4 E-3 F1 F4,10,m
945.625,F3 F2 E-4 E-3 F1 F4,10,m
945.75,F3 F2 E-4 E-3 F1 F4,10,m
945.875,F3 F2 E-4 E-3 F1 F4,10,m
946.0,F3 F2 D4 D3 F1 F4,10,m
946.125,F3 F2 D4 D3 F1 F4,10,m
946.25,F3 F2 D4 D3 F1 F4,10,m
946.375,F3 F2 D4 D3 F1 F4,10,m
946.5,F3 F2 D4 D3 F1 F4,10,m
946.625,F3 F2 D4 D3 F1 F4,10,m
946.75,F3 F2 D4 D3 F1 F4,10,m
946.875,F3 F2 D4 D3 F1 F4,10,m
947.0,F3 F2 D4 D3 F1 F4,10,m
947.125,F3 F2 D4 D3 F1 F4,10,m
947.25,F3 F2 D4 D3 F1 F4,10,m
947.375,F4 F3 F2 D4 D3 F1,10,m
947.5,F4 F3 F2 D4 D3 F1,10,m
947.625,F3 F2 D4 D3 F1 F4,10,m
947.75,F3 F2 D4 D3 F1 F5 F4,10,m
947.875,F3 F2 D4 D3 F1 F5 F4,10,m
948.0,F4 F3 F2 C#4 C#3 F1 F5 B3,10,m
948.125,F3 F2 C#4 C#3 F1 F5 B3 F4,10,m
948.25,F3 F2 C#4 C#3 F1 F5 B3 F4,10,m
948.375,F3 F2 C#4 C#3 F1 F5 B3 F4,10,m
948.5,F3 F2 C#4 C#3 F1 F5 B3 F4,10,m
948.625,F3 F2 C#4 C#3 F1 F5 B3 F4,10,m
948.75,F3 F2 C#4 C#3 F1 F5 B3 F4,10,m
948.875,F3 F2 C#4 C#3 F1 F5 B3 F4,10,m
949.0,F3 F2 C#4 C#3 F1 F5 B3 F4,10,m
949.125,F3 F2 C#4 C#3 F1 F5 B3 F4,10,m
949.25,F3 F2 C#4 C#3 F1 F5 B3 F4,10,m
949.375,F3 F2 C#4 C#3 F1 F5 B3 F4,10,m
949.5,F3 F2 C#4 C#3 F1 F5 B3 F4,10,m
949.625,F3 F2 C#4 C#3 F1 F5 B3 F4,10,m
949.75,F4 F3 F2 C#4 C#3 F1 F5 B3,10,m
949.875,F4 F3 F2 C#4 C#3 F1 F5 B3,10,m
950.0,F4 F3 F2 C4 C3 F1 F5 E-4,10,m
950.125,F3 F2 C4 C3 F1 F5 E-4 F4,10,m
950.25,F3 F2 C4 C3 F1 F5 E-4 F4,10,m
950.375,F3 F2 C4 C3 F1 F5 E-4 F4,10,m
950.5,F3 F2 C4 C3 F1 F5 E-4 F4,10,m
950.625,F3 F2 C4 C3 F1 F5 E-4 F4,10,m
950.75,F3 F2 C4 C3 F1 F5 E-4 F4,10,m
950.875,F3 F2 C4 C3 F1 F5 E-4 F4,10,m
951.0,F3 F2 C4 C3 F1 F5 E-4 F4,10,m
951.125,F3 F2 C4 C3 F1 F5 E-4 F4,10,m
951.25,F3 F2 C4 C3 F1 F5 E-4 F4,10,m
951.375,F4 F3 F2 C4 C3 F1 F5 E-4,10,m
951.5,F4 F3 F2 C4 C3 F1 F5 E-4,10,m
951.625,F3 F2 C4 C3 F1 F5 E-4 F4,10,m
951.75,F3 F2 C4 C3 F1 F5 E-4 F4,10,m
951.875,F4 F3 F2 C4 C3 F1 F5 E-4,10,m
952.0,F4 B-3 B-2 F2 C#4 C#3 F1 F5,10,m
952.125,B-3 B-2 F2 C#4 C#3 F1 F5 F4,10,m
952.25,B-3 B-2 F2 C#4 C#3 F1 F5 F4,10,m
952.375,B-3 B-2 F2 C#4 C#3 F1 F5 F4,10,m
952.5,B-3 B-2 F2 C#4 C#3 F1 F5 F4,10,m
952.625,B-3 B-2 F2 C#4 C#3 F1 F5 F4,10,m
952.75,B-3 B-2 F2 C#4 C#3 F1 F5 F4,10,m
952.875,B-3 B-2 F2 C#4 C#3 F1 F5 F4,10,m
953.0,B-3 B-2 F2 C#4 C#3 F1 F5 F4,10,m
953.125,B-3 B-2 F2 C#4 C#3 F1 F5 F4,10,m
953.25,B-3 B-2 F2 C#4 C#3 F1 F5 F4,10,m
953.375,B-3 B-2 F2 C#4 C#3 F1 F5 F4,10,m
953.5,B-3 B-2 F2 C#4 C#3 F1 F5 F4,10,m
953.625,F4 B-3 B-2 F2 C#4 C#3 F1 F5,10,m
953.75,F4 B-3 B-2 F2 C#4 C#3 F1 F5,10,m
953.875,F4 B-3 B-2 F2 C#4 C#3 F1 F5,10,m
954.0,F4 B-3 B-2 F2 D4 D3 F1 B5,10,m
954.125,B-3 B-2 F2 D4 D3 F1 B5 F4,10,m
954.25,B-3 B-2 F2 D4 D3 F1 B5 F4,10,m
954.375,B-3 B-2 F2 D4 D3 F1 B5 F4,10,m
954.5,B-3 B-2 F2 D4 D3 F1 B5 F4,10,m
954.625,B-3 B-2 F2 D4 D3 F1 B5 F4,10,m
954.75,B-3 B-2 F2 D4 D3 F1 B5 F4,10,m
954.875,B-3 B-2 F2 D4 D3 F1 B5 F4,10,m
955.0,B-3 B-2 F2 D4 D3 F1 B5 F4,10,m
955.125,B-3 B-2 F2 D4 D3 F1 B5 F4,10,m
955.25,B-3 B-2 F2 D4 D3 F1 B5 F4,10,m
955.375,B-3 B-2 F2 D4 D3 F1 B5 F4,10,m
955.5,B-3 B-2 F2 D4 D3 F1 B5 F4,10,m
955.625,B-3 B-2 F2 D4 D3 F1 B5 F4,10,m
955.75,B-3 B-2 F2 D4 D3 F1 B5 F4,10,m
955.875,B-3 B-2 F2 D4 D3 F1 B5 F4,10,m
956.0,G#4 F#4 F#1 F#5 F#3 F#2,10,m
958.0,F#4 F#1 F#3 F#2,?,?
959.0,F#4 F#1 F#3 F#2,?,?
959.5,F#6 F#4 F#1 F#3 F#2,?,?
959.75,F#5 F#4 F#1 F#3 F#2,?,?
960.0,F#5 F#3 F#1 F#4 F#2,?,?
960.5,F#3 F#1 F#4 F#2,?,?
962.0,F#3 F#1 F#2,?,?
963.5,F#3 F#1 F#4 F#2,11,m
964.0,F#3 F#1 F#2 F#4,11,m
965.0,F#2 F#1 F#3 F#4,11,m
965.5,F#6 F#5 F#2 F#1 F#3 F#4,11,m
966.0,F#6 F#5 F#2 F#1 E4 E3 F#3 F#4,11,m
970.0,F#6 F#5 F#2 F#1 D4 D3 F#3 F#4,11,m
971.5,F#2 F#1 D4 D3 F#3 F#4,11,m
972.0,F#2 F#1 G3 G4,11,m
973.5,G#6 G#5 F#2 F#1 G3 G4,11,m
974.0,G6 G5 F#2 F#1 F4 F3 G3 G4,11,m
978.0,G6 G5 F#2 F#1 E4 E3 G3 G4,?,?
979.5,F#2 F#1 E4 E3 G3 G4,?,?
980.0,F#3 F#2 F#1 G#3 G#4 G#2,?,?
981.5,A6 A5 G#4 F#3 F#2 F#1 G#3 G#2,?,?
981.75,A6 A5 G#4 F#3 F#2 F#1 E-4 G#2,?,?
982.0,G#6 G#5 F#4 G#4 F#3 G#3 F#2 F#1 G#2,?,?
985.5,F#4 F#2 G#3 F#1 F#3 G#4 G#2,4,M
986.0,G#4 F#2 F#3 F#1 G#3 G4 G#2,4,M
987.75,F#2 F#3 F#1 G#3 G#4 G#2,4,M
988.0,B4 E5 E3 B3 E1 E2 G#4 G#3 E4 B2,4,M
988.125,B4 E5 E3 B3 E1 E2 G#4 G#3 E4 B2,4,M
988.25,B4 E5 E3 B3 E1 E2 G#4 G#3 E4 B2,4,M
988.375,B4 E5 E3 B3 E1 E2 G#4 G#3 E4 B2,4,M
988.5,B4 E5 E3 B3 E1 E2 G#4 G#3 E4 B2,4,M
988.625,B4 E5 E3 B3 E1 E2 G#4 G#3 E4 B2,4,M
988.75,B4 E5 E3 B3 E1 E2 G#4 G#3 E4 B2,4,M
988.875,B4 E5 E3 B3 E1 E2 G#4 G#3 E4 B2,4,M
989.0,B4 E5 E3 B3 E1 E2 G#4 G#3 E4 B2,4,M
989.125,B4 E5 E3 B3 E1 E2 G#4 G#3 E4 B2,4,M
989.25,B4 E5 E3 B3 E1 E2 G#4 G#3 E4 B2,4,M
989.375,B4 E5 E3 B3 E1 E2 G#4 G#3 E4 B2,4,M
989.5,B4 E5 E3 B3 E1 E2 G#4 G#3 E4 B2,4,M
989.625,B4 E5 E3 B3 E1 E2 G#4 G#3 E4 B2,4,M
989.75,B4 E5 E3 B3 E1 E2 G#4 G#3 E4 B2,4,M
989.875,B4 E5 E3 B3 E1 E2 G#4 G#3 E4 B2,4,M
990.0,B4 E5 E3 B3 E1 E2 G#4 G#3 E4 B2,4,M
990.125,B4 E5 E3 B3 E1 E2 G#4 G#3 E4 B2,4,M
990.25,B4 E5 E3 B3 E1 E2 G#4 G#3 E4 B2,4,M
990.375,B4 E5 E3 B3 E1 E2 G#4 G#3 E4 B2,4,M
990.5,B4 E5 E3 B3 E1 E2 G#4 G#3 E4 B2,4,M
990.625,B4 E5 E3 B3 E1 E2 G#4 G#3 E4 B2,4,M
990.75,B4 E5 E3 B3 E1 E2 G#4 G#3 E4 B2,4,M
990.875,B4 E5 E3 B3 E1 E2 G#4 G#3 E4 B2,4,M
991.0,B4 E5 E3 B3 E1 E2 G#4 G#3 E4 B2,4,M
991.125,B4 E5 E3 B3 E1 E2 G#4 G#3 E4 B2,4,M
991.25,B4 E5 E3 B3 E1 E2 G#4 G#3 E4 B2,4,M
991.375,B4 E5 E3 B3 E1 E2 G#4 G#3 E4 B2,4,M
991.5,B4 E5 E3 B3 E1 E2 G#4 G#3 E4 B2,4,M
991.625,B4 E5 E3 B3 E1 E2 G#4 G#3 E4 B2,4,M
991.75,B4 E5 E3 B3 E1 E2 G#4 G#3 E4 B2,4,M
991.875,B4 G#4 E5 E3 B3 E1 E2 G#3 E4 B2,4,M
992.0,G#4 B4 E3 B3 E1 E2 G#3 E4 B2,4,M
992.125,G#4 B4 E3 B3 E1 E2 G#3 E4 B2,4,M
992.25,G#4 B4 E3 B3 E1 E2 G#3 E4 B2,4,M
992.375,G#4 B4 E3 B3 E1 E2 G#3 E4 B2,4,M
992.5,G#4 B4 E3 B3 E1 E2 G#3 E4 B2,4,M
992.625,G#4 B4 E3 B3 E1 E2 G#3 E4 B2,4,M
992.75,G#4 B4 E3 B3 E1 E2 G#3 E4 B2,4,M
992.875,G#4 B4 E3 B3 E1 E2 G#3 E4 B2,4,M
993.0,G#4 B4 E3 B3 E1 E2 G#3 E4 B2,4,M
993.125,G#4 B4 E3 B3 E1 E2 G#3 E4 B2,4,M
993.25,G#4 B4 E3 B3 E1 E2 G#3 E4 B2,4,M
993.375,G#4 B4 E3 B3 E1 E2 G#3 E4 B2,4,M
993.5,G#4 B4 E3 B3 E1 E2 G#3 E4 B2,4,M
993.625,G#4 B4 E3 B3 E1 E2 G#3 E4 B2,4,M
993.75,G#4 B4 E3 B3 E1 E2 G#3 E4 B2,4,M
993.875,B2 G#4 B4 E3 B3 E1 E2 G#3 E4,4,M
994.0,B2 B4 G#4 E3 B3 E1 E2 G#3 E4,4,M
994.125,B2 B4 G#4 E3 B3 E1 E2 G#3 E4,4,M
994.25,B2 B4 G#4 E3 B3 E1 E2 G#3 E4,4,M
994.375,B2 B4 G#4 E3 B3 E1 E2 G#3 E4,4,M
994.5,B2 B4 G#4 E3 B3 E1 E2 G#3 E4,4,M
994.625,B2 B4 G#4 E3 B3 E1 E2 G#3 E4,4,M
994.75,B2 B4 G#4 E3 B3 E1 E2 G#3 E4,4,M
994.875,B2 B4 G#4 E3 B3 E1 E2 G#3 E4,4,M
995.0,B2 B4 G#4 E3 B3 E1 E2 G#3 E4,4,M
995.125,B2 B4 G#4 E3 B3 E1 E2 G#3 E4,4,M
995.25,B2 B4 G#4 E3 B3 E1 E2 G#3 E4,4,M
995.375,B2 B4 G#4 E3 B3 E1 E2 G#3 E4,4,M
995.5,B2 B4 G#4 E3 B3 E1 E2 G#3 E4,4,M
995.625,B2 B4 G#4 E3 B3 E1 E2 G#3 E4,4,M
995.75,B2 B4 G#4 E3 B3 E1 E2 G#3 E4,4,M
995.875,B2 B4 G#4 E3 E2 E1 G#3 E4 B3,4,M
996.0,B2 G#4 B4 B3 E2 E1 E4 G#3,4,M
997.0,G#4 B4 G#3 B3 E2 E4,4,M
998.0,G#4 B4 G#3 E2 B3 E3,4,M
1000.0,G#4 B4 B3 E-2 G#3 E-3,4,M
1001.0,G#4 B4 G#3 E-2 B3 E-3,4,M
1002.0,B4 G#3 B3 D2 G#4 D3,4,M
1003.75,G#4 B4 G#3 B3 D2 F#4 D3,4,M
1004.0,G#4 C#5 G#3 C#4 C#2 F#4 C#3,4,M
1008.0,G#4 C#5 G#3 C#4 C#2 F4 C#3,9,M
1010.0,G#4 C#5,9,M
1011.75,A5 G#4 C#5 A4,9,m
1012.0,A5 A2 E3 A1 A4,9,m
1012.5,A5 A2 F5 E3 A1 A4,9,m
1013.0,A5 E5 B3 E3 B2 A4,9,m
1013.5,A5 D5 B3 E3 B2 A4,9,m
1013.75,A5 D5 B3 E3 B2 A4 E4,9,m
1014.0,A5 A2 C5 B3 E3 B2 A1 A4 E4,9,m
1014.5,A5 A2 B4 B3 E3 B2 A1 A4 E4,9,m
1015.0,A5 A4 C4 E3 C3 E4,9,m
1015.5,A5 E4 C4 E3 C3 A4,9,m
1015.75,A5 E4 C4 E3 C3 A4,9,m
1016.0,A5 A2 D4 E3 D3 A1 A4 E4,9,m
1016.5,A5 A2 F5 D4 E3 D3 A1 A4 E4,9,m
1017.0,A5 E5 E4 E3 A4,9,m
1017.5,A5 D5 E4 E3 A4,9,m
1017.75,A5 D5 E4 E3 A4,9,m
1018.0,C6 A2 C5 A4 E3 A3 A1 E4,9,m
1018.5,C6 A2 B4 A4 E3 A3 A1 C5 E4,9,m
1019.0,C6 A4 E4 E3 C5,9,m
1019.5,C6 G#4 E3 C5 E4,9,m
1020.0,A5 A2 E3 A1 A4 D4,9,m
1020.5,A5 A2 F5 E3 A1 A4 D4,9,m
1021.0,A5 E5 B3 E3 B2 A4 D4,9,m
1021.5,A5 D5 B3 E3 B2 A4 D4,9,m
1022.0,A2 C5 B3 E3 B2 A1 E4,9,m
1022.5,A2 B4 B3 E3 B2 A1 E4,9,m
1023.0,A4 C4 E3 C3,9,m
1023.5,A3 E4 C4 E3 C3,9,m
1024.0,A3 E4 A2 D4 E3 D3 A1,9,m
1024.5,A3 E4 A2 F5 D4 E3 D3 A1,9,m
1025.0,E5 E4 E3,9,m
1025.5,D5 E4 E3,9,m
1026.0,A2 C5 A4 E3 A3 A1,9,m
1026.5,A2 B4 A4 E3 A3 A1,9,m
1027.0,G#4 E4 E3,9,m
1027.5,A4 E4 E3,9,m
1027.75,A5 A4 E4 E3,9,m
1028.0,A5 A2 E3 A1 A4,9,m
1028.5,A5 A2 F5 E3 A1 A4,9,m
1029.0,A5 E5 B3 E3 B2 A4,9,m
1029.5,A5 D5 B3 E3 B2 A4,9,m
1029.75,A5 D5 B3 E3 B2 A4 E4,9,m
1030.0,A5 A2 C5 B3 E3 B2 A1 A4 E4,9,m
1030.5,A5 A2 B4 B3 E3 B2 A1 A4 E4,9,m
1031.0,A5 A4 C4 E3 C3 E4,9,m
1031.5,A5 E4 C4 E3 C3 A4,9,m
1031.75,A5 E4 C4 E3 C3 A4,9,m
1032.0,A5 A2 D4 E3 D3 A1 A4 E4,9,m
1032.5,A5 A2 F5 D4 E3 D3 A1 A4 E4,9,m
1033.0,A5 E5 E4 E3 A4,9,m
1033.5,A5 D5 E4 E3 A4,9,m
1033.75,A5 D5 E4 E3 A4,9,m
1034.0,E6 A2 C5 A4 E3 A3 A1 E5 E4,9,m
1034.5,E6 A2 B4 A4 E3 A3 A1 E5 E4,9,m
1035.0,E6 A4 E4 E3 E5,9,m
1035.5,E6 G#4 E3 E5 E4,9,m
1036.0,A5 A2 E3 A1 A4,9,m
1036.5,A5 A2 F5 E3 A1 A4,9,m
1037.0,A5 E5 B3 E3 B2 A4,9,m
1037.5,A5 D5 B3 E3 B2 A4,9,m
1038.0,A2 C5 B3 E3 B2 A1 E4,9,m
1038.5,A2 B4 B3 E3 B2 A1 E4,9,m
1039.0,A4 C4 E3 C3,9,m
1039.5,A3 E4 C4 E3 C3,9,m
1040.0,A3 E4 A2 D4 E3 D3 A1,9,m
1040.5,A3 E4 A2 F5 D4 E3 D3 A1,9,m
1041.0,E5 E4 E3,9,m
1041.5,D5 E4 E3,9,m
1042.0,A2 C5 A4 E3 A3 A1,9,m
1042.5,A2 B4 A4 E3 A3 A1,9,m
1043.0,G#4 E4 E3,9,m
1043.5,F6 F5 A4 E4 E3,9,m
1044.0,B5 B4 A2 E3 A1,9,m
1044.5,B5 B4 A2 E4 E3 A1,9,m
1045.0,F4 D4 E3 B3,9,m
1045.5,E4 A4 D4 E3 B3,9,m
1046.0,E3 A2 G#4 D4 B3 A1,9,m
1046.5,E3 A2 D5 D4 B3 A1,9,m
1047.0,C5 E4 E3 G#3,9,m
1047.5,D4 B4 E4 E3 G#3,9,m
1048.0,B4 A2 F4 E3 D4 A1,9,m
1048.5,B4 A2 G#4 F4 E3 D4 A1,9,m
1049.0,B4 G#4 E3 B3,9,m
1049.5,F4 D5 G#4 E3 B3,9,m
1050.0,E4 A2 E5 D5 E3 G#3 A1,9,m
1050.5,E4 A2 F5 D5 E3 G#3 A1,9,m
1051.0,A5 B4 E3,9,m
1051.5,D6 D5 G#5 B4 E3,9,m
1052.0,G#5 G#4 A2 E3 A1,9,m
1052.5,G#5 G#4 A2 B4 E3 A1,9,m
1053.0,D5 F4 E3 D4,9,m
1053.5,B4 D4 B5 F4 E3,9,m
1054.0,F5 E3 A2 A5 F4 C4 A1,9,m
1054.5,F5 E3 A2 G#5 F4 C4 A1,9,m
1055.0,F5 A4 E3 B3,9,m
1055.5,B5 B4 E5 A4 E3 B3,9,m
1056.0,D5 D4 A2 B4 E3 G#4 A1,9,m
1056.5,D5 D4 A2 B4 E3 G#4 A1,9,m
1057.0,G#5 D5 E3 F4,9,m
1057.5,C6 D5 E3 F4,9,m
1058.0,B5 F5 E3 D4,9,m
1058.5,C5 F5 E3 D4,9,m
1059.0,F#4 E5 E3 B3,9,m
1059.5,G#4 E3 B3 E5 D5,9,m
1060.0,B-4 G4 E-4 C#4 E-5,9,m
1060.125,B-4 G4 E-4 C#4 E-5,9,m
1060.25,B-4 G4 E-4 C#4 E-5,9,m
1060.375,B-4 G4 E-4 C#4 E-5,9,m
1060.5,B-4 G4 E-4 C#4 E-5,9,m
1060.625,B-4 G4 E-4 C#4 E-5,9,m
1060.75,B-4 G4 E-4 C#4 E-5,9,m
1060.875,B-4 G4 E-4 C#4 E-5,9,m
1061.0,B-4 G4 E-4 C#4 E-5,9,m
1061.125,B-4 G4 E-4 C#4 E-5,9,m
1061.25,B-4 G4 E-4 C#4 E-5,9,m
1061.375,B-4 G4 E-4 C#4 E-5,9,m
1061.5,B-4 G4 E-4 C#4 E-5,9,m
1061.625,B-4 G4 E-4 C#4 E-5,9,m
1061.75,B-5 E-4 E-5 B-4 G4 C#4,9,m
1061.875,B-5 E-4 E-5 B-4 G4 C#4,9,m
1062.0,E-6 B-5 C#4 E-5 B-4 G4 E-4 G5,9,m
1062.125,E-6 B-5 C#4 E-5 B-4 G4 E-4 G5,8,m
1062.25,E-6 B-5 C#4 E-5 B-4 G4 E-4 G5,8,m
1062.375,E-6 B-5 C#4 E-5 B-4 G4 E-4 G5,8,m
1062.5,E-6 B-5 C#4 E-5 B-4 G4 E-4 G5,8,m
1062.625,E-6 B-5 C#4 E-5 B-4 G4 E-4 G5,8,m
1062.75,E-6 B-5 C#4 E-5 B-4 G4 E-4 G5,8,m
1062.875,E-6 B-5 C#4 E-5 B-4 G4 E-4 G5,8,m
1063.0,E-6 B-5 C#4 E-5 B-4 G4 E-4 G5,8,m
1063.125,E-6 B-5 C#4 E-5 B-4 G4 E-4 G5,8,m
1063.25,E-6 B-5 C#4 E-5 B-4 G4 E-4 G5,8,m
1063.375,E-6 B-5 C#4 E-5 B-4 G4 E-4 G5,8,m
1063.5,E-6 B-5 C#4 E-5 B-4 G4 E-4 G5,8,m
1063.625,E-6 B-5 C#4 E-5 B-4 G4 E-4 G5,8,m
1063.75,E-6 B-5 B-3 E-5 B-4 G4 E-4 C#4 G5,8,m
1063.875,E-6 B-5 B-3 E-5 B-4 G4 E-4 C#4 G5,8,m
1064.0,E-6 B-5 E-3 E-5 B-4 G4 E-4 C#4 G5,8,m
1064.125,E-6 B-5 E-3 E-5 B-4 G4 E-4 C#4 G5,?,?
1064.25,E-6 B-5 E-3 E-5 B-4 G4 E-4 C#4 G5,?,?
1064.375,E-6 B-5 E-3 E-5 B-4 G4 E-4 C#4 G5,?,?
1064.5,E-6 B-5 E-3 E-5 B-4 G4 E-4 C#4 G5,?,?
1064.625,E-6 B-5 E-3 E-5 B-4 G4 E-4 C#4 G5,?,?
1064.75,E-6 B-5 E-3 E-5 B-4 G4 E-4 C#4 G5,?,?
1064.875,E-6 B-5 E-3 E-5 B-4 G4 E-4 C#4 G5,?,?
1065.0,E-6 B-5 E-5 B-4 G4 E-4 C#4 G5,?,?
1065.125,E-6 B-5 E-5 B-4 G4 E-4 C#4 G5,?,?
1065.25,E-6 B-5 E-5 B-4 G4 E-4 C#4 G5,?,?
1065.375,E-6 B-5 E-5 B-4 G4 E-4 C#4 G5,?,?
1065.5,E-6 B-5 E-5 B-4 G4 E-4 C#4 G5,?,?
1065.625,E-6 B-5 E-5 B-4 G4 E-4 C#4 G5,?,?
1065.75,E-6 B-5 E-5 B-4 G4 E-4 C#4 G5,?,?
1065.875,E-6 B-5 E-5 B-4 G4 E-4 C#4 G5,?,?
1066.0,D6 B-5 E-5 B-4 G4 E-4 C#4 G5,?,?
1066.125,D6 B-5 E-5 B-4 G4 E-4 C#4 G5,?,?
1066.25,D6 B-5 E-5 B-4 G4 E-4 C#4 G5,?,?
1066.375,D6 B-5 E-5 B-4 G4 E-4 C#4 G5,?,?
1066.5,D6 B-5 E-5 B-4 G4 E-4 C#4 G5,?,?
1066.625,D6 B-5 E-5 B-4 G4 E-4 C#4 G5,?,?
1066.75,D6 B-5 E-5 B-4 G4 E-4 C#4 G5,?,?
1066.875,D6 B-5 E-5 B-4 G4 E-4 C#4 G5,?,?
1067.0,D6 B-5 E-5 B-4 G4 E-4 C#4 G5,?,?
1067.125,D6 B-5 E-5 B-4 G4 E-4 C#4 G5,?,?
1067.25,D6 B-5 E-5 B-4 G4 E-4 C#4 G5,?,?
1067.375,D6 B-5 E-5 B-4 G4 E-4 C#4 G5,?,?
1067.5,D6 B-5 E-5 B-4 G4 E-4 C#4 G5,?,?
1067.625,D6 B-5 E-5 B-4 G4 E-4 C#4 G5,?,?
1067.75,E-6 B-5 E-5 B-4 G4 E-4 C#4 G5,?,?
1067.875,E-6 B-5 E-5 B-4 G4 E-4 C#4 G5,?,?
1068.0,F#6 C#6 G#6 G#5 B-4 F#4 C#5 E4 B-5 F#5,?,?
1068.125,F#6 C#6 G#6 G#5 B-4 F#4 C#5 E4 B-5 F#5,?,?
1068.25,F#6 C#6 G#6 G#5 B-4 F#4 C#5 E4 B-5 F#5,?,?
1068.375,F#6 C#6 G#6 G#5 B-4 F#4 C#5 E4 B-5 F#5,?,?
1068.5,F#6 C#6 G#6 G#5 B-4 F#4 C#5 E4 B-5 F#5,?,?
1068.625,F#6 C#6 G#6 G#5 B-4 F#4 C#5 E4 B-5 F#5,?,?
1068.75,F#6 C#6 G#6 G#5 B-4 F#4 C#5 E4 B-5 F#5,?,?
1068.875,F#6 C#6 G#6 G#5 B-4 F#4 C#5 E4 B-5 F#5,?,?
1069.0,F#6 C#6 G#6 G#5 B-4 F#4 C#5 E4 B-5 F#5,?,?
1069.125,F#6 C#6 G#6 G#5 B-4 F#4 C#5 E4 B-5 F#5,11,M
1069.25,F#6 C#6 G#6 G#5 B-4 F#4 C#5 E4 B-5 F#5,11,M
1069.375,F#6 C#6 G#6 G#5 B-4 F#4 C#5 E4 B-5 F#5,11,M
1069.5,F#6 C#6 G#6 G#5 B-4 F#4 C#5 E4 B-5 F#5,11,M
1069.625,F#6 C#6 G#6 G#5 B-4 F#4 C#5 E4 B-5 F#5,11,M
1069.75,F#6 C#6 E4 G#6 G#5 B-4 F#4 C#5 B-5 F#5,11,M
1069.875,F#6 C#6 E4 G#6 G#5 B-4 F#4 C#5 B-5 F#5,11,M
1070.0,F#6 C#6 E4 G#6 G#5 B-4 F#4 C#5 B-5 F#5,11,M
1070.125,F#6 C#6 E4 G#6 G#5 B-4 F#4 C#5 B-5 F#5,11,M
1070.25,F#6 C#6 E4 G#6 G#5 B-4 F#4 C#5 B-5 F#5,11,M
1070.375,F#6 C#6 E4 G#6 G#5 B-4 F#4 C#5 B-5 F#5,11,M
1070.5,F#6 C#6 E4 G#6 G#5 B-4 F#4 C#5 B-5 F#5,11,M
1070.625,F#6 C#6 E4 G#6 G#5 B-4 F#4 C#5 B-5 F#5,11,M
1070.75,F#6 C#6 E4 G#6 G#5 B-4 F#4 C#5 B-5 F#5,11,M
1070.875,F#6 C#6 E4 G#6 G#5 B-4 F#4 C#5 B-5 F#5,11,M
1071.0,F#6 C#6 E4 G#6 G#5 B-4 F#4 C#5 B-5 F#5,11,M
1071.125,F#6 C#6 E4 G#6 G#5 B-4 F#4 C#5 B-5 F#5,11,M
1071.25,F#6 C#6 E4 G#6 G#5 B-4 F#4 C#5 B-5 F#5,11,M
1071.375,F#6 C#6 E4 G#6 G#5 B-4 F#4 C#5 B-5 F#5,11,M
1071.5,F#6 C#6 E-4 G#6 G#5 B-4 F#4 C#5 E4 B-5 F#5,11,M
1071.625,F#6 C#6 E-4 G#6 G#5 B-4 F#4 C#5 E4 B-5 F#5,11,M
1071.75,F#6 C#6 C#4 G#6 G#5 B-4 F#4 C#5 E4 B-5 F#5,11,M
1071.875,F#6 C#6 C#4 G#6 G#5 B-4 F#4 C#5 E4 B-5 F#5,11,M
1072.0,F#6 C#6 F#3 G#6 G#5 B-4 F#4 C#5 E4 B-5 F#5,11,M
1072.125,F#6 C#6 F#3 G#6 G#5 B-4 F#4 C#5 E4 B-5 F#5,11,M
1072.25,F#6 C#6 F#3 G#6 G#5 B-4 F#4 C#5 E4 B-5 F#5,11,M
1072.375,F#6 C#6 F#3 G#6 G#5 B-4 F#4 C#5 E4 B-5 F#5,11,M
1072.5,F#6 C#6 F#3 G#6 G#5 B-4 F#4 C#5 E4 B-5 F#5,11,M
1072.625,F#6 C#6 F#3 G#6 G#5 B-4 F#4 C#5 E4 B-5 F#5,11,M
1072.75,F#6 C#6 F#3 G#6 G#5 B-4 F#4 C#5 E4 B-5 F#5,11,M
1072.875,F#6 C#6 F#3 G#6 G#5 B-4 F#4 C#5 E4 B-5 F#5,11,M
1073.0,F#6 C#6 G#6 G#5 B-4 F#4 C#5 E4 B-5 F#5,11,M
1073.125,F#6 C#6 G#6 G#5 B-4 F#4 C#5 E4 B-5 F#5,11,M
1073.25,F#6 C#6 G#6 G#5 B-4 F#4 C#5 E4 B-5 F#5,11,M
1073.375,F#6 C#6 G#6 G#5 B-4 F#4 C#5 E4 B-5 F#5,11,M
1073.5,F#6 C#6 G#6 G#5 B-4 F#4 C#5 E4 B-5 F#5,11,M
1073.625,F#6 C#6 G#6 G#5 B-4 F#4 C#5 E4 B-5 F#5,11,M
1073.75,F#6 C#6 G#6 G#5 B-4 F#4 C#5 E4 B-5 F#5,11,M
1073.875,F#6 C#6 G#6 G#5 B-4 F#4 C#5 E4 B-5 F#5,11,M
1074.0,F#6 C#6 G#6 G#5 B-4 F#4 C#5 E4 B-5 F#5,11,M
1074.125,F#6 C#6 G#6 G#5 B-4 F#4 C#5 E4 B-5 F#5,11,M
1074.25,F#6 C#6 G#6 G#5 B-4 F#4 C#5 E4 B-5 F#5,11,M
1074.375,F#6 C#6 G#6 G#5 B-4 F#4 C#5 E4 B-5 F#5,11,M
1074.5,G#6 G#5 B-4 F#4 C#5 E4,11,M
1074.625,G#6 G#5 B-4 F#4 C#5 E4,11,M
1074.75,G#6 G#5 B-4 F#4 C#5 E4,11,M
1074.875,G#6 G#5 B-4 F#4 C#5 E4,11,M
1075.0,G#6 G#5 B-4 F#4 C#5 E4,11,M
1075.125,G#6 G#5 B-4 F#4 C#5 E4,11,M
1075.25,G#6 G#5 B-4 F#4 C#5 E4,11,M
1075.375,G#6 G#5 B-4 F#4 C#5 E4,11,M
1075.5,B-3 G#6 G#5 B-4 F#4 C#5 E4,11,M
1075.625,B-3 G#6 G#5 B-4 F#4 C#5 E4,11,M
1075.75,B-3 G#6 G#5 B-4 F#4 C#5 E4,11,M
1075.875,B-3 G#6 G#5 B-4 F#4 C#5 E4,11,M
1076.0,E-4 F#4 A3 B3 A2 A1 E-3 F#3 B2,11,M
1076.125,E-4 F#4 A3 B3 A2 B2 A1 E-3 F#3,11,M
1076.25,E-4 F#4 A3 B3 A2 A1 E-3 F#3 B2,11,M
1076.375,E-4 F#4 A3 B3 A2 B2 A1 E-3 F#3,11,M
1076.5,E-4 F#4 A3 B3 A2 A1 E-3 F#3 B2,11,M
1076.625,E-4 F#4 A3 B3 A2 B2 A1 E-3 F#3,11,M
1076.6666666666667,A3 E-4 F#4 B3 A2 B2 A1 E-3 F#3,11,M
1076.75,E-4 F#4 A3 B3 A2 A1 E-3 F#3 B2,11,M
1076.7916666666667,E-4 F#4 A3 B3 A2 A1 E-3 F#3 B2,11,M
1076.875,E-4 F#4 A3 B3 A2 B2 A1 E-3 F#3,11,M
1077.0,E-4 F#4 A3 B3 A2 A1 E-3 F#3 B2,11,M
1077.125,E-4 F#4 A3 B3 A2 B2 A1 E-3 F#3,11,M
1077.25,E-4 F#4 A3 B3 A2 A1 E-3 F#3 B2,11,M
1077.375,E-4 F#4 A3 B3 A2 B2 A1 E-3 F#3,11,M
1077.5,E-4 F#4 A3 B3 A2 A1 E-3 F#3 B2,11,M
1077.625,E-4 F#4 A3 B3 A2 B2 A1 E-3 F#3,11,M
1077.6666666666667,A3 E-4 F#4 A2 B3 B2 A1 E-3 F#3,11,M
1077.75,E-4 F#4 A3 B3 A2 A1 E-3 F#3 B2,11,M
1077.7916666666667,E-4 F#4 A3 B3 A2 A1 E-3 F#3 B2,11,M
1077.875,E-4 F#4 A3 B3 A2 B2 A1 E-3 F#3,11,M
1078.0,E-4 F#4 A3 B3 A2 A1 B4 E-3 F#3 B2,11,M
1078.125,E-4 F#4 A3 B3 A2 B2 A1 B4 E-3 F#3,11,M
1078.25,E-4 F#4 A3 B3 A2 A1 B4 E-3 F#3 B2,11,M
1078.375,E-4 F#4 A3 B3 A2 B2 A1 B4 E-3 F#3,11,M
1078.5,E-4 F#4 A3 B3 A2 A1 B4 E-3 F#3 B2,11,M
1078.625,E-4 F#4 A3 B3 A2 B2 A1 B4 E-3 F#3,11,M
1078.6666666666667,A3 E-4 F#4 B3 A2 B2 A1 B4 E-3 F#3,11,M
1078.75,E-4 F#4 A3 B3 A2 A1 B4 E-3 F#3 B2,11,M
1078.7916666666667,E-4 F#4 A3 B3 A2 A1 B4 E-3 F#3 B2,11,M
1078.875,E-4 F#4 A3 B3 A2 B2 A1 B4 E-3 F#3,11,M
1079.0,E-4 F#4 A3 B3 A2 A1 B4 E-3 F#3 B2,11,M
1079.125,E-4 F#4 A3 B3 A2 B2 A1 B4 E-3 F#3,11,M
1079.25,E-4 F#4 A3 B3 A2 A1 B4 E-3 F#3 B2,11,M
1079.375,E-4 F#4 A3 B3 A2 B2 A1 B4 E-3 F#3,11,M
1079.5,E-4 F#4 A3 B3 A2 A1 B4 E-3 F#3 B2,11,M
1079.625,E-4 F#4 A3 B3 A2 B2 A1 B4 E-3 F#3,11,M
1079.6666666666667,A3 E-4 F#4 B3 A2 B2 A1 B4 E-3 F#3,11,M
1079.75,E-4 F#4 B4 A3 B3 A2 A1 F#5 E-3 F#3 B2,11,M
1079.7916666666667,E-4 F#4 B4 A3 B3 A2 A1 F#5 E-3 F#3 B2,11,M
1079.875,E-4 F#4 B4 A3 B3 A2 B2 A1 F#5 E-3 F#3,11,M
1080.0,E-4 F#4 B4 A3 B3 A2 A1 B5 E-3 F#3 B2,11,M
1080.125,E-4 F#4 B4 A3 B3 A2 B2 A1 B5 E-3 F#3,7,M
1080.25,E-4 F#4 B4 A3 B3 A2 A1 B5 E-3 F#3 B2,7,M
1080.375,E-4 F#4 B4 A3 B3 A2 B2 A1 B5 E-3 F#3,7,M
1080.5,E-4 F#4 B4 A3 B3 A2 A1 B5 E-3 F#3 B2,7,M
1080.625,E-4 F#4 B4 A3 B3 A2 B2 A1 B5 E-3 F#3,7,M
1080.6666666666667,A3 E-4 F#4 B4 B3 A2 B2 A1 B5 E-3 F#3,7,M
1080.75,E-4 F#4 B4 A3 B3 A2 A1 B5 E-3 F#3 B2,7,M
1080.7916666666667,E-4 F#4 B4 A3 B3 A2 A1 B5 E-3 F#3 B2,7,M
1080.875,E-4 F#4 B4 A3 B3 A2 B2 A1 B5 E-3 F#3,7,M
1081.0,E-4 F#4 B4 A3 B3 A2 A1 E-3 F#3 B2,7,M
1081.125,E-4 F#4 B4 A3 B3 A2 B2 A1 E-3 F#3,7,M
1081.25,E-4 F#4 B4 A3 B3 A2 A1 E-3 F#3 B2,7,M
1081.375,E-4 F#4 B4 A3 B3 A2 B2 A1 E-3 F#3,7,M
1081.5,E-4 F#4 B4 A3 B3 A2 A1 E-3 F#3 B2,7,M
1081.625,E-4 F#4 B4 A3 B3 A2 B2 A1 E-3 F#3,7,M
1081.6666666666667,A3 E-4 F#4 B4 B3 A2 B2 A1 E-3 F#3,7,M
1081.75,E-4 F#4 B4 A3 B3 A2 A1 E-3 F#3 B2,7,M
1081.7916666666667,E-4 F#4 B4 A3 B3 A2 A1 E-3 F#3 B2,7,M
1081.875,E-4 F#4 B4 A3 B3 A2 B2 A1 E-3 F#3,7,M
1082.0,E-4 F#4 B-4 A3 A2 A1 E-3 F#3 B3 B2,7,M
1082.125,E-4 F#4 B-4 A3 A2 B2 A1 E-3 F#3 B3,7,M
1082.25,E-4 F#4 B-4 A3 A2 A1 E-3 F#3 B3 B2,7,M
1082.375,E-4 F#4 B-4 A3 A2 B2 A1 E-3 F#3 B3,7,M
1082.5,E-4 F#4 B-4 A3 A2 A1 E-3 F#3 B3 B2,7,M
1082.625,E-4 F#4 B-4 A3 A2 B2 A1 E-3 F#3 B3,7,M
1082.6666666666667,A3 E-4 F#4 B-4 A2 B2 A1 E-3 F#3 B3,7,M
1082.75,E-4 F#4 B-4 A3 A2 A1 E-3 F#3 B3 B2,7,M
1082.7916666666667,E-4 F#4 B-4 A3 A2 A1 E-3 F#3 B3 B2,7,M
1082.875,E-4 F#4 B-4 A3 A2 B2 A1 E-3 F#3 B3,7,M
1083.0,E-4 F#4 B-4 A3 A2 A1 E-3 F#3 B3 B2,7,M
1083.125,E-4 F#4 B-4 A3 A2 B2 A1 E-3 F#3 B3,7,M
1083.25,E-4 F#4 B-4 A3 A2 A1 E-3 F#3 B3 B2,7,M
1083.375,E-4 F#4 B-4 A3 A2 B2 A1 E-3 F#3 B3,7,M
1083.5,E-4 F#4 B-4 A3 A2 A1 E-3 F#3 B3 B2,7,M
1083.625,E-4 F#4 B-4 A3 A2 B2 A1 E-3 F#3 B3,7,M
1083.6666666666667,A3 E-4 F#4 B-4 A2 A1 E-3 F#3 B3 B2,7,M
1083.75,E-4 F#4 B4 A3 A2 A1 E-3 F#3 B3 B2,7,M
1083.7916666666667,E-4 F#4 B4 A3 A2 A1 E-3 F#3 B3 B2,7,M
1083.875,E-4 F#4 B4 A3 A2 B2 A1 E-3 F#3 B3,7,M
1084.0,B4 D5 G5 G3 G2 G1 B3 D4 G4 D3,7,M
1084.125,B4 D5 G5 G3 G2 B2 G1 B3 D4 G4 D3,7,M
1084.25,B4 D5 G5 G3 G2 G1 B3 D4 G4 D3,7,M
1084.375,B4 D5 G5 G3 G2 B2 G1 B3 D4 G4 D3,7,M
1084.5,B4 D5 G5 G3 G2 G1 B3 D4 G4 D3,7,M
1084.625,B4 D5 G5 G3 G2 B2 G1 B3 D4 G4 D3,7,M
1084.6666666666667,G3 B4 D5 G5 G2 B2 G1 B3 D4 G4 D3,7,M
1084.75,B4 D5 G5 G3 G2 G1 B3 D4 G4 D3,7,M
1084.7916666666667,B4 D5 G5 G3 G2 G1 B3 D4 G4 D3,7,M
1084.875,B4 D5 G5 G3 G2 B2 G1 B3 D4 G4 D3,7,M
1085.0,B4 D5 G5 G3 G2 G1 B3 D4 G4 D3,7,M
1085.125,B4 D5 G5 G3 G2 B2 G1 B3 D4 G4 D3,7,M
1085.25,B4 D5 G5 G3 G2 G1 B3 D4 G4 D3,7,M
1085.375,B4 D5 G5 G3 G2 B2 G1 B3 D4 G4 D3,7,M
1085.5,B4 D5 G5 G3 G2 G1 B3 D4 G4 D3,7,M
1085.625,B4 D5 G5 G3 G2 B2 G1 B3 D4 G4 D3,7,M
1085.6666666666667,G3 B4 D5 G5 G2 B2 G1 B3 D4 G4 D3,7,M
1085.75,B4 D5 G5 G3 G2 G1 B3 D4 G4 D3,7,M
1085.7916666666667,B4 D5 G5 G3 G2 G1 B3 D4 G4 D3,7,M
1085.875,B4 D5 G5 G3 G2 B2 G1 B3 D4 G4 D3,7,M
1086.0,B4 D5 G5 G3 G2 G1 B3 D4 G4 D3,7,M
1086.125,B4 D5 G5 G3 G2 B2 G1 B3 D4 G4 D3,7,M
1086.25,B4 D5 G5 G3 G2 G1 B3 D4 G4 D3,7,M
1086.375,B4 D5 G5 G3 G2 B2 G1 B3 D4 G4 D3,7,M
1086.5,B4 D5 G5 G3 G2 G1 B3 D4 G4 D3,7,M
1086.625,B4 D5 G5 G3 G2 B2 G1 B3 D4 G4 D3,7,M
1086.6666666666667,G3 B4 D5 G5 G2 B2 G1 B3 D4 G4 D3,7,M
1086.75,B4 D5 G5 G3 G2 G1 B3 D4 G4 D3,7,M
1086.7916666666667,B4 D5 G5 G3 G2 G1 B3 D4 G4 D3,7,M
1086.875,B4 D5 G5 G3 G2 B2 G1 B3 D4 G4 D3,7,M
1087.0,B4 D5 G5 G3 G2 G1 B3 D4 G4 D3,7,M
1087.125,B4 D5 G5 G3 G2 B2 G1 B3 D4 G4 D3,7,M
1087.25,B4 D5 G5 G3 G2 G1 B3 D4 G4 D3,7,M
1087.375,B4 D5 G5 G3 G2 B2 G1 B3 D4 G4 D3,7,M
1087.5,B4 D5 G5 G3 G2 G1 B3 D4 G4 D3,7,M
1087.625,B4 D5 G5 G3 G2 B2 G1 B3 D4 G4 D3,7,M
1087.6666666666667,G3 B4 D5 G5 G2 B2 G1 B3 D4 G4 D3,7,M
1087.75,B4 D5 G5 G3 G2 G1 B3 D4 G4 D3,7,M
1087.7916666666667,B4 D5 G5 G3 G2 G1 B3 D4 G4 D3,7,M
1087.875,B4 D5 G5 G3 G2 B2 G1 D4 B3 G4 D3,7,M
1088.0,B4 D5 G3 G2 G1 D4 B3 G4 D3,7,M
1088.125,B4 D5 G3 G2 B2 G1 B3 D4 G4 D3,7,M
1088.25,B4 D5 G3 G2 G1 B3 D4 G4 D3,7,M
1088.375,B4 D5 G3 G2 B2 G1 B3 D4 G4 D3,7,M
1088.5,B4 D5 G3 G2 G1 B3 D4 G4 D3,7,M
1088.625,B4 D5 G3 G2 B2 G1 B3 D4 G4 D3,7,M
1088.6666666666667,G3 B4 D5 G2 B2 G1 B3 D4 G4 D3,7,M
1088.75,B4 D5 G3 G2 G1 B3 D4 G4 D3,7,M
1088.7916666666667,B4 D5 G3 G2 G1 B3 D4 G4 D3,7,M
1088.875,B4 D5 G3 G2 B2 G1 B3 D4 G4 D3,7,M
1089.0,B4 D5 G3 G2 G1 B3 D4 G4 D3,7,M
1089.125,B4 D5 G3 G2 B2 G1 B3 D4 G4 D3,7,M
1089.25,B4 D5 G3 G2 G1 B3 D4 G4 D3,7,M
1089.375,B4 D5 G3 G2 B2 G1 B3 D4 G4 D3,7,M
1089.5,B4 D5 G3 G2 G1 B3 D4 G4 D3,7,M
1089.625,B4 D5 G3 G2 B2 G1 B3 D4 G4 D3,7,M
1089.6666666666667,G3 B4 D5 G2 B2 G1 B3 D4 G4 D3,7,M
1089.75,B4 D5 G3 G2 G1 B3 D4 G4 D3,7,M
1089.7916666666667,B4 D5 G3 G2 G1 B3 D4 G4 D3,7,M
1089.875,B4 D5 G3 G2 B2 G1 D4 B3 G4 D3,7,M
1090.0,D5 B4 G3 G2 G1 B3 D4 G4,7,M
1090.125,D5 B4 G3 G2 B2 G1 B3 G4 D4,7,M
1090.25,D5 B4 G3 G2 G1 B3 G4 D4,7,M
1090.375,D5 B4 G3 G2 B2 G1 B3 G4 D4,7,M
1090.5,D5 B4 G3 G2 G1 B3 G4 D4,7,M
1090.625,D5 B4 G3 G2 B2 G1 B3 G4 D4,7,M
1090.6666666666667,G3 D5 B4 G2 B2 G1 B3 G4 D4,7,M
1090.75,D5 B4 G3 G2 G1 B3 G4 D4,7,M
1090.7916666666667,D5 B4 G3 G2 G1 B3 G4 D4,7,M
1090.875,D5 B4 G3 G2 B2 G1 B3 G4 D4,7,M
1091.0,D5 B4 G3 G2 G1 B3 G4 D4,7,M
1091.125,D5 B4 G3 G2 B2 G1 B3 G4 D4,7,M
1091.25,D5 B4 G3 G2 G1 B3 G4 D4,7,M
1091.375,D5 B4 G3 G2 B2 G1 B3 G4 D4,7,M
1091.5,D5 B4 G3 G2 G1 B3 G4 D4,7,M
1091.625,D5 B4 G3 G2 B2 G1 B3 G4 D4,7,M
1091.6666666666667,G3 D5 B4 G2 B2 G1 B3 G4 D4,7,M
1091.75,D5 B4 G3 G2 G1 B3 G4 D4,7,M
1091.7916666666667,D5 B4 G3 G2 G1 B3 G4 D4,7,M
1091.875,D5 B4 G3 G2 B2 G1 B3 G4 D4,7,M
1092.0,G5 D4 G2 G3 B2 G1 G4 B3,7,M
1093.0,G5 G4 B3 D4 G2,7,M
1094.0,G5 D4 B3 G2 G4 G3,7,M
1096.0,D5 B3 D4 F#2 F#3,7,M
1097.0,D5 D4 B3 F#2 F#3,7,M
1098.0,B4 D4 F2 B3 F3,7,M
1099.75,B4 A4 D4 F2 B3 F3,7,M
1100.0,A4 E2 E4 B3 E3,7,M
1101.0,A4 E2 E1 E4 B3 E3,7,M
1102.0,A4 E2 B2 B1 E4 B3 E3,7,M
1103.0,A4 E2 E4 B3 E3,9,m
1104.0,G#4 E2 B4 B2 E4 B3 E3,9,m
1105.0,G#4 E2 E5 E4 B3 E3,9,m
1106.0,E6 E5,9,m
1108.0,A5 F3 F2 F1 A4,9,m
1108.5,A5 A4,9,m
1109.0,A5 G3 G2 G1 A4,9,m
1109.5,A5 A4,9,m
1110.0,A5 A3 A2 A1 C5 A4,9,m
1110.5,A5 C5 A4,9,m
1111.0,B4 C#4 C#3 C#2 F4 A4,9,m
1111.5,B4 F4 A4,9,m
1112.0,C5 C4 C3 C2 A4,9,m
1112.5,C5 A4,9,m
1113.0,C5 B-3 B-2 B-1 G4 C4,9,m
1113.5,C5 G4 C4,7,m
1114.0,C5 A3 A2 A1 F4 C4,7,m
1114.5,C5 F4 C4,7,m
1115.0,A5 F#3 F#2 F#1 E-4 C5,7,m
1115.5,A5 E-4 C5,7,m
1116.0,B-5 G3 G2 G1 D4 B-4,7,m
1116.5,B-5 D4 B-4,7,m
1117.0,B-5 C4 C3 C2 F#4 B-4,7,m
1117.5,B-5 F#4 B-4,7,m
1118.0,B-5 B-3 B-2 B-1 G4 B-4,7,m
1118.5,B-5 G4 B-4,7,m
1119.0,E-4 E-3 E-2 A4 C5,7,m
1119.5,G4 C5,7,m
1120.0,D5 D4 D3 D2 F#4,7,m
1120.5,D5 F#4 D4,7,m
1121.0,D5 C#4 C#3 C#2 F#4 D4,7,m
1121.5,D5 F#4 D4,7,m
1122.0,D5 C4 C3 C2 F#4 D4,7,m
1122.5,D5 F#4 D4,7,m
1123.0,F6 F5 B3 B2 B1 G4,7,m
1123.5,F6 F5 G#4,7,m
1124.0,G5 G4 C4 C3 C2 F4,7,m
1124.5,G5 G4 D4,7,m
1125.0,G5 G4 D4 D3 D2 C4,7,m
1125.5,G5 G4 B3,7,m
1126.0,G5 G4 E-4 E-3 E-2 B-3,7,m
1126.5,G5 G4 B-3,5,m
1127.0,C#6 C#5 F4 F3 F2 F1 G#4,5,m
1127.5,C#6 C#5 B-4,5,m
1128.0,E5 E4 G3 G2 G1 C#4,5,m
1128.5,E5 E4 C4,5,m
1129.0,E5 E4 G#3 G#2 G#1 B-3,5,m
1129.5,E5 E4 G#3,5,m
1130.0,E5 E4 B-3 B-2 B-1 G3,5,m
1130.5,E5 E4 G3,5,m
1131.0,D5 B3 B2 B1 F3,5,m
1131.5,C#5 F3,5,m
1132.0,C#5 C4 C3 C2 G#4,5,m
1132.5,C#5 G4,5,m
1133.0,C#5 G#4 G#3 G#2 F4,5,m
1133.5,C#5 E4,5,m
1134.0,C#5 G4 G3 G2 B-4,5,m
1134.5,B-4,5,m
1135.0,C#5 F4 F3 F2 B-4,5,m
1135.5,G#5 B-4,5,m
1136.0,G5 E4 E3 E2 C#5,5,m
1136.5,G5 C5,5,M
1137.0,G5 C#4 C#3 C#2 B-4,5,M
1137.5,G5 G#4,5,M
1138.0,G5 B-3 B-2 B-1 G4,5,M
1138.5,E5 G4,5,M
1139.0,C5 C4 C3 C2 B-4,5,M
1139.5,A5 B-4,5,M
1140.0,A5 F4 F3 F2 F1 A4,5,M
1140.5,A5 A4,5,M
1141.0,A5 G3 G2 G1 A4,5,M
1141.5,A5 A4,10,m
1142.0,A5 A4 A3 A2 A1,10,m
1142.5,A5 A4,10,m
1143.0,B4 A4 C#4 B-2 B-1 B3 F4,10,m
1143.5,B4 A4 B3 F4,10,m
1144.0,C5 C4 C3 C2 A4,10,m
1144.5,C5 C4 A4,10,m
1145.0,C5 C4 B-3 B-2 B-1 G4,10,m
1145.5,C5 C4 G4,10,m
1146.0,C5 C4 A3 A2 A1 F4,10,m
1146.5,C5 C4 F4,10,m
1147.0,A5 F4 F3 F2 F1 A4 E-4,10,m
1147.5,A5 A4 E-4,10,m
1148.0,B-5 F#4 F#3 F#2 F#1 B-4 C#4,10,m
1148.5,B-5 B-4 C#4,10,m
1149.0,B-5 F4 F3 F2 F1 B-4,10,m
1149.5,B-5 B-4,10,m
1150.0,B-5 B-4 F#4 F#3 F#2 F#1,10,m
1150.5,B-5 B-4,10,m
1151.0,C5 B-4 D4 D3 D2 C4 F#4,10,m
1151.5,C5 B-4 C4 F#4,10,m
1152.0,C#5 B-4 C#4 C#3 C#2,10,m
1152.5,C#5 C#4 B-4,10,m
1153.0,C#5 C#4 B3 B2 B1 G#4,10,m
1153.5,C#5 C#4 G#4,10,m
1154.0,C#5 C#4 B-3 B-2 B-1 F#4,10,m
1154.5,C#5 C#4 F#4,3,M
1155.0,B5 G#3 G#2 G#1 B4 D4,3,M
1155.5,B5 B4 D4,3,M
1156.0,B-5 G3 G2 G1 B-4 E-4,3,M
1156.5,B-5 B-4 E-4,3,M
1157.0,B-5 G#4 G#3 G#2 B-4,3,M
1157.5,B-5 B-4,3,M
1158.0,B-5 B-4 G4 G3 G2,3,M
1158.5,B-5 B-4,3,M
1159.0,D5 B-4 E4 E3 E2 D4 G#4,3,M
1159.5,D5 B-4 D4 G#4,3,M
1160.0,E-5 B-4 E-4 E-3 E-2 G4,3,M
1160.5,E-5 B-4 E-4 G4,3,M
1161.0,E-5 E-4 C#4 C#3 C#2,3,M
1161.5,E-5 E-4,3,M
1162.0,E-5 E-4 C4 C3 C2,3,M
1162.5,E-5 E-4,3,M
1163.0,B-5 B-3 B-2 B-1 B-4,3,M
1163.5,B-5 B-4,3,M
1164.0,C6 F4 E-3 C4 G#1 G#3 G#2 C5,3,M
1164.5,C6 F4 E-3 C4 G#1 C5 G#3 G#2,3,M
1165.0,C6 F4 E-3 C4 G#1 B-4 B-3 B-2 C5 G#3 G#2,3,M
1165.5,C6 F4 E-3 C4 G#1 C5 G#3 G#2,8,M
1166.0,C6 C5 F4 E-3 C4 G#1 G#4 G#3 G#2,8,M
1166.5,C6 F4 C5 E-3 C4 G#1 G#3 G#2,8,M
1167.0,D5 F4 C5 E-3 C4 G#1 F3 F2 D4 G#4 G#3 G#2,8,M
1167.5,D5 F4 C5 E-3 C4 G#1 D4 G#3 G#4 G#2,8,M
1168.0,E-5 F4 C5 E-3 C4 G#1 E-4 E-2 G#3 G#2,8,M
1168.5,E-5 F4 E-3 C4 G#1 E-4 G#3 C5 G#2,8,M
1169.0,E-5 E-4 F4 C5 E-3 C4 G#1 D4 D3 D2 B-4 G#3 G#2,8,M
1169.5,E-5 E-4 F4 C5 E-3 C4 G#1 G#3 B-4 G#2,8,M
1170.0,E-5 E-4 F4 C5 E-3 C4 G#1 C3 C2 G#4 G#3 G#2,8,M
1170.5,E-5 F4 C5 E-3 C4 G#1 E-4 G#3 G#4 G#2,8,M
1171.0,C6 F4 C5 E-3 C4 G#1 B-3 B-2 B-1 G4 G#3 G#2,8,M
1171.5,C6 F4 C5 E-3 C4 G#1 G#3 G4 G#2,8,M
1172.0,D6 F4 C5 E-3 C4 G#1 G#3 G#2 D5 F3,8,M
1172.5,D6 C5 E-3 C4 G#1 D5 F3 G#3 F4 G#2,8,M
1173.0,D6 C5 E-3 C4 G#1 C3 D5 F3 G#3 F4 G#2,8,M
1173.5,D6 C5 E-3 C4 G#1 D5 F3 G#3 F4 G#2,8,M
1174.0,D6 C5 E-3 C4 G#1 B-4 B-3 B-2 D5 F3 G#3 F4 G#2,8,M
1174.5,D6 C5 E-3 C4 G#1 D5 F3 G#3 F4 G#2,8,M
1175.0,E-5 C5 C4 E-3 G#1 G#4 G#3 G#2 E-4 F4,8,M
1175.5,E-5 C5 C4 E-3 G#1 E-4 G#3 F4 G#2,8,M
1176.0,F5 C5 C4 E-3 G#1 G4 G3 G2 E-4 G#3 F4 G#2,8,M
1176.5,F5 C5 C4 E-3 G#1 E-4 G#3 F4 G#2,8,M
1177.0,F5 C5 E-4 E-3 C4 G#1 F3 F2 G#3 F4 G#2,8,M
1177.5,F5 C5 E-4 E-3 C4 G#1 G#3 F4 G#2,8,M
1178.0,F5 E-4 C5 E-3 C4 G#1 E-2 G#3 F4 G#2,8,M
1178.5,F5 E-4 C5 E-3 C4 G#1 G#3 F4 G#2,8,M
1179.0,D6 C5 G#4 E-3 C4 G#1 C3 C2 D5 F4 G#3 G#2,8,M
1179.5,D6 C5 G#4 E-3 C4 G#1 D5 F4 G#3 G#2,1,M
1180.0,E-6 C5 E-3 C4 G#1 G#3 G#2 E-5 F#3 F#4,1,M
1180.5,E-6 C5 E-3 C4 G#1 E-5 F#3 G#3 F#4 G#2,1,M
1181.0,E-6 C5 E-3 C4 G#1 D5 D4 D3 E-5 F#3 G#3 F#4 G#2,1,M
1181.5,E-6 C5 E-3 C4 G#1 E-5 F#3 G#3 F#4 G#2,1,M
1182.0,E-6 C5 E-3 C4 G#1 C3 E-5 F#3 G#3 F#4 G#2,1,M
1182.5,E-6 C5 E-3 C4 G#1 E-5 F#3 G#3 F#4 G#2,1,M
1183.0,F5 C5 F#4 E-3 G#1 B-4 B-3 B-2 F4 E-4 G#3 C4 G#2,1,M
1183.5,F5 C5 F#4 E-3 G#1 F4 E-4 G#3 C4 G#2,1,M
1184.0,F#5 C5 E-3 G#1 G#4 G#3 G#2 F#4 E-4 C4,1,M
1184.5,F#5 C5 C4 E-3 G#1 F#4 E-4 G#3 G#2,1,M
1185.0,F#5 C5 E-4 E-3 G#1 F#3 F#2 F#4 G#3 C4 G#2,1,M
1185.5,F#5 C5 E-4 E-3 G#1 F#4 G#3 C4 G#2,1,M
1186.0,F#5 E-4 C5 E-3 G#1 E-2 F#4 G#3 C4 G#2,1,M
1186.5,F#5 E-4 C5 E-3 C4 G#1 F#4 G#3 G#2,1,M
1187.0,D6 C5 G#4 E-3 C4 G#1 C3 C2 D5 G#3 F4 G#2,1,M
1187.5,D6 C5 G#4 E-3 C4 G#1 D5 G#3 F4 G#2,1,M
1188.0,E-6 C5 E-3 C4 G#1 G#3 G#2 E-5 F#3 F#4,1,M
1188.5,E-6 C5 E-3 C4 G#1 E-5 F#3 G#3 F#4 G#2,1,M
1189.0,E-6 C5 E-3 C4 G#1 D5 D4 D3 E-5 F#3 G#3 F#4 G#2,1,M
1189.5,E-6 C5 E-3 C4 G#1 E-5 F#3 G#3 F#4 G#2,1,M
1190.0,E-6 C5 E-3 C4 G#1 C3 E-5 F#3 G#3 F#4 G#2,1,M
1190.5,E-6 C5 E-3 C4 G#1 E-5 F#3 G#3 F#4 G#2,1,M
1191.0,F5 C5 F#4 E-3 G#1 B-4 B-3 B-2 F4 E-4 G#3 C4 G#2,1,M
1191.5,F5 C5 F#4 E-3 G#1 F4 E-4 G#3 C4 G#2,1,M
1192.0,F#5 C5 E-3 G#1 G#4 G#3 G#2 F#4 E-4 C4,1,M
1192.5,F#5 C5 C4 E-3 G#1 F#4 E-4 G#3 G#2,1,M
1193.0,F#5 C5 E-4 E-3 G#1 F#3 F#2 F#4 G#3 C4 G#2,1,M
1193.5,F#5 C5 E-4 E-3 G#1 F#4 G#3 C4 G#2,1,M
1194.0,F#5 E-4 C5 E-3 G#1 E-2 F#4 G#3 C4 G#2,1,M
1194.5,F#5 E-4 C5 E-3 C4 G#1 F#4 G#3 G#2,1,M
1195.0,D6 C5 G#4 E-3 C4 G#1 C3 C2 D5 G#3 F4 G#2,1,M
1195.5,D6 C5 G#4 E-3 C4 G#1 D5 G#3 F4 G#2,1,M
1196.0,E-6 C5 E-3 C4 G#1 G#3 G#2 E-5 F#3 F#4,1,M
1196.5,E-6 C5 E-3 C4 G#1 E-5 F#3 G#3 F#4 G#2,1,M
1197.0,E-6 C5 E-3 C4 G#1 D5 D4 D3 E-5 F#3 G#3 F#4 G#2,1,M
1197.5,E-6 C5 E-3 C4 G#1 E-5 F#3 G#3 F#4 G#2,1,M
1198.0,E-6 C5 E-3 C4 G#1 C3 E-5 F#3 G#3 F#4 G#2,1,M
1198.5,E-6 C5 E-3 C4 G#1 E-5 F#3 G#3 F#4 G#2,1,M
1199.0,E-6 C5 E-3 C4 G#1 B-4 B-3 B-2 E-5 F#3 G#3 F#4 G#2,1,M
1199.5,E-6 C5 E-3 C4 G#1 E-5 F#3 G#3 F#4 G#2,?,?
1200.0,E-6 C5 E-3 C4 G#1 G#4 G#3 G#2 E-5 F#3 F#4,?,?
1200.5,E-6 C5 E-3 C4 G#1 E-5 F#3 G#3 F#4 G#2,?,?
1201.0,E-6 C5 E-3 C4 G#1 F#3 F#2 E-5 G#3 F#4 G#2,?,?
1201.5,E-6 C5 E-3 C4 G#1 E-5 F#3 G#3 F#4 G#2,?,?
1202.0,E-6 C5 E-3 C4 G#1 E-4 E-2 E-5 G#3 F#4 G#2,?,?
1202.5,E-6 C5 E-3 C4 G#1 E-5 E-4 G#3 F#4 G#2,?,?
1203.0,E-6 C5 E-3 C4 G#1 C3 C2 E-5 E-4 G#3 F#4 G#2,?,?
1203.5,E-6 C5 E-3 C4 G#1 E-5 E-4 G#3 F#4 G#2,?,?
1204.0,E-6 C5 E-3 C4 G#1 G#3 G#2 E-5 E-4 F#4,?,?
1204.5,E-6 C5 E-3 C4 G#1 E-5 E-4 G#3 F#4 G#2,?,?
1212.0,G3 C2 C3,?,?
1212.5,E5 G3,?,?
1213.0,C5 G#3,?,?
1213.5,F#4 G#3,0,M
1214.0,G4 G3,0,M
1214.5,B4 G3,0,M
1215.0,C5 F4 C2 C3,0,M
1215.5,D5 F4,0,M
1216.0,G3 C2 C3,0,M
1216.5,E5 G3,0,M
1217.0,C5 G#3,0,M
1217.5,F#4 G#3,0,M
1218.0,G4 G3,0,M
1218.5,B4 G3,0,M
1219.0,C5 F4 C2 C3,0,M
1219.5,D5 F4,0,M
1220.0,G3 C2 C3 E4,0,M
1220.5,E5 G3 E4,0,M
1221.0,C5 G#3 E4,0,M
1221.5,F#4 G#3 E4,0,M
1222.0,G4 G3 E4,0,M
1222.5,E6 B4 G3 E4,0,M
1223.0,C6 C5 E4 D4 G#1 G#2,0,M
1223.5,D5 E4 D4 C5,0,m
1224.0,E5 G3 C4 C2 C3 E4,0,m
1224.5,G5 E5 G3 C4 E4,0,m
1225.0,C6 C5 E4 G#3,0,m
1225.5,D6 F#4 E4 G#3,0,m
1226.0,G4 E4 G3,0,m
1226.5,E6 B4 F4 G3,0,m
1227.0,D6 F5 G4 B3 C2 C3,0,m
1227.5,G5 D5 F4 B3,0,m
1228.0,G3 C2 C3 E-4,0,m
1228.5,E-5 G3 E-4,0,m
1229.0,E-6 E-5 C4 C5 G#3 E-4,0,m
1229.5,E-6 E-5 C4 F#4 G#3 E-4,0,m
1230.0,E-6 E-5 C4 G4 G3 E-4,0,m
1230.5,E-6 E-5 B4 G3 E-4,0,m
1231.0,D6 D5 G#5 C5 E-4 F1 F2,0,m
1231.5,D6 D5 G#4 E-4 C5,0,m
1232.0,C6 C5 G#5 G3 G1 G2 E-4,0,m
1232.5,C6 C5 G5 E-5 G3 E-4,0,m
1233.0,G#5 G#4 E-5 C5 E-4,0,m
1233.5,G#5 G#4 C5 F#4 E-4,0,m
1234.0,G5 G4 E-4 G1 G2,0,m
1234.5,G5 G4 E-5 B4 F4,0,m
1235.0,B5 B4 D5 F5 G4 G1 G2,0,m
1235.5,B5 B4 G4 D5 F4,0,m
1236.0,E-3 G#1 G#2 C4,0,m
1236.5,C5 E-3 C4,0,m
1237.0,G#4 E3 C4,0,m
1237.5,D4 E3 C4,0,m
1238.0,E-4 E-3 C4,0,m
1238.5,C6 G4 E-3 C4,0,m
1239.0,G#5 A4 C4 B-3 E1 E2,0,m
1239.5,B-4 C4 B-3 G#4,10,m
1240.0,C5 E-3 G#3 G#1 G#2 C4,10,m
1240.5,E-5 C5 E-3 G#3 C4,10,m
1241.0,G#5 G#4 C4 E3,10,m
1241.5,B-5 D4 E3 C4,10,m
1242.0,E-4 C4 E-3,10,m
1242.5,C6 A4 E-4 E-3 C4,10,m
1243.0,C#6 F#4 E-4 C4 A1 A2,10,m
1243.5,E-6 C4 F4,10,m
1244.0,F3 B-1 B-2 C#4,10,m
1244.5,C#5 F3 C#4,10,m
1245.0,B-4 F#3 C#4,10,m
1245.5,E4 F#3 C#4,10,m
1246.0,F4 F3 C#4,10,m
1246.5,C#6 A4 F3 C#4,10,m
1247.0,A5 B-4 E-4 C4 B-1 B-2,10,m
1247.5,A4 C5 E-4 C4,10,m
1248.0,C5 F3 B-3 B-1 B-2,10,m
1248.5,F5 C#5 F3 B-3,10,m
1249.0,B-5 B-4 E-4 F#3,10,m
1249.5,C6 E4 E-4 F#3,10,m
1250.0,F4 E-4 F3,10,m
1250.5,C#6 B-4 F4 F3,10,m
1251.0,C6 F#5 E-4 C4 B-1 B-2,10,m
1251.5,A5 F5 F4 C4,10,m
1252.0,C#4 C#5 G#4 G#3 C#2 C#3,10,m
1252.5,C#4 C#5 G#4 F5 G#3,10,m
1253.0,C#4 C#5 G#4 A3 F4,10,m
1253.5,C#4 C#5 G#4 G4 A3 F4,1,M
1254.0,C#4 C#5 G#4 G#3 F4,1,M
1254.5,C#4 C#5 G#4 F6 C5 G#3 F4,1,M
1255.0,G#5 C#4 C#5 G#4 C#6 D5 E-4 C#2 C#3,1,M
1255.5,G#5 C#4 C#5 F#5 E-5 G#4 E-4,1,M
1256.0,G#5 C#4 C#5 F5 G#4 D4 C#2 C#3,1,M
1256.5,G#5 C#4 C#5 F5 G#4 D4,1,M
1257.0,G#5 C#4 C#5 C6 E-4 A3,1,M
1257.5,G#5 C#4 C#5 C#6 G4 E-4 A3,1,M
1258.0,G#5 C#5 C#4 G#4 F4 G#3,1,M
1258.5,G#5 C#5 C#4 E-6 B-4 F4 G#3,1,M
1259.0,G#5 C#4 C#5 E-6 C5 G#3 F4 C#2 C#3,1,M
1259.5,C#4 C#5 C#6 D5 G3 F4,1,M
1260.0,F#5 C#5 E-4 E-2 E-3 G#3 G#4,1,M
1260.5,F#5 C#5 E-4 B-5 G#3 G#4,1,M
1261.0,C#5 E-4 G#4 F#5 B-3 F#4 G#3,1,M
1261.5,C#5 E-4 B-4 B-3 F#4 G#3 G#4,1,M
1262.0,C5 E-4 G#3 F#4 G#4,1,M
1262.5,C5 E-4 F#6 E-5 G#3 F#4 G#4,1,M
1263.0,G#5 C5 E-4 G#4 E-6 F5 F4 E-2 E-3 G#3,1,M
1263.5,G#5 C5 E-4 B-4 G5 G#4 F4 G#3,1,M
1264.0,G#5 F4 B5 G#3 E-4 F2 F3 B-3 B-4 G#4,1,M
1264.5,G#5 F4 B-4 B-5 G#3 E-4 B-3 G#4,3,m
1265.0,B-5 G#5 F4 B5 B-3 D4 B-4 G#3 G#4,3,m
1265.5,B-5 G#5 F4 D6 B-4 B-3 D4 G#3 G#4,3,m
1266.0,B-5 D5 F4 B4 G#3 B3 B-3 B-4 G#4,3,m
1266.5,B-5 D5 F4 F#6 G#3 B3 B-3 B-4 G#4,3,m
1267.0,B-5 F4 F#6 E-5 G#4 B-3 F2 F3 B-4 G#3,3,m
1267.5,F4 F6 D5 B-3 B-4 G#3 G#4,3,m
1268.0,B-5 B-4 B-3 F#2 C#4 F#3 C#3,3,m
1268.5,B-5 B-4 B-3 C#4 F#2 B5 C#3,3,m
1269.0,B-4 B-3 C#4 F#2 B-5 E-4 C#3,3,m
1269.5,B-4 B-3 C#4 F#2 A4 E-4 B-5 C#3,3,m
1270.0,B-4 B-3 C#4 F#2 B-5 C#3,3,m
1270.5,B-4 B-3 C#4 F#2 G#6 F5 B-5 C#3,3,m
1271.0,B-5 G#4 B-4 B-3 C#4 F#2 F#6 F#5 C#5 G#5 F#3 C#3,3,m
1271.5,B-5 G#4 F#5 B-3 C#4 F#2 C#6 G#5 C#5 C#3,?,?
1272.0,B-5 F#4 G#4 D5 B-4 D4 F#5 G#2 G#3 B-3,?,?
1272.5,B-5 F#4 G#4 D5 B-4 B5 D4 F#5 B-3,3,m
1273.0,B-5 F4 G#4 D5 D4 F5 B-4 B-3,3,m
1273.5,B-5 F4 G#4 D5 C5 E-4 F5 B-3 B-4,3,m
1274.0,F5 B-3 G#4 D5 F4 B-4,3,m
1274.5,F5 B-3 G#4 D5 B5 E-5 F4 B-4,3,m
1275.0,B-4 G#4 D5 B-5 E5 G#2 G#3 B-3,3,m
1275.5,B-4 G#4 F5 D5 B-5 B-3,3,m
1276.0,B-4 B-3 F#2 C#4 F#3 C#3,3,m
1276.5,B-4 B-3 C#4 F#2 B5 C#3,3,m
1277.0,B-4 B-3 C#4 F#2 B-5 E-4 C#3,3,m
1277.5,B-4 B-3 C#4 F#2 A4 E-4 B-5 C#3,3,m
1278.0,B-4 B-3 C#4 F#2 B-5 C#3,3,m
1278.5,B-4 B-3 C#4 F#2 G#6 F5 B-5 C#3,3,m
1279.0,B-5 B-4 B-3 C#4 F#2 F#6 F#5 C#5 F#3 C#3,3,m
1279.5,B-5 G#4 F#5 B-3 C#4 F#2 C#6 C#5 G#5 C#3,3,m
1280.0,B-5 F#4 G#4 E-5 B-4 D4 F#5 G#2 G#3 B-3,3,m
1280.5,B-5 F#4 G#4 E-5 B-4 B5 D4 F#5 B-3,3,m
1281.0,B-5 F4 G#4 E-5 D4 F5 G#2 G#3 B-4 B-3,3,m
1281.5,B-5 F4 G#4 E-5 C5 E-4 F5 B-3 B-4,3,m
1282.0,D5 F4 B-4,3,m
1282.5,B5 F5 E-4 B-4,3,m
1283.0,B4 A5 D4,3,m
1283.5,B-4 B-5 D5,3,m
1284.0,A5 F5 G4 D3 A4,3,m
1284.125,A5 F5 A4 D3 G4,3,m
1284.25,A5 F5 G4 D3 A4,3,m
1284.375,A5 F5 A4 D3 G4,3,m
1284.5,F5 G4 D4 C#3 A4,3,m
1284.625,F5 A4 D4 C#3 G4,3,m
1284.75,F5 G4 D4 C#3 A4,3,m
1284.875,F5 A4 D4 C#3 G4,3,m
1285.0,A4 E5 G4 C#4 E2,3,m
1285.125,E5 C#4 E2 G4 A4,2,m
1285.25,E5 G4 C#4 E2 A4,2,m
1285.375,A4 E5 C#4 E2 G4,2,m
1285.5,A4 G4 E3 F2,2,m
1285.625,E3 F2 G4 A4,2,m
1285.75,G4 E3 F2 A4,2,m
1285.875,E3 F2 G4 A4,2,m
1286.0,E-5 B-3 F4 F3 G2 G#4,2,m
1286.125,E-5 B-3 G#4 F3 G2 F4,2,m
1286.25,E-5 B-3 F4 F3 G2 G#4,2,m
1286.375,E-5 B-3 G#4 F3 G2 F4,2,m
1286.5,E-5 F4 G3 G#2 G#4,2,m
1286.625,E-5 G#4 G3 G#2 F4,2,m
1286.75,E-5 F4 G3 G#2 G#4,2,m
1286.875,E-5 G#4 G3 G#2 F4,2,m
1287.0,C6 D5 F4 G#3 B-2 G#4,2,m
1287.125,C6 D5 G#4 G#3 B-2 F4,2,m
1287.25,C6 D5 G#3 B-2 F4 G#4,2,m
1287.375,C6 D5 F4 G#4 G#3 B-2,2,m
1287.5,B-5 D5 F4 B-3 G#4,2,m
1287.625,B-5 D5 G#4 B-3 F4,2,m
1287.75,B-5 D5 F4 B-3 G#4,2,m
1287.875,B-5 D5 G#4 B-3 F4,2,m
1288.0,A5 F5 G4 D3 A4,2,m
1288.125,A5 F5 A4 D3 G4,2,m
1288.25,A5 F5 G4 D3 A4,2,m
1288.375,A5 F5 A4 D3 G4,2,m
1288.5,F5 G4 D4 C#3 A4,2,m
1288.625,F5 A4 D4 C#3 G4,2,m
1288.75,F5 G4 D4 C#3 A4,2,m
1288.875,F5 A4 D4 C#3 G4,2,m
1289.0,A4 E5 G4 C#4 E2,2,m
1289.125,E5 C#4 E2 G4 A4,2,m
1289.25,E5 G4 C#4 E2 A4,2,m
1289.375,A4 E5 C#4 E2 G4,2,m
1289.5,A4 G4 E3 F2,2,m
1289.625,E3 F2 G4 A4,2,m
1289.75,G4 E3 F2 A4,2,m
1289.875,E3 F2 G4 A4,2,m
1290.0,E-5 B-3 F4 F3 G2 G#4,2,m
1290.125,E-5 B-3 G#4 F3 G2 F4,2,m
1290.25,E-5 B-3 F4 F3 G2 G#4,2,m
1290.375,E-5 B-3 G#4 F3 G2 F4,2,m
1290.5,E-5 F4 G3 G#2 G#4,2,m
1290.625,E-5 G#4 G3 G#2 F4,2,m
1290.75,E-5 F4 G3 G#2 G#4,2,m
1290.875,E-5 G#4 G3 G#2 F4,2,m
1291.0,D5 F4 G#3 B-2 G#4,2,m
1291.125,D5 G#4 G#3 B-2 F4,2,m
1291.25,D5 G#3 B-2 F4 G#4,2,m
1291.375,D5 F4 G#4 G#3 B-2,2,m
1291.5,D5 F4 B-3 G#4,2,m
1291.625,D5 G#4 B-3 F4,2,m
1291.75,D5 F4 B-3 G#4,2,m
1291.875,D5 G#4 B-3 F4,2,m
1292.0,B5 G5 A4 E3 B4,2,m
1292.125,B5 G5 B4 E3 A4,?,?
1292.25,B5 G5 A4 E3 B4,?,?
1292.375,B5 G5 B4 E3 A4,?,?
1292.5,G5 A4 E4 E-3 B4,?,?
1292.625,G5 B4 E4 E-3 A4,?,?
1292.75,G5 A4 E4 E-3 B4,?,?
1292.875,G5 B4 E4 E-3 A4,?,?
1293.0,B4 F#5 A4 E-4 F#2,?,?
1293.125,F#5 E-4 F#2 A4 B4,?,?
1293.25,F#5 A4 E-4 F#2 B4,?,?
1293.375,B4 F#5 E-4 F#2 A4,?,?
1293.5,B4 A4 F#3 G2,?,?
1293.625,F#3 G2 A4 B4,?,?
1293.75,A4 F#3 G2 B4,?,?
1293.875,F#3 G2 A4 B4,?,?
1294.0,F5 C4 G4 G3 A2 B-4,?,?
1294.125,F5 C4 B-4 G3 A2 G4,?,?
1294.25,F5 C4 G4 G3 A2 B-4,?,?
1294.375,F5 C4 B-4 G3 A2 G4,?,?
1294.5,F5 G4 A3 B-2 B-4,?,?
1294.625,F5 B-4 A3 B-2 G4,?,?
1294.75,F5 G4 A3 B-2 B-4,?,?
1294.875,F5 B-4 A3 B-2 G4,?,?
1295.0,D6 E5 G4 B-3 C3 B-4,?,?
1295.125,D6 E5 B-4 B-3 C3 G4,?,?
1295.25,D6 E5 B-3 C3 G4 B-4,?,?
1295.375,D6 E5 G4 B-4 B-3 C3,?,?
1295.5,C6 E5 G4 C4 B-4,?,?
1295.625,C6 E5 B-4 C4 G4,?,?
1295.75,C6 E5 G4 C4 B-4,?,?
1295.875,C6 E5 B-4 C4 G4,?,?
1296.0,B5 G5 A4 E3 B4,?,?
1296.125,B5 G5 B4 E3 A4,?,?
1296.25,B5 G5 A4 E3 B4,?,?
1296.375,B5 G5 B4 E3 A4,?,?
1296.5,G5 A4 E4 E-3 B4,?,?
1296.625,G5 B4 E4 E-3 A4,?,?
1296.75,G5 A4 E4 E-3 B4,?,?
1296.875,G5 B4 E4 E-3 A4,?,?
1297.0,B4 F#5 A4 E-4 F#2,?,?
1297.125,F#5 E-4 F#2 A4 B4,?,?
1297.25,F#5 A4 E-4 F#2 B4,?,?
1297.375,B4 F#5 E-4 F#2 A4,?,?
1297.5,B4 A4 F#3 G2,?,?
1297.625,F#3 G2 A4 B4,?,?
1297.75,A4 F#3 G2 B4,?,?
1297.875,F#3 G2 A4 B4,?,?
1298.0,F5 C4 G4 G3 A2 B-4,?,?
1298.125,F5 C4 B-4 G3 A2 G4,?,?
1298.25,F5 C4 G4 G3 A2 B-4,?,?
1298.375,F5 C4 B-4 G3 A2 G4,?,?
1298.5,F5 G4 A3 B-2 B-4,?,?
1298.625,F5 B-4 A3 B-2 G4,?,?
1298.75,F5 G4 A3 B-2 B-4,?,?
1298.875,F5 B-4 A3 B-2 G4,?,?
1299.0,D6 E5 D5 G4 B-3 C3 B-4,?,?
1299.125,D6 E5 D5 B-4 B-3 C3 G4,?,?
1299.25,D6 E5 D5 B-3 C3 G4 B-4,?,?
1299.375,D6 E5 D5 G4 B-4 B-3 C3,?,?
1299.5,D6 E5 D5 G4 C4 B-4,?,?
1299.625,D6 E5 D5 B-4 C4 G4,?,?
1299.75,D6 E5 D5 G4 C4 B-4,?,?
1299.875,D6 E5 D5 B-4 C4 G4,?,?
1300.0,C#6 A5 B4 F#3 C#5,?,?
1300.125,C#6 A5 F#3 B4 C#5,?,?
1300.25,C#6 A5 B4 F#3 C#5,?,?
1300.375,C#6 A5 C#5 F#3 B4,?,?
1300.5,A5 B4 F#4 F3 C#5,?,?
1300.625,A5 C#5 F#4 F3 B4,?,?
1300.75,A5 B4 F#4 F3 C#5,?,?
1300.875,A5 C#5 F#4 F3 B4,?,?
1301.0,G#5 B4 F4 G#2 C#5,?,?
1301.125,G#5 F4 G#2 B4 C#5,?,?
1301.25,G#5 B4 F4 G#2 C#5,?,?
1301.375,G#5 F4 G#2 C#5 B4,?,?
1301.5,C#5 B4 G#3 A2,?,?
1301.625,G#3 A2 B4 C#5,?,?
1301.75,B4 G#3 A2 C#5,?,?
1301.875,G#3 A2 B4 C#5,?,?
1302.0,G5 A4 A3 B2 D4 C5,?,?
1302.125,G5 C5 A3 B2 D4 A4,?,?
1302.25,G5 A4 A3 B2 D4 C5,?,?
1302.375,G5 C5 A3 B2 D4 A4,?,?
1302.5,G5 A4 B3 C3 C5,?,?
1302.625,G5 C5 B3 C3 A4,?,?
1302.75,G5 A4 B3 C3 C5,?,?
1302.875,G5 C5 B3 C3 A4,?,?
1303.0,E6 F#5 E5 A4 C4 D3 D5 C5,?,?
1303.125,E6 F#5 E5 C5 C4 D3 D5 A4,11,M
1303.25,E6 F#5 E5 A4 C4 D3 D5 C5,11,M
1303.375,E6 F#5 E5 C5 C4 D3 D5 A4,11,M
1303.5,E6 F#5 E5 A4 D4 C5,11,M
1303.625,E6 F#5 E5 C5 D4 A4,11,M
1303.75,E6 F#5 E5 A4 D4 C5,11,M
1303.875,E6 F#5 E5 C5 D4 A4,11,M
1304.0,E-6 B5 C#5 G#3 E-5,11,M
1304.125,E-6 B5 G#3 C#5 E-5,11,M
1304.25,E-6 B5 C#5 G#3 E-5,11,M
1304.375,E-6 B5 E-5 G#3 C#5,11,M
1304.5,B5 C#5 G#4 G3 E-5,11,M
1304.625,B5 E-5 G#4 G3 C#5,11,M
1304.75,B5 C#5 G#4 G3 E-5,11,M
1304.875,B5 E-5 G#4 G3 C#5,11,M
1305.0,B-5 C#5 G4 B-2 E-5,11,M
1305.125,B-5 G4 B-2 C#5 E-5,11,M
1305.25,B-5 C#5 G4 B-2 E-5,11,M
1305.375,B-5 G4 B-2 E-5 C#5,11,M
1305.5,E-5 C#5 B-3 B2,11,M
1305.625,B-3 B2 C#5 E-5,11,M
1305.75,C#5 B-3 B2 E-5,11,M
1305.875,B-3 B2 C#5 E-5,11,M
1306.0,A5 B4 B3 C#3 E4 D5,11,M
1306.125,A5 D5 B3 C#3 E4 B4,11,M
1306.25,A5 B4 B3 C#3 E4 D5,11,M
1306.375,A5 D5 B3 C#3 E4 B4,11,M
1306.5,A5 B4 C#4 D3 D5,11,M
1306.625,A5 D5 C#4 D3 B4,11,M
1306.75,A5 B4 C#4 D3 D5,11,M
1306.875,A5 D5 C#4 D3 B4,11,M
1307.0,F#6 G#5 F#5 B4 D4 E3 E5 D5,11,M
1307.125,F#6 G#5 F#5 D5 D4 E3 E5 B4,11,M
1307.25,F#6 G#5 F#5 B4 D4 E3 E5 D5,11,M
1307.375,F#6 G#5 F#5 D5 D4 E3 E5 B4,11,M
1307.5,F#6 G#5 F#5 B4 E-4 E4 D5,11,M
1307.625,F#6 G#5 F#5 D5 E-4 E4 B4,11,M
1307.75,F#6 G#5 F#5 B4 E-4 E4 D5,11,M
1307.875,F#6 G#5 F#5 D5 E-4 E4 B4,11,M
1308.0,F6 C#6 E-5 F5,11,M
1308.125,F6 C#6 E-5 F5,11,M
1308.25,F6 C#6 E-5 F5,11,M
1308.375,F6 C#6 F5 E-5,11,M
1308.5,C#6 E-5 B-4 B-5 F5,11,M
1308.625,C#6 F5 B-4 B-5 E-5,11,M
1308.75,C#6 E-5 B-4 B-5 F5,11,M
1308.875,C#6 F5 B-4 B-5 E-5,11,M
1309.0,C6 F5 E-5 A4 A5,11,M
1309.125,C6 A4 A5 E-5 F5,11,M
1309.25,C6 E-5 A4 A5 F5,11,M
1309.375,C6 F5 A4 A5 E-5,11,M
1309.5,F5 E-5 A3 A4,11,M
1309.625,A3 A4 E-5 F5,11,M
1309.75,E-5 A3 A4 F5,11,M
1309.875,A3 A4 E-5 F5,11,M
1310.0,D6 E5 F#4 F#5,11,M
1310.125,D6 F#5 F#4 E5,11,M
1310.25,D6 E5 F#4 F#5,11,M
1310.375,D6 F#5 F#4 E5,11,M
1310.5,D6 E5 B4 B5 F#5,11,M
1310.625,D6 F#5 B4 B5 E5,11,M
1310.75,D6 E5 B4 B5 F#5,11,M
1310.875,D6 F#5 B4 B5 E5,11,M
1311.0,C#6 E5 B-4 B-5 F#5,11,M
1311.125,C#6 B-4 B-5 E5 F#5,11,M
1311.25,C#6 E5 B-4 B-5 F#5,11,M
1311.375,C#6 B-4 B-5 F#5 E5,11,M
1311.5,C#6 E5 B-3 B-4 F#5,11,M
1311.625,C#6 F#5 B-3 B-4 E5,11,M
1311.75,C#6 E5 B-3 B-4 F#5,11,M
1311.875,C#6 F#5 B-3 B-4 E5,11,M
1312.0,G6 E-6 F5 G5,11,M
1312.125,G6 E-6 G5,11,M
1312.25,G6 E-6 F5 G5,11,M
1312.375,G6 E-6 G5,11,M
1312.5,E-6 F5 C5 C6 G5,11,M
1312.625,E-6 G5 C5 C6,11,M
1312.75,E-6 F5 C5 C6 G5,11,M
1312.875,E-6 G5 C5 C6,11,M
1313.0,D6 G5 F5 B4 B5,11,M
1313.125,D6 B4 B5 G5,11,M
1313.25,D6 F5 B4 B5 G5,11,M
1313.375,D6 G5 B4 B5,11,M
1313.5,G5 F5 B3 B4,11,M
1313.625,B3 B4 G5,11,M
1313.75,F5 B3 B4 G5,11,M
1313.875,B3 B4 G5,11,M
1314.0,E6 F#5 G#4 G#5,11,M
1314.125,E6 G#5 G#4 F#5,2,m
1314.25,E6 F#5 G#4 G#5,2,m
1314.375,E6 G#5 G#4 F#5,2,m
1314.5,E6 F#5 C#5 C#6 G#5,2,m
1314.625,E6 G#5 C#5 C#6 F#5,2,m
1314.75,E6 F#5 C#5 C#6 G#5,2,m
1314.875,E6 G#5 C#5 C#6 F#5,2,m
1315.0,E-6 F#5 C5 C6 G#5,2,m
1315.125,E-6 C5 C6 F#5 G#5,2,m
1315.25,E-6 F#5 C5 C6 G#5,2,m
1315.375,E-6 C5 C6 G#5 F#5,2,m
1315.5,E-6 F#5 C4 C5 G#5,2,m
1315.625,E-6 G#5 C4 C5 F#5,2,m
1315.75,E-6 F#5 C4 C5 G#5,2,m
1315.875,E-6 G#5 C4 C5 F#5,2,m
1316.0,A6 F6 G5 F5 D3 A5 G4 A4 A3 E4,2,m
1316.125,A6 A5 F6 F5 D3 G5 G4 A4 A3 E4,2,m
1316.25,F6 G5 F5 D3 A5 G4 A4 A3 E4,2,m
1316.375,F6 A5 F5 D3 G5 G4 A4 A3 E4,2,m
1316.5,E6 C#5 G5 E5 D4 B-3 A5 G4 A3 E4 A4,2,m
1316.625,A5 E6 C#5 E5 D4 B-3 G5 G4 A3 E4 A4,2,m
1316.75,E6 C#5 G5 E5 D4 B-3 A5 G4 A4 A3 E4,2,m
1316.875,E6 C#5 A5 E5 D4 B-3 G5 G4 A4 A3 E4,2,m
1317.0,D6 G5 B-4 A3 D5 A5 G4 A4 E4 E5,2,m
1317.125,D6 A5 B-4 D5 G5 G4 A4 A3 E4 E5,2,m
1317.25,D6 G5 B-4 D5 A5 G4 A4 A3 E4,2,m
1317.375,D6 A5 B-4 A3 D5 G5 G4 A4 E4,2,m
1317.5,C#6 E5 G5 A4 C#5 A5 G4 A3 E4,2,m
1317.625,C#6 A4 E5 A5 C#5 G5 G4 A3 E4,2,m
1317.75,C#6 E5 G5 C#5 A5 G4 A4 A3 E4,2,m
1317.875,C#6 E5 A5 A4 C#5 G5 G4 A3 E4,2,m
1318.0,A6 D5 F6 G5 F5 D3 A5 G4 A4 A3 E4,2,m
1318.125,A6 A5 D5 F6 F5 D3 G5 G4 A4 A3 E4,2,m
1318.25,F6 G5 F5 D3 A5 G4 A4 A3 E4,2,m
1318.375,F6 A5 F5 D3 G5 G4 A4 A3 E4,2,m
1318.5,E6 A4 C#5 G5 E5 D4 B-3 A5 G4 A3 E4 B-4,2,m
1318.625,A5 E6 A4 D4 C#5 E5 B-3 G5 G4 A3 E4 B-4,2,m
1318.75,E6 C#5 G5 E5 D4 B-3 A5 G4 A4 A3 E4,2,m
1318.875,E6 C#5 A5 E5 D4 B-3 G5 G4 A4 A3 E4,2,m
1319.0,D6 G5 B-4 A3 D5 A5 G4 A4 E4 E5,2,m
1319.125,D6 A5 B-4 D5 G5 G4 A4 A3 E4 E5,2,m
1319.25,D6 G5 B-4 D5 A5 G4 A4 A3 E4,2,m
1319.375,D6 A5 B-4 A3 D5 G5 G4 A4 E4,2,m
1319.5,C#6 E5 G5 A4 C#5 A5 G4 A3 E4,2,m
1319.625,C#6 A4 E5 A5 C#5 G5 G4 A3 E4,2,m
1319.75,C#6 E5 G5 C#5 A5 G4 A4 A3 E4,2,m
1319.875,C#6 E5 A5 A4 C#5 G5 G4 A3 E4,2,m
1320.0,A6 D5 F6 G5 F5 D3 A5 G4 A4 A3 E4 B-3,2,m
1320.125,A6 A5 D5 F6 F5 D3 G5 G4 A4 A3 E4 B-3,2,m
1320.25,F6 G5 F5 D3 A5 G4 A4 A3 E4,2,m
1320.375,F6 A5 F5 D3 G5 G4 A4 A3 E4,2,m
1320.5,E6 A4 C#5 G5 E5 D4 B-3 A5 G4 A3 E4 B-4,2,m
1320.625,A5 E6 A4 D4 C#5 E5 B-3 G5 G4 A3 E4 B-4,2,m
1320.75,E6 C#5 G5 E5 D4 B-3 A5 G4 A4 A3 E4,2,m
1320.875,E6 C#5 A5 E5 D4 B-3 G5 G4 A4 A3 E4,2,m
1321.0,D6 G5 B-4 A3 D5 A5 G4 A4 E4 E5,2,m
1321.125,D6 A5 B-4 D5 G5 G4 A4 A3 E4 E5,2,m
1321.25,D6 G5 B-4 D5 A5 G4 A4 A3 E4,2,m
1321.375,D6 A5 B-4 A3 D5 G5 G4 A4 E4,2,m
1321.5,C#6 E5 G5 A4 C#5 A5 G4 A3 E4,2,m
1321.625,C#6 A4 E5 A5 C#5 G5 G4 A3 E4,2,m
1321.75,C#6 E5 G5 C#5 A5 G4 A4 A3 E4,2,m
1321.875,C#6 E5 A5 A4 C#5 G5 G4 A3 E4,2,m
1322.0,A6 D5 F6 G5 F5 D3 A5 G4 A4 A3 E4 B-3,2,m
1322.125,A6 A5 D5 F6 F5 D3 G5 G4 A4 A3 E4 B-3,2,m
1322.25,F6 G5 F5 D3 A5 G4 A4 A3 E4,2,m
1322.375,F6 A5 F5 D3 G5 G4 A4 A3 E4,2,m
1322.5,E6 A4 C#5 G5 E5 D4 B-3 A5 G4 A3 E4 B-4,2,m
1322.625,A5 E6 A4 D4 C#5 E5 B-3 G5 G4 A3 E4 B-4,2,m
1322.75,E6 C#5 G5 E5 D4 B-3 A5 G4 A4 A3 E4,2,m
1322.875,E6 C#5 A5 E5 D4 B-3 G5 G4 A4 A3 E4,2,m
1323.0,D6 G5 B-4 A3 D5 A5 G4 A4 E4 E5,2,m
1323.125,D6 A5 B-4 D5 G5 G4 A4 A3 E4 E5,2,m
1323.25,D6 G5 B-4 D5 A5 G4 A4 A3 E4,2,m
1323.375,D6 A5 B-4 A3 D5 G5 G4 A4 E4,2,m
1323.5,C#6 E5 G5 A4 C#5 A5 G4 A3 E4,2,m
1323.625,C#6 A4 E5 A5 C#5 G5 G4 A3 E4,2,m
1323.75,C#6 E5 G5 C#5 A5 G4 A4 A3 E4,2,m
1323.875,C#6 E5 A5 A4 C#5 G5 G4 A3 E4,2,m
1324.0,A6 D5 D3 F6 G5 F5 A5 G4 A4 A3 E4 B-3,2,m
1324.125,A6 A5 D5 D3 F6 F5 G5 G4 A4 A3 E4 B-3,2,m
1324.25,D3 F6 G5 F5 A5 G4 A4 A3 E4,2,m
1324.375,D3 F6 A5 F5 G5 G4 A4 A3 E4,2,m
1324.5,E6 A4 C#5 D3 G5 E5 D4 B-3 A5 G4 A3 E4 B-4,2,m
1324.625,A5 E6 A4 D4 C#5 D3 E5 B-3 G5 G4 A3 E4 B-4,2,m
1324.75,E6 C#5 D3 G5 E5 D4 B-3 A5 G4 A4 A3 E4,2,m
1324.875,E6 C#5 D3 A5 E5 D4 B-3 G5 G4 A4 A3 E4,2,m
1325.0,D6 D3 G5 B-4 A3 D5 A5 G4 A4 E4 E5,2,m
1325.125,D6 D3 A5 B-4 D5 G5 G4 A4 A3 E4 E5,2,m
1325.25,D6 D3 G5 B-4 D5 A5 G4 A4 A3 E4,2,m
1325.375,D6 D3 A5 B-4 A3 D5 G5 G4 A4 E4,2,m
1325.5,C#6 E5 D3 G5 C#5 A5 G4 A3 E4 A4,2,m
1325.625,C#6 E5 D3 A5 C#5 G5 G4 A3 E4 A4,2,m
1325.75,C#6 E5 D3 G5 C#5 A5 G4 A4 A3 E4,2,m
1325.875,C#6 E5 D3 A5 A4 C#5 G5 G4 A3 E4,2,m
1326.0,A6 D5 D3 F6 G5 F5 A5 G4 A4 A3 E4 B-3,2,m
1326.125,A6 A5 D5 D3 F6 F5 G5 G4 A4 A3 E4 B-3,2,m
1326.25,D3 F6 G5 F5 A5 G4 A4 A3 E4,2,m
1326.375,D3 F6 A5 F5 G5 G4 A4 A3 E4,2,m
1326.5,E6 C#5 D3 G5 E5 D4 B-3 A5 G4 A3 E4 A4,2,m
1326.625,A5 E6 D4 C#5 D3 E5 B-3 G5 G4 A3 E4 A4,2,m
1326.75,E6 C#5 D3 G5 E5 D4 B-3 A5 G4 A4 A3 E4,2,m
1326.875,E6 C#5 D3 A5 E5 D4 B-3 G5 G4 A4 A3 E4,2,m
1327.0,D6 D3 G5 A3 D5 A5 G4 A4 E4 B-4,2,m
1327.125,D6 D5 D3 A5 B-4 G5 G4 A4 A3 E4,2,m
1327.25,D6 D3 G5 B-4 D5 A5 G4 A4 A3 E4,2,m
1327.375,D6 D3 A5 B-4 A3 D5 G5 G4 A4 E4,2,m
1327.5,C#6 D4 E5 D3 G5 C#5 A5 G4 A3 E4 A4,2,m
1327.625,C#6 D4 E5 D3 A5 C#5 G5 G4 A3 E4 A4,2,m
1327.75,C#6 E5 D3 G5 C#5 A5 G4 A4 A3 E4,2,m
1327.875,C#6 E5 D3 A5 A4 C#5 G5 G4 A3 E4,2,m
1328.0,A6 D5 D3 F6 G5 F5 A5 G4 A4 A3 E4 B-3,2,m
1328.125,A6 A5 D5 D3 F6 F5 G5 G4 A4 A3 E4 B-3,2,m
1328.25,D3 F6 G5 F5 A5 G4 A4 A3 E4,2,m
1328.375,D3 F6 A5 F5 G5 G4 A4 A3 E4,2,m
1328.5,E6 C#5 D3 G5 E5 D4 B-3 A5 G4 A3 E4 A4,2,m
1328.625,A5 E6 D4 C#5 D3 E5 B-3 G5 G4 A3 E4 A4,2,m
1328.75,E6 C#5 D3 G5 E5 D4 B-3 A5 G4 A4 A3 E4,2,m
1328.875,E6 C#5 D3 A5 E5 D4 B-3 G5 G4 A4 A3 E4,2,m
1329.0,D6 D3 G5 A3 D5 A5 G4 A4 E4 B-4,2,m
1329.125,D6 D5 D3 A5 B-4 G5 G4 A4 A3 E4,2,m
1329.25,D6 D3 G5 B-4 D5 A5 G4 A4 A3 E4,2,m
1329.375,D6 D3 A5 B-4 A3 D5 G5 G4 A4 E4,2,m
1329.5,C#6 D4 E5 D3 G5 C#5 A5 G4 A3 E4 A4,2,m
1329.625,C#6 D4 E5 D3 A5 C#5 G5 G4 A3 E4 A4,2,m
1329.75,C#6 E5 D3 G5 C#5 A5 G4 A4 A3 E4,2,m
1329.875,C#6 E5 D3 A5 A4 C#5 G5 G4 A3 E4,2,m
1330.0,A6 D5 D3 F6 G5 F5 A3 A5 G4 A4 E4 B-3,2,m
1330.125,A6 A5 D5 D3 F6 F5 G5 G4 A4 A3 E4 B-3,2,m
1330.25,D3 F6 G5 F5 A5 G4 A4 A3 E4,2,m
1330.375,D3 F6 A5 F5 A3 G5 G4 A4 E4,2,m
1330.5,E6 D4 C#5 D3 G5 E5 B-3 A5 G4 A3 E4 A4,2,m
1330.625,A5 E6 D4 C#5 D3 E5 B-3 G5 G4 A3 E4 A4,2,m
1330.75,E6 C#5 D3 G5 E5 B-3 A5 G4 A4 A3 E4,2,m
1330.875,E6 C#5 D3 A5 E5 A4 B-3 G5 G4 A3 E4,2,m
1331.0,E6 D5 D3 G5 E5 B-4 A3 A5 G4 A4 E4,2,m
1331.125,E6 D5 D3 A5 E5 B-4 G5 G4 A4 A3 E4,2,m
1331.25,E6 D5 D3 G5 E5 B-4 A5 G4 A4 A3 E4,2,m
1331.375,E6 D5 D3 A5 E5 B-4 A3 G5 G4 A4 E4,2,m
1331.5,F6 D4 C#5 D3 G5 F5 A5 G4 A3 E4 A4,2,m
1331.625,F6 D4 C#5 D3 F5 G5 A5 G4 A3 E4 A4,2,m
1331.75,F6 C#5 D3 G5 F5 A5 G4 A4 A3 E4,2,m
1331.875,F6 C#5 D3 F5 G5 A5 G4 A4 A3 E4,2,m
1332.0,D6 C3 D5 D3 D4,2,m
1332.125,D6 C3 D5 D3 D4,2,m
1332.25,D6 C3 D5 D3 D4,2,m
1332.375,D6 C3 D5 D3 D4,2,m
1332.5,D6 C6 C5 C4 B2 D5 D3 D4,2,m
1332.625,D6 C6 C5 C4 B2 D5 D3 D4,2,m
1332.75,D6 C6 C5 C4 B2 D5 D3 D4,2,m
1332.875,D6 C6 C5 C4 B2 D5 D3 D4,2,m
1333.0,D6 B5 B4 B3 B-2 D5 D3 D4,2,m
1333.125,D6 B5 B4 B3 B-2 D5 D3 D4,2,m
1333.25,D6 B5 B4 B3 B-2 D5 D3 D4,2,m
1333.375,D6 B5 B4 B3 B-2 D5 D3 D4,2,m
1333.5,D6 B-5 B-4 B-3 A2 D5 D3 D4,2,m
1333.625,D6 B-5 B-4 B-3 A2 D5 D3 D4,2,m
1333.75,D6 B-5 B-4 B-3 A2 D5 D3 D4,2,m
1333.875,D6 B-5 B-4 B-3 A2 D5 D3 D4,2,m
1334.0,D6 A5 A4 A3 G2 D5 D3 D4,2,m
1334.125,D6 A5 A4 A3 G2 D5 D3 D4,2,m
1334.25,D6 A5 A4 A3 G2 D5 D3 D4,2,m
1334.375,D6 A5 A4 A3 G2 D5 D3 D4,2,m
1334.5,D6 G5 G4 G3 F2 D5 D3 D4,2,m
1334.625,D6 G5 G4 G3 F2 D5 D3 D4,2,m
1334.75,D6 G5 G4 G3 F2 D5 D3 D4,2,m
1334.875,D6 G5 G4 G3 F2 D5 D3 D4,2,m
1335.0,D6 F5 F4 F3 E2 D5 D3 D4,2,m
1335.125,D6 F5 F4 F3 E2 D5 D3 D4,2,m
1335.25,D6 F5 F4 F3 E2 D5 D3 D4,2,m
1335.375,D6 F5 F4 F3 E2 D5 D3 D4,2,m
1335.5,D6 E5 E4 E3 D5 D3 D4,2,m
1335.625,D6 E5 E4 E3 D5 D3 D4,2,m
1335.75,D6 E5 E4 E3 D5 D3 D4,2,m
1335.875,D6 E5 E4 E3 D5 D3 D4,2,m
1336.0,D6 C3 D5 D3 D4,2,m
1336.125,D6 C3 D5 D3 D4,2,m
1336.25,D6 C3 D5 D3 D4,2,m
1336.375,D6 C3 D5 D3 D4,2,m
1336.5,D6 C6 C5 C4 B2 D5 D3 D4,2,m
1336.625,D6 C6 C5 C4 B2 D5 D3 D4,2,m
1336.75,D6 C6 C5 C4 B2 D5 D3 D4,2,m
1336.875,D6 C6 C5 C4 B2 D5 D3 D4,2,m
1337.0,D6 B5 B4 B3 B-2 D5 D3 D4,2,m
1337.125,D6 B5 B4 B3 B-2 D5 D3 D4,2,m
1337.25,D6 B5 B4 B3 B-2 D5 D3 D4,2,m
1337.375,D6 B5 B4 B3 B-2 D5 D3 D4,2,m
1337.5,D6 B-5 B-4 B-3 A2 D5 D3 D4,2,m
1337.625,D6 B-5 B-4 B-3 A2 D5 D3 D4,2,m
1337.75,D6 B-5 B-4 B-3 A2 D5 D3 D4,2,m
1337.875,D6 B-5 B-4 B-3 A2 D5 D3 D4,2,m
1338.0,D6 A5 A4 A3 G2 D5 D3 D4,2,m
1338.125,D6 A5 A4 A3 G2 D5 D3 D4,2,m
1338.25,D6 A5 A4 A3 G2 D5 D3 D4,2,m
1338.375,D6 A5 A4 A3 G2 D5 D3 D4,2,m
1338.5,D6 G5 G4 G3 F2 D5 D3 D4,2,m
1338.625,D6 G5 G4 G3 F2 D5 D3 D4,2,m
1338.75,D6 G5 G4 G3 F2 D5 D3 D4,2,m
1338.875,D6 G5 G4 G3 F2 D5 D3 D4,2,m
1339.0,D6 F5 F4 F3 E2 D5 D3 D4,2,m
1339.125,D6 F5 F4 F3 E2 D5 D3 D4,2,m
1339.25,D6 F5 F4 F3 E2 D5 D3 D4,2,m
1339.375,D6 F5 F4 F3 E2 D5 D3 D4,2,m
1339.5,D6 E5 E4 E3 D5 D3 D4,2,m
1339.625,D6 E5 E4 E3 D5 D3 D4,2,m
1339.75,D5 E5 E4 E3 D2 D4 D3,2,m
1339.875,D5 E5 E4 E3 D2 D4 D3,2,m
1340.0,D5 D6 C3 D2 D4 D3,2,m
1340.125,D5 D6 C3 D2 D4 D3,2,m
1340.25,D5 D6 C3 D2 D4 D3,2,m
1340.375,D5 D6 C3 D2 D4 D3,2,m
1340.5,D5 C6 C5 C4 B2 D2 D4 D3,2,m
1340.625,D5 C6 C5 C4 B2 D2 D4 D3,2,m
1340.75,D5 C6 C5 C4 B2 D2 D4 D3,2,m
1340.875,D5 C6 C5 C4 B2 D2 D4 D3,2,m
1341.0,D5 B5 B4 B3 B-2 D2 D4 D3,2,m
1341.125,D5 B5 B4 B3 B-2 D2 D4 D3,2,m
1341.25,D5 B5 B4 B3 B-2 D2 D4 D3,2,m
1341.375,D5 B5 B4 B3 B-2 D2 D4 D3,2,m
1341.5,D5 B-5 B-4 B-3 A2 D2 D4 D3,2,m
1341.625,D5 B-5 B-4 B-3 A2 D2 D4 D3,2,m
1341.75,D5 B-5 B-4 B-3 A2 D2 D4 D3,2,m
1341.875,D5 B-5 B-4 B-3 A2 D2 D4 D3,2,m
1342.0,D5 A5 A4 A3 G2 D2 D4 D3,2,m
1342.125,D5 A5 A4 A3 G2 D2 D4 D3,2,m
1342.25,D5 A5 A4 A3 G2 D2 D4 D3,2,m
1342.375,D5 A5 A4 A3 G2 D2 D4 D3,2,m
1342.5,D5 G5 G4 G3 F2 D2 D4 D3,2,m
1342.625,D5 G5 G4 G3 F2 D2 D4 D3,2,m
1342.75,D5 G5 G4 G3 F2 D2 D4 D3,2,m
1342.875,D5 G5 G4 G3 F2 D2 D4 D3,2,m
1343.0,D5 F5 F4 F3 E2 D2 D4 D3,2,m
1343.125,D5 F5 F4 F3 E2 D2 D4 D3,2,m
1343.25,D5 F5 F4 F3 E2 D2 D4 D3,2,m
1343.375,D5 F5 F4 F3 E2 D2 D4 D3,2,m
1343.5,D5 E5 E4 E3 D2 D4 D3,2,m
1343.625,D5 E5 E4 E3 D2 D4 D3,2,m
1343.75,D5 E5 E4 E3 D2 D4 D3,2,m
1343.875,D5 E5 E4 E3 D2 D4 D3,2,m
1344.0,D5 D6 D2 D4 D3,2,m
1344.125,D5 D6 D2 D4 D3,2,m
1344.25,D5 D6 D2 D4 D3,2,m
1344.375,D5 D6 D2 D4 D3,2,m
1344.5,D5 F1 D2 D4 D3,2,m
1344.625,D5 F1 D2 D4 D3,2,m
1344.75,D5 F1 D2 D4 D3,2,m
1344.875,D5 F1 D2 D4 D3,2,m
1345.0,D5 F4 F3 F2 A1 D2 D4 D3,2,m
1345.125,D5 F4 F3 F2 A1 D2 D4 D3,2,m
1345.25,D5 F4 F3 F2 A1 D2 D4 D3,2,m
1345.375,D5 F4 F3 F2 A1 D2 D4 D3,2,m
1345.5,D5 A4 A3 A2 D2 D4 D3,2,m
1345.625,D5 A4 A3 A2 D2 D4 D3,2,m
1345.75,D5 A4 A3 A2 D2 D4 D3,2,m
1345.875,D5 A4 A3 A2 D2 D4 D3,2,m
1346.0,C6 D4 D3 D5 E2 C5 C3 C4,2,m
1346.125,C6 D4 D3 D5 E2 C5 C3 C4,2,m
1346.25,C6 D4 D3 D5 E2 C5 C3 C4,2,m
1346.375,C6 D4 D3 D5 E2 C5 C3 C4,2,m
1346.5,C6 D4 D3 E5 E4 E3 F2 C5 C3 C4,2,m
1346.625,C6 D4 D3 E5 E4 E3 F2 C5 C3 C4,2,m
1346.6666666666667,B5 D4 B4 B2 D3 B3 E5 E4 E3 F2,2,m
1346.75,B5 D4 D3 E5 E4 E3 F2 B4 B2 B3,2,m
1346.875,B5 D4 D3 E5 E4 E3 F2 B4 B2 B3,2,m
1347.0,B5 D4 D3 F5 F4 F3 G2 B4 B2 B3,2,m
1347.125,B5 D4 D3 F5 F4 F3 G2 B4 B2 B3,2,m
1347.25,B5 D4 D3 F5 F4 F3 G2 B4 B2 B3,2,m
1347.3333333333333,B-5 D4 A4 D3 F5 F4 F3 G2 B-4 B-2 B-3,2,m
1347.375,B-5 D4 A4 D3 F5 F4 F3 G2 B-4 B-2 B-3,2,m
1347.5,B-5 D4 A4 D3 G5 G4 G3 A2 B-4 B-2 B-3,2,m
1347.625,B-5 D4 A4 D3 G5 G4 G3 A2 B-4 B-2 B-3,2,m
1347.75,B-5 D4 A4 D3 G5 G4 G3 A2 B-4 B-2 B-3,2,m
1347.875,B-5 D4 A4 D3 G5 G4 G3 A2 B-4 B-2 B-3,2,m
1348.0,A5 G2 A4 A2 A3,2,m
1348.125,A5 G2 A4 A2 A3,2,m
1348.25,A5 G2 A4 A2 A3,2,m
1348.375,A5 G2 A4 A2 A3,2,m
1348.5,A5 G5 G4 G3 F#2 A4 A2 A3,2,m
1348.625,A5 G5 G4 G3 F#2 A4 A2 A3,2,m
1348.75,A5 G5 G4 G3 F#2 A4 A2 A3,2,m
1348.875,A5 G5 G4 G3 F#2 A4 A2 A3,2,m
1349.0,A5 F#5 F#4 F#3 F2 A4 A2 A3,2,m
1349.125,A5 F#5 F#4 F#3 F2 A4 A2 A3,2,m
1349.25,A5 F#5 F#4 F#3 F2 A4 A2 A3,2,m
1349.375,A5 F#5 F#4 F#3 F2 A4 A2 A3,2,m
1349.5,A5 F5 F4 F3 E2 A4 A2 A3,2,m
1349.625,A5 F5 F4 F3 E2 A4 A2 A3,2,m
1349.75,A5 F5 F4 F3 E2 A4 A2 A3,2,m
1349.875,A5 F5 F4 F3 E2 A4 A2 A3,2,m
1350.0,A1 E5 E4 E3 F2 A4 A3 A2,2,m
1350.125,A1 E5 E4 E3 F2 A4 A3 A2,2,m
1350.25,A1 E5 E4 E3 F2 A4 A3 A2,2,m
1350.375,A1 E5 E4 E3 F2 A4 A3 A2,2,m
1350.5,A1 F5 F4 F3 G2 A4 A3 A2,2,m
1350.625,A1 F5 F4 F3 G2 A4 A3 A2,2,m
1350.75,A1 F5 F4 F3 G2 A4 A3 A2,2,m
1350.875,A1 F5 F4 F3 G2 A4 A3 A2,2,m
1351.0,A1 G5 G4 G3 G#2 A4 A3 A2,2,m
1351.125,A1 G5 G4 G3 G#2 A4 A3 A2,2,m
1351.25,A1 G5 G4 G3 G#2 A4 A3 A2,2,m
1351.375,A1 G5 G4 G3 G#2 A4 A3 A2,2,m
1351.5,A1 G#5 G#4 G#3 A4 A3 A2,2,m
1351.625,A1 G#5 G#4 G#3 A4 A3 A2,2,m
1351.75,A1 G#5 G#4 G#3 A4 A3 A2,2,m
1351.875,A1 G#5 G#4 G#3 A3 A4 A2,2,m
1352.0,A4 A5 G2 A3,2,m
1352.125,A4 A5 G2 A3,2,m
1352.25,A4 A5 G2 A3,2,m
1352.375,A4 A5 G2 A3,2,m
1352.5,A4 G5 G4 G3 F2 A3,2,m
1352.625,A4 G5 G4 G3 F2 A3,2,m
1352.75,A4 G5 G4 G3 F2 A3,2,m
1352.875,A4 G5 G4 G3 F2 A3,2,m
1353.0,G4 F5 F4 F3 E2 G5,2,m
1353.125,G4 F5 F4 F3 E2 G5,2,m
1353.25,G4 F5 F4 F3 E2 G5,2,m
1353.375,G4 F5 F4 F3 E2 G5,2,m
1353.5,G4 E5 E4 E3 A2 G5,2,m
1353.625,G4 E5 E4 E3 A2 G5,2,m
1353.75,G4 E5 E4 E3 A2 G5,2,m
1353.875,G4 E5 E4 E3 A2 G5,2,m
1354.0,F4 A5 A4 A3 B2 F5,2,m
1354.125,F4 A5 A4 A3 B2 F5,2,m
1354.25,F4 A5 A4 A3 B2 F5,2,m
1354.375,F4 A5 A4 A3 B2 F5,2,m
1354.5,F4 B5 B4 B3 C3 F5,2,m
1354.625,F4 B5 B4 B3 C3 F5,2,m
1354.75,F4 B5 B4 B3 C3 F5,2,m
1354.875,F4 B5 B4 B3 C3 F5,2,m
1355.0,E4 C6 C5 C4 D3 E5,2,m
1355.125,E4 C6 C5 C4 D3 E5,2,m
1355.25,E4 C6 C5 C4 D3 E5,2,m
1355.375,E4 C6 C5 C4 D3 E5,2,m
1355.5,E4 D6 D5 D4 E-3 E5,2,m
1355.625,E4 D6 D5 D4 E-3 E5,2,m
1355.75,E4 D6 D5 D4 E-3 E5,2,m
1355.875,E4 D6 D5 D4 E-3 E5,2,m
1356.0,E-6 C#3 E-5 E-3 E-4,2,m
1356.125,E-6 C#3 E-5 E-3 E-4,?,?
1356.25,E-6 C#3 E-5 E-3 E-4,?,?
1356.375,E-6 C#3 E-5 E-3 E-4,?,?
1356.5,E-6 C#6 C#5 C#4 C3 E-5 E-3 E-4,?,?
1356.625,E-6 C#6 C#5 C#4 C3 E-5 E-3 E-4,?,?
1356.75,E-6 C#6 C#5 C#4 C3 E-5 E-3 E-4,?,?
1356.875,E-6 C#6 C#5 C#4 C3 E-5 E-3 E-4,?,?
1357.0,E-6 C6 C5 C4 B2 E-5 E-3 E-4,?,?
1357.125,E-6 C6 C5 C4 B2 E-5 E-3 E-4,?,?
1357.25,E-6 C6 C5 C4 B2 E-5 E-3 E-4,?,?
1357.375,E-6 C6 C5 C4 B2 E-5 E-3 E-4,?,?
1357.5,E-6 B5 B4 B3 B-2 E-5 E-3 E-4,?,?
1357.625,E-6 B5 B4 B3 B-2 E-5 E-3 E-4,?,?
1357.75,E-6 B5 B4 B3 B-2 E-5 E-3 E-4,?,?
1357.875,E-6 B5 B4 B3 B-2 E-5 E-3 E-4,?,?
1358.0,E-6 B-5 B-4 B-3 A2 E-5 E-3 E-4,?,?
1358.125,E-6 B-5 B-4 B-3 A2 E-5 E-3 E-4,8,M
1358.25,E-6 B-5 B-4 B-3 A2 E-5 E-3 E-4,8,M
1358.375,E-6 B-5 B-4 B-3 A2 E-5 E-3 E-4,8,M
1358.5,E-6 A5 A4 A3 G#2 E-5 E-3 E-4,8,M
1358.625,E-6 A5 A4 A3 G#2 E-5 E-3 E-4,8,M
1358.75,E-6 A5 A4 A3 G#2 E-5 E-3 E-4,8,M
1358.875,E-6 A5 A4 A3 G#2 E-5 E-3 E-4,8,M
1359.0,E-6 G#5 G#4 G#3 F2 E-5 E-3 E-4,8,M
1359.125,E-6 G#5 G#4 G#3 F2 E-5 E-3 E-4,8,M
1359.25,E-6 G#5 G#4 G#3 F2 E-5 E-3 E-4,8,M
1359.375,E-6 G#5 G#4 G#3 F2 E-5 E-3 E-4,8,M
1359.5,E-6 F5 F4 F3 E-5 E-3 E-4,8,M
1359.625,E-6 F5 F4 F3 E-5 E-3 E-4,8,M
1359.75,E-6 F5 F4 F3 E-5 E-3 E-4,8,M
1359.875,E-6 F5 F4 F3 E-5 E-3 E-4,8,M
1360.0,E-6 C#3 E-5 E-3 E-4,8,M
1360.125,E-6 C#3 E-5 E-3 E-4,8,M
1360.25,E-6 C#3 E-5 E-3 E-4,8,M
1360.375,E-6 C#3 E-5 E-3 E-4,8,M
1360.5,E-6 C#6 C#5 C#4 C3 E-5 E-3 E-4,8,M
1360.625,E-6 C#6 C#5 C#4 C3 E-5 E-3 E-4,8,M
1360.75,E-6 C#6 C#5 C#4 C3 E-5 E-3 E-4,8,M
1360.875,E-6 C#6 C#5 C#4 C3 E-5 E-3 E-4,8,M
1361.0,E-6 C6 C5 C4 B2 E-5 E-3 E-4,8,M
1361.125,E-6 C6 C5 C4 B2 E-5 E-3 E-4,8,M
1361.25,E-6 C6 C5 C4 B2 E-5 E-3 E-4,8,M
1361.375,E-6 C6 C5 C4 B2 E-5 E-3 E-4,8,M
1361.5,E-6 B5 B4 B3 B-2 E-5 E-3 E-4,8,M
1361.625,E-6 B5 B4 B3 B-2 E-5 E-3 E-4,8,M
1361.75,E-6 B5 B4 B3 B-2 E-5 E-3 E-4,8,M
1361.875,E-6 B5 B4 B3 B-2 E-5 E-3 E-4,8,M
1362.0,E-6 B-5 B-4 B-3 A2 E-5 E-3 E-4,8,M
1362.125,E-6 B-5 B-4 B-3 A2 E-5 E-3 E-4,8,M
1362.25,E-6 B-5 B-4 B-3 A2 E-5 E-3 E-4,8,M
1362.375,E-6 B-5 B-4 B-3 A2 E-5 E-3 E-4,8,M
1362.5,E-6 A5 A4 A3 G#2 E-5 E-3 E-4,8,M
1362.625,E-6 A5 A4 A3 G#2 E-5 E-3 E-4,8,M
1362.75,E-6 A5 A4 A3 G#2 E-5 E-3 E-4,8,M
1362.875,E-6 A5 A4 A3 G#2 E-5 E-3 E-4,8,M
1363.0,E-6 G#5 G#4 G#3 F2 E-5 E-3 E-4,8,M
1363.125,E-6 G#5 G#4 G#3 F2 E-5 E-3 E-4,8,M
1363.25,E-6 G#5 G#4 G#3 F2 E-5 E-3 E-4,8,M
1363.375,E-6 G#5 G#4 G#3 F2 E-5 E-3 E-4,8,M
1363.5,E-6 F5 F4 F3 E-5 E-3 E-4,8,M
1363.625,E-6 F5 F4 F3 E-5 E-3 E-4,8,M
1363.75,E-5 F5 F4 F3 E-2 E-4 E-3,8,M
1363.875,E-5 F5 F4 F3 E-2 E-4 E-3,8,M
1364.0,E-5 E-6 C#3 E-4 E-2 E-3,8,M
1364.125,E-5 E-6 C#3 E-4 E-2 E-3,8,M
1364.25,E-5 E-6 C#3 E-4 E-2 E-3,8,M
1364.375,E-5 E-6 C#3 E-4 E-2 E-3,8,M
1364.5,E-5 C#6 C#5 C#4 C3 E-4 E-2 E-3,8,M
1364.625,E-5 C#6 C#5 C#4 C3 E-4 E-2 E-3,8,M
1364.75,E-5 C#6 C#5 C#4 C3 E-4 E-2 E-3,8,M
1364.875,E-5 C#6 C#5 C#4 C3 E-4 E-2 E-3,8,M
1365.0,E-5 C6 C5 C4 B2 E-4 E-2 E-3,8,M
1365.125,E-5 C6 C5 C4 B2 E-4 E-2 E-3,8,M
1365.25,E-5 C6 C5 C4 B2 E-4 E-2 E-3,8,M
1365.375,E-5 C6 C5 C4 B2 E-4 E-2 E-3,8,M
1365.5,E-5 B5 B4 B3 B-2 E-4 E-2 E-3,8,M
1365.625,E-5 B5 B4 B3 B-2 E-4 E-2 E-3,8,M
1365.75,E-5 B5 B4 B3 B-2 E-4 E-2 E-3,8,M
1365.875,E-5 B5 B4 B3 B-2 E-4 E-2 E-3,8,M
1366.0,E-5 B-5 B-4 B-3 C#2 E-4 E-2 E-3,8,M
1366.125,E-5 B-5 B-4 B-3 C#2 E-4 E-2 E-3,8,M
1366.25,E-5 B-5 B-4 B-3 C#2 E-4 E-2 E-3,8,M
1366.375,E-5 B-5 B-4 B-3 C#2 E-4 E-2 E-3,8,M
1366.5,E-5 C#5 C#4 C#3 C2 E-4 E-2 E-3,8,M
1366.625,E-5 C#5 C#4 C#3 C2 E-4 E-2 E-3,8,M
1366.75,E-5 C#5 C#4 C#3 C2 E-4 E-2 E-3,8,M
1366.875,E-5 C#5 C#4 C#3 C2 E-4 E-2 E-3,8,M
1367.0,E-5 C5 C4 C3 B1 E-4 E-2 E-3,8,M
1367.125,E-5 C5 C4 C3 B1 E-4 E-2 E-3,8,M
1367.25,E-5 C5 C4 C3 B1 E-4 E-2 E-3,8,M
1367.375,E-5 C5 C4 C3 B1 E-4 E-2 E-3,8,M
1367.5,E-5 B4 B3 B2 E-4 E-2 E-3,8,M
1367.625,E-5 B4 B3 B2 E-4 E-2 E-3,8,M
1367.75,E-5 B4 B3 B2 E-4 E-2 E-3,8,M
1367.875,E-5 B4 B3 B2 E-4 E-2 E-3,8,M
1368.0,E-5 E-6 F1 E-4 E-2 E-3,8,M
1368.125,E-5 E-6 F1 E-4 E-2 E-3,8,M
1368.25,E-5 E-6 F1 E-4 E-2 E-3,8,M
1368.375,E-5 E-6 F1 E-4 E-2 E-3,8,M
1368.5,E-5 F4 F3 F2 F#1 E-4 E-2 E-3,8,M
1368.625,E-5 F4 F3 F2 F#1 E-4 E-2 E-3,8,M
1368.75,E-5 F4 F3 F2 F#1 E-4 E-2 E-3,8,M
1368.875,E-5 F4 F3 F2 F#1 E-4 E-2 E-3,8,M
1369.0,E-5 F#4 F#3 F#2 B-1 E-4 E-2 E-3,8,M
1369.125,E-5 F#4 F#3 F#2 B-1 E-4 E-2 E-3,8,M
1369.25,E-5 F#4 F#3 F#2 B-1 E-4 E-2 E-3,8,M
1369.375,E-5 F#4 F#3 F#2 B-1 E-4 E-2 E-3,8,M
1369.5,E-5 B-4 B-3 B-2 E-4 E-2 E-3,8,M
1369.625,E-5 B-4 B-3 B-2 E-4 E-2 E-3,8,M
1369.75,E-5 B-4 B-3 B-2 E-4 E-2 E-3,8,M
1369.875,E-5 B-4 B-3 B-2 E-4 E-2 E-3,8,M
1370.0,C#6 E-4 E-5 F2 C#5 C#3 E-3 C#4,8,M
1370.125,C#6 E-4 E-5 E-3 F2 C#5 C#3 C#4,8,M
1370.25,C#6 E-4 E-5 E-3 F2 C#5 C#3 C#4,8,M
1370.375,C#6 E-4 E-5 E-3 F2 C#5 C#3 C#4,8,M
1370.5,C#6 E-4 F5 F4 F3 G2 C#5 C#3 E-3 C#4,8,M
1370.625,C#6 E-4 F5 F4 F3 G2 C#5 C#3 E-3 C#4,8,M
1370.6666666666667,C6 E-4 C5 C3 E-3 C4 F5 F4 F3 G2,8,M
1370.75,C6 E-4 F5 F4 F3 G2 C5 C3 E-3 C4,8,M
1370.875,C6 E-4 F5 F4 F3 G2 C5 C3 E-3 C4,8,M
1371.0,C6 E-4 G5 G4 G3 G#2 C5 C3 E-3 C4,8,M
1371.125,C6 E-4 G5 G4 G3 G#2 C5 C3 E-3 C4,?,?
1371.25,C6 E-4 G5 G4 G3 G#2 C5 C3 E-3 C4,?,?
1371.3333333333333,B5 E-4 G5 G4 G3 G#2 B4 B2 E-3 B3,?,?
1371.375,B5 E-4 G5 G4 G3 G#2 B4 B2 E-3 B3,?,?
1371.5,B5 E-4 G#5 G#4 G#3 B-2 B4 B2 E-3 B3,?,?
1371.625,B5 E-4 G#5 G#4 G#3 B-2 B4 B2 E-3 B3,?,?
1371.75,B5 E-4 G#5 G#4 G#3 B-2 B4 B2 E-3 B3,?,?
1371.875,B5 E-4 G#5 G#4 G#3 B-2 B4 B2 E-3 B3,?,?
1372.0,B-5 G#2 B-4 B-2 B-3,?,?
1372.125,B-5 G#2 B-4 B-2 B-3,3,m
1372.25,B-5 G#2 B-4 B-2 B-3,3,m
1372.375,B-5 G#2 B-4 B-2 B-3,3,m
1372.5,B-5 G#5 G#4 G#3 G2 B-4 B-2 B-3,3,m
1372.625,B-5 G#5 G#4 G#3 G2 B-4 B-2 B-3,3,m
1372.75,B-5 G#5 G#4 G#3 G2 B-4 B-2 B-3,3,m
1372.875,B-5 G#5 G#4 G#3 G2 B-4 B-2 B-3,3,m
1373.0,B-5 G5 G4 G3 F#2 B-4 B-2 B-3,3,m
1373.125,B-5 G5 G4 G3 F#2 B-4 B-2 B-3,3,m
1373.25,B-5 G5 G4 G3 F#2 B-4 B-2 B-3,3,m
1373.375,B-5 G5 G4 G3 F#2 B-4 B-2 B-3,3,m
1373.5,B-5 F#5 F#4 F#3 F2 B-4 B-2 B-3,3,m
1373.625,B-5 F#5 F#4 F#3 F2 B-4 B-2 B-3,3,m
1373.75,B-5 F#5 F#4 F#3 F2 B-4 B-2 B-3,3,m
1373.875,B-5 F#5 F#4 F#3 F2 B-4 B-2 B-3,3,m
1374.0,F5 F4 F3 B2 B-1 B-4 B-3 B-2,3,m
1374.125,F5 F4 F3 B2 B-1 B-4 B-3 B-2,3,m
1374.25,F5 F4 F3 B2 B-1 B-4 B-3 B-2,3,m
1374.375,F5 F4 F3 B2 B-1 B-4 B-3 B-2,3,m
1374.5,B5 B4 B3 B-1 B-4 B-3 B-2,3,m
1374.625,B5 B4 B3 B-1 B-4 B-3 B-2,3,m
1374.75,B5 B4 B3 B-1 B-4 B-3 B-2,3,m
1374.875,B5 B4 B3 B-1 B-4 B-3 B-2,3,m
1375.0,B-5 A2 B-1 B-4 B-3 B-2,3,m
1375.125,B-5 A2 B-1 B-4 B-3 B-2,3,m
1375.25,B-5 A2 B-1 B-4 B-3 B-2,3,m
1375.375,B-5 A2 B-1 B-4 B-3 B-2,3,m
1375.5,A5 A4 A3 B-1 B-4 B-3 B-2,3,m
1375.625,A5 A4 A3 B-1 B-4 B-3 B-2,3,m
1375.75,A5 A4 A3 B-1 B-4 B-3 B-2,3,m
1375.875,A5 A4 A3 B-3 B-1 B-4 B-2,3,m
1376.0,B-4 B-5 G#2 B-3,3,m
1376.125,B-4 B-5 G#2 B-3,3,m
1376.25,B-4 B-5 G#2 B-3,3,m
1376.375,B-4 B-5 G#2 B-3,3,m
1376.5,B-4 G#5 G#4 G#3 F#2 B-3,3,m
1376.625,B-4 G#5 G#4 G#3 F#2 B-3,3,m
1376.75,B-4 G#5 G#4 G#3 F#2 B-3,3,m
1376.875,B-4 G#5 G#4 G#3 F#2 B-3,3,m
1377.0,B-5 B-4 F#5 F#4 F#3 F2,3,m
1377.125,B-5 B-4 F#5 F#4 F#3 F2,3,m
1377.25,B-5 B-4 F#5 F#4 F#3 F2,3,m
1377.375,B-5 B-4 F#5 F#4 F#3 F2,3,m
1377.5,B-5 B-4 F5 F4 F3 E-3,3,m
1377.625,B-5 B-4 F5 F4 F3 E-3,3,m
1377.75,B-5 B-4 F5 F4 F3 E-3,3,m
1377.875,B-5 B-4 F5 F4 F3 E-3,3,m
1378.0,G#5 G#4 E-6 E-5 E-4 D3,3,m
1378.125,G#5 G#4 E-6 E-5 E-4 D3,3,m
1378.25,G#5 G#4 E-6 E-5 E-4 D3,3,m
1378.375,G#5 G#4 E-6 E-5 E-4 D3,3,m
1378.5,G#5 G#4 D6 D5 D4 E-3,3,m
1378.625,G#5 G#4 D6 D5 D4 E-3,3,m
1378.75,G#5 G#4 D6 D5 D4 E-3,3,m
1378.875,G#5 G#4 D6 D5 D4 E-3,3,m
1379.0,G5 G4 E-6 E-5 E-4 F3,3,m
1379.125,G5 G4 E-6 E-5 E-4 F3,3,m
1379.25,G5 G4 E-6 E-5 E-4 F3,3,m
1379.375,G5 G4 E-6 E-5 E-4 F3,3,m
1379.5,G5 G4 F6 F5 F4 F#3,3,m
1379.625,G5 G4 F6 F5 F4 F#3,3,m
1379.75,G5 G4 F6 F5 F4 F#3,3,m
1379.875,G5 G4 F6 F5 F4 F#3,3,m
1380.0,F#6 E-4 F#5 F#1 F#4 F#3,3,m
1380.125,F#6 E-4 F#5 F#1 F#4 F#3,3,m
1380.25,F#6 E-4 F#5 F#1 F#4 F#3,3,m
1380.375,F#6 E-4 F#5 F#1 F#4 F#3,3,m
1380.5,F#6 E-4 F#5 F#2 B-1 F#4 F#3,3,m
1380.625,F#6 E-4 F#5 F#2 B-1 F#4 F#3,3,m
1380.75,F#6 E-4 F#5 F#2 B-1 F#4 F#3,3,m
1380.875,F#6 E-4 F#5 F#2 B-1 F#4 F#3,3,m
1381.0,F#6 E-4 F#5 B-4 B-3 B-2 C#2 F#4 F#3,3,m
1381.125,F#6 E-4 F#5 B-4 B-3 B-2 C#2 F#4 F#3,3,m
1381.25,F#6 E-4 F#5 B-4 B-3 B-2 C#2 F#4 F#3,3,m
1381.375,F#6 E-4 F#5 B-4 B-3 B-2 C#2 F#4 F#3,3,m
1381.5,F#6 E-4 F#5 C#5 C#4 C#3 F#2 F#4 F#3,3,m
1381.625,F#6 E-4 F#5 C#5 C#4 C#3 F#2 F#4 F#3,3,m
1381.75,F#6 E-4 F#5 C#5 C#4 C#3 F#2 F#4 F#3,3,m
1381.875,F#6 E-4 F#5 C#5 C#4 C#3 F#2 F#4 F#3,3,m
1382.0,F#6 E-4 F#5 B-2 F#4 F#3,3,m
1382.125,F#6 E-4 F#5 B-2 F#4 F#3,3,m
1382.25,F#6 E-4 F#5 B-2 F#4 F#3,3,m
1382.375,F#6 E-4 F#5 B-2 F#4 F#3,3,m
1382.5,F#6 E-4 F#5 B-5 B-4 B-3 C#3 F#4 F#3,3,m
1382.625,F#6 E-4 F#5 B-5 B-4 B-3 C#3 F#4 F#3,3,m
1382.75,F#6 E-4 F#5 B-5 B-4 B-3 C#3 F#4 F#3,3,m
1382.875,F#6 E-4 F#5 B-5 B-4 B-3 C#3 F#4 F#3,3,m
1383.0,F#6 E-4 F#5 C#6 C#5 C#4 E-3 F#4 F#3,3,m
1383.125,F#6 E-4 F#5 C#6 C#5 C#4 E-3 F#4 F#3,3,m
1383.25,F#6 E-4 F#5 C#6 C#5 C#4 E-3 F#4 F#3,3,m
1383.375,F#6 E-4 F#5 C#6 C#5 C#4 E-3 F#4 F#3,3,m
1383.5,F#6 E-4 F#5 E-6 E-5 F#4 F#3,3,m
1383.625,F#6 E-4 F#5 E-6 E-5 F#4 F#3,3,m
1383.75,F#6 E-4 F#5 E-6 E-5 F#4 F#3,3,m
1383.875,F#6 E-4 F#5 E-6 E-5 F#4 F#3,3,m
1384.0,F#6 E-4 F#5 F#1 F#4 F#3,3,m
1384.125,F#6 E-4 F#5 F#1 F#4 F#3,3,m
1384.25,F#6 E-4 F#5 F#1 F#4 F#3,3,m
1384.375,F#6 E-4 F#5 F#1 F#4 F#3,3,m
1384.5,F#6 E-4 F#5 F#2 B-1 F#4 F#3,3,m
1384.625,F#6 E-4 F#5 F#2 B-1 F#4 F#3,3,m
1384.75,F#6 E-4 F#5 F#2 B-1 F#4 F#3,3,m
1384.875,F#6 E-4 F#5 F#2 B-1 F#4 F#3,3,m
1385.0,F#6 E-4 F#5 B-4 B-3 B-2 C#2 F#4 F#3,3,m
1385.125,F#6 E-4 F#5 B-4 B-3 B-2 C#2 F#4 F#3,11,M
1385.25,F#6 E-4 F#5 B-4 B-3 B-2 C#2 F#4 F#3,11,M
1385.375,F#6 E-4 F#5 B-4 B-3 B-2 C#2 F#4 F#3,11,M
1385.5,F#6 E-4 F#5 C#5 C#4 C#3 G#2 F#4 F#3,11,M
1385.625,F#6 E-4 F#5 C#5 C#4 C#3 G#2 F#4 F#3,11,M
1385.75,F#6 E-4 F#5 C#5 C#4 C#3 G#2 F#4 F#3,11,M
1385.875,F#6 E-4 F#5 C#5 C#4 C#3 G#2 F#4 F#3,11,M
1386.0,F#6 E-4 F#5 G#5 G#4 G#3 B-2 F#4 F#3,11,M
1386.125,F#6 E-4 F#5 G#5 G#4 G#3 B-2 F#4 F#3,11,M
1386.25,F#6 E-4 F#5 G#5 G#4 G#3 B-2 F#4 F#3,11,M
1386.375,F#6 E-4 F#5 G#5 G#4 G#3 B-2 F#4 F#3,11,M
1386.5,F#6 E-4 F#5 B-5 B-4 B-3 C#3 F#4 F#3,11,M
1386.625,F#6 E-4 F#5 B-5 B-4 B-3 C#3 F#4 F#3,11,M
1386.75,F#6 E-4 F#5 B-5 B-4 B-3 C#3 F#4 F#3,11,M
1386.875,F#6 E-4 F#5 B-5 B-4 B-3 C#3 F#4 F#3,11,M
1387.0,F#6 E-4 F#5 C#6 C#5 C#4 E-3 F#4 F#3,11,M
1387.125,F#6 E-4 F#5 C#6 C#5 C#4 E-3 F#4 F#3,11,M
1387.25,F#6 E-4 F#5 C#6 C#5 C#4 E-3 F#4 F#3,11,M
1387.375,F#6 E-4 F#5 C#6 C#5 C#4 E-3 F#4 F#3,11,M
1387.5,F#6 E-4 F#5 E-6 E-5 F#4 F#3,11,M
1387.625,F#6 F#5 E-6 E-5 E-4 F#4 F#3,11,M
1387.75,B-5 F#5 E-6 E-5 E-4 F#3 F#4 F#2,11,M
1387.875,B-5 F#5 E-6 E-5 E-4 F#3 F#4 F#2,11,M
1388.0,F#5 F#3 F#6 G#1 F#4 F#2,11,M
1388.125,F#5 F#3 F#6 G#1 F#4 F#2,6,M
1388.25,F#5 F#3 F#6 G#1 F#4 F#2,6,M
1388.375,F#5 F#3 F#6 G#1 F#4 F#2,6,M
1388.5,F#5 F#3 G#4 G#3 G#2 B-1 F#4 F#2,6,M
1388.625,F#5 F#3 G#4 G#3 G#2 B-1 F#4 F#2,6,M
1388.75,F#5 F#3 G#4 G#3 G#2 B-1 F#4 F#2,6,M
1388.875,F#5 F#3 G#4 G#3 G#2 B-1 F#4 F#2,6,M
1389.0,F#5 F#3 B-4 B-3 B-2 C#2 F#4 F#2,6,M
1389.125,F#5 F#3 B-4 B-3 B-2 C#2 F#4 F#2,6,M
1389.25,F#5 F#3 B-4 B-3 B-2 C#2 F#4 F#2,6,M
1389.375,F#5 F#3 B-4 B-3 B-2 C#2 F#4 F#2,6,M
1389.5,F#5 F#3 C#5 C#4 C#3 G#2 F#4 F#2,6,M
1389.625,F#5 F#3 C#5 C#4 C#3 G#2 F#4 F#2,6,M
1389.75,F#5 F#3 C#5 C#4 C#3 G#2 F#4 F#2,6,M
1389.875,F#5 F#3 C#5 C#4 C#3 G#2 F#4 F#2,6,M
1390.0,F#5 F#3 G#5 G#4 G#3 B-2 F#4 F#2,6,M
1390.125,F#5 F#3 G#5 G#4 G#3 B-2 F#4 F#2,6,M
1390.25,F#5 F#3 G#5 G#4 G#3 B-2 F#4 F#2,6,M
1390.375,F#5 F#3 G#5 G#4 G#3 B-2 F#4 F#2,6,M
1390.5,F#5 F#3 B-5 B-4 B-3 C#3 F#4 F#2,6,M
1390.625,F#5 F#3 B-5 B-4 B-3 C#3 F#4 F#2,6,M
1390.75,F#5 F#3 B-5 B-4 B-3 C#3 F#4 F#2,6,M
1390.875,F#5 F#3 B-5 B-4 B-3 C#3 F#4 F#2,6,M
1391.0,F#5 F#3 C#6 C#5 C#4 E-3 F#4 F#2,6,M
1391.125,F#5 F#3 C#6 C#5 C#4 E-3 F#4 F#2,6,M
1391.25,F#5 F#3 C#6 C#5 C#4 E-3 F#4 F#2,6,M
1391.375,F#5 F#3 C#6 C#5 C#4 E-3 F#4 F#2,6,M
1391.5,F#5 F#3 E-6 E-5 E-4 F#4 F#2,6,M
1391.625,F#5 F#3 E-6 E-5 E-4 F#4 F#2,6,M
1391.75,F#5 F#3 E-6 E-5 E-4 F#4 F#2,6,M
1391.875,F#5 F#3 E-6 E-5 E-4 F#4 F#2,6,M
1392.0,F#5 F#3 F#6 G#1 F#4 F#2,6,M
1392.125,F#5 F#6 G#1 F#3 F#4 F#2,6,M
1392.25,F#5 F#6 G#1 F#3 F#4 F#2,6,M
1392.375,F#5 F#6 G#1 F#3 F#4 F#2,6,M
1392.5,F#5 G#4 G#3 G#2 B-1 F#3 F#4 F#2,6,M
1392.625,F#5 G#4 G#3 G#2 B-1 F#3 F#4 F#2,6,M
1392.75,F#5 G#4 G#3 G#2 B-1 F#3 F#4 F#2,6,M
1392.875,F#5 G#4 G#3 G#2 B-1 F#3 F#4 F#2,6,M
1393.0,F#5 B-4 B-3 B-2 C#2 F#3 F#4 F#2,6,M
1393.125,F#5 B-4 B-3 B-2 C#2 F#3 F#4 F#2,6,M
1393.25,F#5 B-4 B-3 B-2 C#2 F#3 F#4 F#2,6,M
1393.375,F#5 B-4 B-3 B-2 C#2 F#3 F#4 F#2,6,M
1393.5,F#5 C#5 C#4 C#3 F#3 F#4 F#2,6,M
1393.625,F#5 C#5 C#4 C#3 F#3 F#4 F#2,6,M
1393.75,F#5 C#5 C#4 C#3 F#3 F#4 F#2,6,M
1393.875,F#5 F#3 C#5 C#4 C#3 F#4 F#2,6,M
1394.0,E6 F#5 E4 F#4 F#3 C#2 B-4 E5 B-3 E3,6,M
1394.125,E6 F#5 E4 F#4 F#3 C#2 B-4 E5 B-3 E3,6,M
1394.25,E6 F#5 E4 F#4 F#3 C#2 B-4 E5 B-3 E3,6,M
1394.375,E6 F#5 E4 F#4 F#3 C#2 B-4 E5 B-3 E3,6,M
1394.5,E6 F#5 E4 C#5 C#4 C#3 F#2 B-4 E5 F#3 F#4 B-3 E3,6,M
1394.625,E6 F#5 E4 C#5 C#4 C#3 F#2 B-4 E5 F#3 F#4 B-3 E3,6,M
1394.6666666666667,E-6 F#5 E-4 B4 E-5 B3 E-3 C#5 C#4 C#3 F#2 F#3 F#4,6,M
1394.75,E-6 F#5 E-4 C#5 C#4 C#3 F#2 B4 E-5 F#3 F#4 B3 E-3,6,M
1394.875,E-6 F#5 E-4 C#5 C#4 C#3 F#2 B4 E-5 F#3 F#4 B3 E-3,6,M
1395.0,E-6 F#5 E-4 F#4 F#3 A2 B4 E-5 B3 E-3,6,M
1395.125,E-6 F#5 E-4 F#4 F#3 A2 B4 E-5 B3 E-3,6,M
1395.25,E-6 F#5 E-4 F#4 F#3 A2 B4 E-5 B3 E-3,6,M
1395.3333333333333,D6 F#5 D4 F#4 A2 C5 D5 F#3 B-3 D3,6,M
1395.375,D6 F#5 D4 F#4 F#3 A2 C5 D5 B-3 D3,6,M
1395.5,D6 F#5 D4 A5 A4 A3 B-2 C5 D5 F#3 F#4 B-3 D3,6,M
1395.625,D6 F#5 D4 A5 A4 A3 B-2 C5 D5 F#3 F#4 B-3 D3,6,M
1395.75,D6 F#5 D4 A5 A4 A3 B-2 C5 D5 F#3 F#4 B-3 D3,6,M
1395.875,D6 F#5 D4 A5 A4 A3 B-2 C5 D5 F#3 F#4 B-3 D3,6,M
1396.0,C#6 B-3 C#2 C#5 C#4 C#3,6,M
1396.125,C#6 B-3 C#2 C#5 C#4 C#3,6,M
1396.25,C#6 B-3 C#2 C#5 C#4 C#3,6,M
1396.375,C#6 B-3 C#2 C#5 C#4 C#3,6,M
1396.5,C#6 C2 C#5 C#4 C#3,6,M
1396.625,C#6 C2 C#5 C#4 C#3,6,M
1396.75,C#6 C2 C#5 C#4 C#3,6,M
1396.875,C#6 C2 C#5 C#4 C#3,6,M
1397.0,C#6 C5 C4 C3 C#2 C#5 C#4 C#3,6,M
1397.125,C#6 C5 C4 C3 C#2 C#5 C#4 C#3,6,M
1397.25,C#6 C5 C4 C3 C#2 C#5 C#4 C#3,6,M
1397.375,C#6 C5 C4 C3 C#2 C#5 C#4 C#3,6,M
1397.5,C#6 C#2 C#5 C#4 C#3,6,M
1397.625,C#6 C#2 C#5 C#4 C#3,6,M
1397.75,C#6 C#2 C#5 C#4 C#3,6,M
1397.875,C#6 C#2 C#5 C#4 C#3,6,M
1398.0,C#4 C#2 B-4 F#4 C#5 C#3,6,M
1398.125,C#4 C#2 B-4 F#4 C#5 C#3,6,M
1398.25,C#4 C#2 B-4 F#4 C#5 C#3,6,M
1398.375,C#4 C#2 B-4 F#4 C#5 C#3,6,M
1398.5,C#4 C#2 B-4 F#4 C#5 C#3,6,M
1398.625,C#4 C#2 B-4 F#4 C#5 C#3,6,M
1398.6666666666667,G#4 C#4 C#2 C#5 C#3,6,M
1398.75,C#2 G#4 C#4 C#5 C#3,6,M
1398.875,C#2 G#4 C#4 C#5 C#3,6,M
1399.0,C#4 C#2 G#4 C#5 C#3,6,M
1399.3333333333333,C#4 C#2 F#4 B-3 C#5 C#3,6,M
1400.0,C#4 C#2 C#5 C#3,6,M
1400.5,B2 C#2 C#4 C#5 C#3,6,M
1400.75,C#4 B2 C#2 C#5 C#3,6,M
1401.0,B5 C#5 B1 B4 C#4 B3,6,M
1401.125,B5 C#5 B1 B4 C#4 B3,6,m
1401.25,B5 C#5 B1 B4 C#4 B3,6,m
1401.375,B5 C#5 B1 B4 C#4 B3,6,m
1401.5,B5 C#5 C#4 B2 A2 B4 B3,6,m
1401.625,B5 C#5 C#4 B2 A2 B4 B3,6,m
1401.75,B5 C#5 C#4 B2 A2 B4 B3,6,m
1401.875,B5 C#5 C#4 B2 A2 B4 B3,6,m
1402.0,A5 C#5 A1 A4 C#4 A3,6,m
1402.125,A5 C#5 A1 A4 C#4 A3,6,m
1402.25,A5 C#5 A1 A4 C#4 A3,6,m
1402.375,A5 C#5 A1 A4 C#4 A3,6,m
1402.5,A5 C#5 C#4 A2 G#2 A4 A3,6,m
1402.625,A5 C#5 C#4 A2 G#2 A4 A3,6,m
1402.75,A5 C#5 C#4 A2 G#2 A4 A3,6,m
1402.875,A5 C#5 C#4 A2 G#2 A4 A3,6,m
1403.0,G#5 C#5 G#1 G#4 C#4 G#3,6,m
1403.125,G#5 C#5 G#1 G#4 C#4 G#3,6,m
1403.25,G#5 C#5 G#1 G#4 C#4 G#3,6,m
1403.375,G#5 C#5 G#1 G#4 C#4 G#3,6,m
1403.5,G#5 C#5 C#4 G#2 G2 G#4 G#3,6,m
1403.625,G#5 C#5 C#4 G#2 G2 G#4 G#3,6,m
1403.75,G#5 C#5 C#4 G#2 G2 G#4 G#3,6,m
1403.875,G#5 C#5 C#4 G#2 G2 G#4 G#3,6,m
1404.0,G5 F#1 G4 G3,6,m
1404.125,G5 F#1 G4 G3,6,m
1404.25,G5 F#1 G4 G3,6,m
1404.375,G5 F#1 G4 G3,6,m
1404.5,G5 F#4 F#3 F#2 G1 G4 G3,6,m
1404.625,G5 F#4 F#3 F#2 G1 G4 G3,6,m
1404.75,G5 F#4 F#3 F#2 G1 G4 G3,6,m
1404.875,G5 F#4 F#3 F#2 G1 G4 G3,6,m
1405.0,G5 G2 F#2 G4 G3,6,m
1405.125,G5 G2 F#2 G4 G3,6,m
1405.25,G5 G2 F#2 G4 G3,6,m
1405.375,G5 G2 F#2 G4 G3,6,m
1405.5,G5 F#5 F#4 F#3 G2 G4 G3,6,m
1405.625,G5 F#5 F#4 F#3 G2 G4 G3,6,m
1405.75,G5 F#5 F#4 F#3 G2 G4 G3,6,m
1405.875,G5 F#5 F#4 F#3 G2 G4 G3,6,m
1406.0,G5 F#1 G4 G3,6,m
1406.125,G5 F#1 G4 G3,6,m
1406.25,G5 F#1 G4 G3,6,m
1406.375,G5 F#1 G4 G3,6,m
1406.5,G5 F#4 F#3 F#2 G1 G4 G3,6,m
1406.625,G5 F#4 F#3 F#2 G1 G4 G3,6,m
1406.75,G5 F#4 F#3 F#2 G1 G4 G3,6,m
1406.875,G5 F#4 F#3 F#2 G1 G4 G3,6,m
1407.0,G5 G2 F#2 G4 G3,6,m
1407.125,G5 G2 F#2 G4 G3,?,?
1407.25,G5 G2 F#2 G4 G3,?,?
1407.375,G5 G2 F#2 G4 G3,?,?
1407.5,G5 F#5 F#4 F#3 G2 G4 G3,?,?
1407.625,G5 F#5 F#4 F#3 G2 G4 G3,?,?
1407.75,G5 F#5 F#4 F#3 G2 G4 G3,?,?
1407.875,G5 F#5 F#4 F#3 G2 G4 G3,?,?
1408.0,G5 F#1 G4 G3,?,?
1408.125,G5 F#1 G4 G3,?,?
1408.25,G5 F#1 G4 G3,?,?
1408.375,G5 F#1 G4 G3,?,?
1408.5,G5 F#4 F#3 F#2 G1 G4 G3,?,?
1408.625,G5 F#4 F#3 F#2 G1 G4 G3,?,?
1408.75,G5 F#4 F#3 F#2 G1 G4 G3,?,?
1408.875,G5 F#4 F#3 F#2 G1 G4 G3,?,?
1409.0,G5 G2 F#2 G4 G3,?,?
1409.125,G5 G2 F#2 G4 G3,0,m
1409.25,G5 G2 F#2 G4 G3,0,m
1409.375,G5 G2 F#2 G4 G3,0,m
1409.5,G5 F#5 F#4 F#3 G2 G4 G3,0,m
1409.625,G5 F#5 F#4 F#3 G2 G4 G3,0,m
1409.75,G5 F#5 F#4 F#3 G2 G4 G3,0,m
1409.875,G5 F#5 F#4 F#3 G2 G4 G3,0,m
1410.0,G5 F#2 G4 G3,0,m
1410.125,G5 F#2 G4 G3,0,m
1410.25,G5 F#2 G4 G3,0,m
1410.375,G5 F#2 G4 G3,0,m
1410.5,G5 F#5 F#4 F#3 G2 G4 G3,0,m
1410.625,G5 F#5 F#4 F#3 G2 G4 G3,0,m
1410.75,G5 F#5 F#4 F#3 G2 G4 G3,0,m
1410.875,G5 F#5 F#4 F#3 G2 G4 G3,0,m
1411.0,G5 G4 G3,0,m
1411.125,G5 G4 G3,0,m
1411.25,G5 G4 G3,0,m
1411.375,G5 G4 G3,0,m
1411.5,G5 E-2 G4 G3,0,m
1411.75,G3 E-4 F#4 E-3 F#3 E-2,0,m
1412.0,G3 E-4 G4 E-3 E-2,0,m
1412.125,G3 E-4 G4 E-3 E-2,0,m
1412.25,G3 E-4 G4 E-3 E-2,0,m
1412.375,G3 E-4 G4 E-3 E-2,0,m
1412.5,G3 E-4 G4 E-3 F#4 F#3 E-2,0,m
1412.625,G3 E-4 G4 E-3 F#4 F#3 E-2,0,m
1412.75,G3 E-4 G4 E-3 F#4 F#3 E-2,0,m
1412.875,G3 E-4 G4 E-3 F#4 F#3 E-2,0,m
1413.0,G3 E-4 G4 E-3 E-2,0,m
1413.125,G3 E-4 G4 E-3 E-2,8,m
1413.25,G3 E-4 G4 E-3 E-2,8,m
1413.375,G3 E-4 G4 E-3 E-2,8,m
1413.5,G3 E-4 G4 E-3 F#4 F#3 E-2,8,m
1413.625,G3 E-4 G4 E-3 F#4 F#3 E-2,8,m
1413.75,G3 E-4 G4 E-3 F#4 F#3 E-2,8,m
1413.875,G3 E-4 G4 E-3 F#4 F#3 E-2,8,m
1414.0,G3 E-4 G4 E-3 E-2,8,m
1414.125,G3 E-4 G4 E-3 E-2,8,m
1414.25,G3 E-4 G4 E-3 E-2,8,m
1414.375,G3 E-4 G4 E-3 E-2,8,m
1414.5,G3 E-4 G4 E-3 F#4 F#3 E-2,8,m
1414.625,G3 E-4 G4 E-3 F#4 F#3 E-2,8,m
1414.75,G3 E-4 G4 E-3 F#4 F#3 E-2,8,m
1414.875,G3 E-4 G4 E-3 F#4 F#3 E-2,8,m
1415.0,G3 E-4 G4 E-3 E-2,8,m
1415.125,G3 E-4 G4 E-3 E-2,8,m
1415.25,G3 E-4 G4 E-3 E-2,8,m
1415.375,G3 E-4 G4 E-3 E-2,8,m
1415.5,G3 E-4 G4 E-3 F#4 F#3 E-2,8,m
1415.625,G3 E-4 G4 F#4 F#3 E-3 E-2,8,m
1415.75,G3 E-4 G4 F#4 F#3 E-3 E-2,8,m
1415.875,G3 E-4 G4 F#4 F#3 E-3 E-2,8,m
1416.0,G3 E-4 G4 E-3 E-2,8,m
1416.25,G3 E-4 G4 E-3 E-2,8,m
1416.5,G3 E-4 G4 F#4 F#3 E-3 E-2,8,m
1416.75,G3 E-4 G4 E-3 F#4 F#3 E-2,8,m
1417.0,G3 E-4 G4 E-3 E-2,8,m
1417.25,G3 E-4 G4 E-3 E-2,8,m
1417.5,G3 E-4 G4 E-3 F#4 F#3 E-2,8,m
1417.75,G3 E-4 G4 E-3 F#4 F#3 E-2,8,m
1418.0,G4 G3,8,m
1418.5,F#4 F#3,8,m
1419.0,F4 F#3,8,m
1419.5,G4 G3,8,m
1420.0,G#3 G#2 G#1 G#4,8,m
1420.6666666666667,G#3 G#4 G#2,8,m
1421.0,G#3 B3 B2 B1 G#4 G#2,8,m
1421.6666666666667,G#3 G#4 G#2,4,M
1422.0,G#3 G#2 G#1 E5 G#4 C#4 B4,4,M
1422.6666666666667,G#3 E5 G#4 C#4 B4 G#2,4,M
1422.875,G#3 E5 G#4 C#4 G#2,4,M
1423.0,G#3 G#2 G#1 E5 G#4 C#4 B3,4,M
1423.125,G#3 F#3 F#2 F#1 E5 G#4 C#4 B3 G#2,4,M
1423.25,G#3 G#2 G#1 E5 G#4 C#4 B3,4,M
1423.375,G#3 F#3 F#2 F#1 E5 G#4 C#4 B3 G#2,4,M
1423.5,G#3 G#2 G#1 E5 G#4 C#4,4,M
1423.625,G#3 F#3 F#2 F#1 E5 G#4 C#4 G#2,4,M
1423.6666666666667,G#3 F#3 F#2 F#1 E5 G#4 C#4 G#2,4,M
1423.75,G#3 E3 E2 E1 E5 G#4 C#4 G#2,4,M
1423.875,G#4 F#3 F#2 F#1 E5 C#4,4,M
1424.0,C#4 E4 G#2 G#1 E5 B3 B4 G#3,4,M
1424.6666666666667,E4 E5 B3 C#4 B4 G#3,4,M
1424.875,E4 E5 B3 C#4 G#3,4,M
1425.0,E4 B3 B2 B1 E5 C#4 G#3,4,M
1425.5,E4 B3 B2 B1 E5 C#4 G#3,11,M
1425.6666666666667,C#4 E4 E5 B3 G#3,11,M
1425.875,C#4 E4 B3 G#3,11,M
1426.0,C#4 G#2 G#1 B3 E4 G#3,11,M
1426.6666666666667,C#4 B3 E4 G#3,11,M
1427.0,B-3 B-2 B-1 G#4,11,M
1427.25,B-3 G#4,11,M
1427.3333333333333,B3 B2 B1 G#4,11,M
1427.5833333333333,B3 G#4,11,M
1427.6666666666667,C#4 C#3 C#2 G#4,11,M
1427.9166666666667,C#4 G#4,11,M
1428.0,E-3 E-2 E-4,11,M
1428.6666666666667,E-4,11,M
1429.0,E-5 F#4 F#3 F#2 E-3 E-4,11,M
1429.6666666666667,E-5 E-3 E-4,11,M
1430.0,B5 F#4 E-3 E-2 E-4,11,M
1430.6666666666667,F#4 B5 E-4,11,M
1430.875,F#4 B5 E-4,11,M
1431.0,F#4 B5 F#3 C#4 E-3 E-2 E-4,11,M
1431.125,F#4 B5 F#3 C#4 C#3 C#2 E-4,11,M
1431.25,F#4 B5 F#3 C#4 E-3 E-2 E-4,11,M
1431.375,F#4 B5 F#3 C#4 C#3 C#2 E-4,11,M
1431.5,F#4 B5 C#4 E-3 E-2 E-4,11,M
1431.625,F#4 B5 C#4 C#3 C#2 E-4,11,M
1431.75,F#4 B5 B3 B2 B1 E-4,11,M
1431.875,F#4 B5 E-5 C#4 C#3 C#2,11,M
1432.0,F#4 B5 E-4 E-3 E-2 G#4 B4,11,M
1432.6666666666667,B5 G#4 B4 E-4 F#4 E-3,11,M
1432.875,B5 G#4 B4 E-4 F#4 E-3,11,M
1433.0,B5 F#3 F#2 G#4 B4 E-4 F#4 E-3,11,M
1433.5,B5 F#3 F#2 G#4 B4 E-4 F#4 E-3,11,M
1433.6666666666667,F#4 B5 G#4 B4 E-4 E-3,11,M
1433.875,G#4 B4 E-4 F#4 E-3,11,M
1434.0,B4 E-4 E-3 E-2 G#4 F#4,11,M
1434.6666666666667,G#4 B4 E-4 F#4 E-3,11,M
1435.0,C#4 E-5 G#3 G#2 G#1,11,M
1435.25,C#4 G#3 G#2 G#1,11,M
1435.3333333333333,E-4 C#5 G#3 G#2 G#1,11,M
1435.5833333333333,E-4 G#3 G#2 G#1,11,M
1435.6666666666667,F4 B4,11,M
1435.9166666666667,F4,11,M
1436.0,F4 B-3 B-2 B-1 B-4 D4,11,M
1436.6666666666667,F4 B-3 D4 B-4 B-2,?,?
1437.0,F4 B-3 D5 F3 F2 B-4 D4 B-2,?,?
1437.5,F4 B-3 F3 F2 B-4 D4 B-2,?,?
1437.6666666666667,F4 B-3 B-4 D4 B-2,?,?
1438.0,F#5 B-4 F4 B-3 E-5 B-2 B-1 D4 C#4 C#5,?,?
1438.125,F#5 F4 C#5 B-3 B-1 B-4 D4 C#4 B-2,5,m
1438.25,F#5 F4 E-5 B-3 B-1 B-4 D4 C#4 C#5 B-2,5,m
1438.375,F#5 F4 C#5 B-3 B-1 B-4 D4 C#4 B-2,5,m
1438.5,F#5 F4 E-5 B-3 B-1 B-4 D4 C#4 C#5 B-2,5,m
1438.625,F#5 F4 B-3 C#5 B-2 B-1 B-4 D4 C#4,5,m
1438.6666666666667,F#5 F4 B-3 C#5 B-4 D4 C#4 B-2,5,m
1438.75,F#5 F4 B-3 C5 B-4 D4 C#4 C#5 B-2,5,m
1438.875,F#5 F4 B-3 C#5 B-4 D4 C#4 B-2,5,m
1439.0,F#5 F4 B-3 C#5 B-2 B-1 B-4 D4 C#4,5,m
1439.125,F#5 F4 B-3 C#5 G#3 G#2 G#1 B-4 D4 C#4 B-2,5,m
1439.25,F#5 F4 B-3 C#5 B-2 B-1 B-4 D4 C#4,5,m
1439.375,F#5 F4 B-3 C#5 G#3 G#2 G#1 B-4 D4 C#4 B-2,5,m
1439.5,F#5 F4 B-3 C#5 B-2 B-1 B-4 D4 C#4,5,m
1439.625,F#5 F4 B-3 C#5 G#3 G#2 G#1 B-4 D4 C#4 B-2,5,m
1439.75,F#5 F4 B-4 B-3 C#5 F#3 F#2 F#1 D4 C#4 B-2,5,m
1439.875,F#5 F4 B-4 C#5 G#3 G#2 G#1 D4 C#4,5,m
1440.0,G5 E4 G4 B-2 B-1 C#4 C#5 B-3,5,m
1440.6666666666667,G5 E4 G4 C#5 C#4 B-3,5,m
1440.875,G5 E4 G4 C#5 C#4 B-3,5,m
1441.0,G5 E4 G4 E5 C#4 C#3 C#2 B-3,5,m
1441.5,G5 E4 G4 C#5 C#4 C#3 C#2 B-3,5,m
1441.6666666666667,G5 E4 G4 C#5 C#4 B-3,5,m
1441.875,E4 G4 C#5 C#4 B-3,5,m
1442.0,E4 E-5 B-2 B-1 C#4 G4 B-3,5,m
1442.125,E4 C#5 B-2 B-1 C#4 G4 B-3,5,m
1442.25,E4 E-5 B-2 B-1 C#4 G4 B-3,5,m
1442.375,E4 C#5 B-2 B-1 C#4 G4 B-3,5,m
1442.5,E4 E-5 B-2 B-1 C#4 G4 B-3,5,m
1442.625,E4 C#5 B-2 B-1 C#4 G4 B-3,5,m
1442.6666666666667,E4 C#5 C#4 G4 B-3,5,m
1442.75,E4 C5 C#4 G4 B-3,5,m
1442.875,E4 C#5 C#4 G4 B-3,5,m
1443.0,C5 C4 C3 C2 B-4,5,m
1443.3333333333333,C5 D4 D3 D2 B-4,5,m
1443.5,B-4 D4 D3 D2,5,m
1443.6666666666667,E4 E3 E2 B-4,5,m
1444.0,F3 F2 C5 G#4 F4,5,m
1444.6666666666667,G#4 C5 F4,5,m
1445.0,F5 G#5 C5 C4 C3 F3 G#4 F4,5,m
1445.5,F5 C5 C4 C3 F3 G#4 F4,5,m
1445.6666666666667,F5 C5 F3 G#4 F4,5,m
1446.0,C#6 G#4 B-5 F3 F2 F5 B4 F4,5,m
1446.125,C#6 G#5 F3 F2 F5 B4 G#4 F4,5,m
1446.25,C#6 B-5 F3 F2 F5 B4 G#4 F4,5,m
1446.375,C#6 G#5 F3 F2 F5 B4 G#4 F4,5,m
1446.5,C#6 B-5 F3 F2 F5 B4 G#4 F4,5,m
1446.625,C#6 G#5 F3 F2 F5 B4 G#4 F4,5,m
1446.6666666666667,C#6 G#5 F5 B4 G#4 F4,5,m
1446.75,C#6 G5 F5 B4 G#4 F4,5,m
1446.875,C#6 G#5 F5 B4 G#4 F4,5,m
1447.0,C#6 G#3 G#5 E4 E3 E2 F5 B4 G#4 F4,5,m
1447.125,C#6 G#3 G#5 E-4 E-3 E-2 F5 B4 G#4 F4,5,m
1447.25,C#6 G#3 G#5 E4 E3 E2 F5 B4 G#4 F4,5,m
1447.375,C#6 G#3 G#5 E-4 E-3 E-2 F5 B4 G#4 F4,5,m
1447.5,C#6 G#5 E4 E3 E2 F5 B4 G#4 F4,5,m
1447.625,C#6 G#5 E-4 E-3 E-2 F5 B4 G#4 F4,5,m
1447.75,C#6 G#5 C#4 C#3 C#2 F5 B4 G#4 F4,5,m
1447.875,G#4 C#6 F5 G#5 E-4 E-3 E-2 B4,5,m
1448.0,G#4 D6 G#5 F4 F3 F2 D5 B4,5,m
1448.6666666666667,D6 G#5 D5 B4 F4 G#4 F3,11,M
1448.875,D6 G#5 D5 B4 F4 G#4 F3,11,M
1449.0,D6 G#3 B5 F#4 F#3 F#2 D5 B4 F4 G#4 F3,11,M
1449.5,D6 G#5 F#4 F#3 F#2 D5 B4 F4 G#4 F3,11,M
1449.6666666666667,G#4 D6 G#5 D5 B4 F4 F3,11,M
1449.875,G#5 D5 B4 F4 G#4 F3,11,M
1450.0,D5 B-5 F4 F3 F2 B4 G#4,11,M
1450.125,G#5 F2 D5 B4 F4 G#4 F3,11,M
1450.25,B-5 F2 D5 B4 F4 G#4 F3,11,M
1450.375,G#5 F2 D5 B4 F4 G#4 F3,11,M
1450.5,B-5 F2 D5 B4 F4 G#4 F3,11,M
1450.625,G#5 F4 F3 F2 D5 B4 G#4,11,M
1450.6666666666667,G#5 D5 B4 F4 G#4 F3,11,M
1450.75,G5 D5 B4 F4 G#4 F3,11,M
1450.875,G#5 D5 B4 F4 G#4 F3,11,M
1451.0,B-4 G#5 F#3 F#2 F#1,11,M
1451.125,B-4 G#5 F3 F2 F1,11,M
1451.25,B-4 G#5 F#3 F#2 F#1,11,M
1451.3333333333333,C5 G#5 F#3 F#2 F#1,11,M
1451.375,C5 G#5 F3 F2 F1,11,M
1451.5,C5 G#5 F#3 F#2 F#1,11,M
1451.625,C5 G#5 F3 F2 F1,11,M
1451.6666666666667,D5 G#5 F3 F2 F1,11,M
1451.75,D5 G#5 E3 E2 E1,11,M
1451.875,D5 G#5 F3 F2 F1,11,M
1452.0,E-4 B2 F#5 F#4 F#3 F#2 F#1 E-5 B5 B4 B3,11,M
1452.6666666666667,E-5 E-4 F#4 B2 F#5 B5 B4 B3,11,M
1453.0,E-5 E-4 F#4 B2 E-6 B1 B5 B4 B3,11,M
1453.5,E-4 F#4 B2 F#5 B1 E-5 B5 B4 B3,11,M
1453.6666666666667,E-5 E-4 F#4 B2 F#5 B5 B4 B3,11,M
1454.0,F#6 F#5 E-4 F#4 B2 E6 E5 F#3 F#2 F#1 E-5 B5 B4 B3,11,M
1454.125,F#6 F#5 E-4 F#4 B2 E-6 E-5 F#3 F#2 F#1 B5 B4 B3,11,M
1454.25,F#6 F#5 E-4 F#4 B2 E6 E5 F#3 F#2 F#1 B5 B4 E-5 B3,11,M
1454.375,F#6 F#5 E-4 F#4 B2 E-6 E-5 F#3 F#2 F#1 B5 B4 B3,11,M
1454.5,F#6 F#5 E-4 F#4 B2 E6 E5 F#3 F#2 F#1 B5 B4 E-5 B3,11,M
1454.625,F#6 F#5 E-4 F#4 B2 E-6 E-5 F#3 F#2 F#1 B5 B4 B3,11,M
1454.6666666666667,F#6 F#5 E-4 F#4 B2 E-6 E-5 B5 B4 B3,11,M
1454.75,F#6 F#5 E-4 F#4 B2 C#6 C#5 E-5 B5 B4 B3,11,M
1454.875,F#6 F#5 E-4 F#4 B2 E-6 E-5 B5 B4 B3,11,M
1455.0,F#6 F#5 E-4 F#4 B2 B5 F#3 F#2 F#1 E-5 B4 B3,11,M
1455.125,F#6 F#5 F#4 B2 F3 F2 F1 E-5 B5 B4 E-4 B3,11,M
1455.25,F#6 F#5 F#4 B2 F#3 F#2 F#1 E-5 B5 B4 E-4 B3,11,M
1455.375,F#6 F#5 E-4 F#4 B2 F3 F2 F1 E-5 B5 B4 B3,11,M
1455.5,F#6 F#5 E-4 F#4 B2 F#3 F#2 F#1 E-5 B5 B4 B3,11,M
1455.625,F#6 F#5 E-4 F#4 B2 F3 F2 F1 E-5 B5 B4 B3,11,M
1455.75,F#6 F#5 B3 E-4 F#4 B2 E3 E2 E1 E-5 B5 B4,11,M
1455.875,F#6 F#5 E-4 F#4 F3 F2 F1 E-5 B5 B4 B3,11,M
1456.0,G6 G4 B5 F#3 F#2 F#1 G5 B3 C#4 E4 B4 E5 G3,11,M
1456.6666666666667,G6 G4 B5 G5 B3 C#4 E4 B4 E5 G3,11,M
1456.875,G6 G4 B5 G5 B3 C#4 E4 B4 G3,11,M
1457.0,G6 G4 C#4 C#3 C#2 G5 B3 E4 B4 G3,11,M
1457.5,G6 G4 B5 C#4 C#3 C#2 G5 B3 E4 B4 G3,11,M
1457.6666666666667,G6 G5 G4 B5 B3 C#4 E4 B4 G3,11,M
1457.875,G5 G4 B5 B4 B3 C#4 E4 G3,11,M
1458.0,G5 E5 G4 C#6 C#5 F#3 F#2 F#1 B4 B3 C#4 E4 G3,11,M
1458.125,E5 G4 B5 F#3 F#2 F#1 G5 B3 C#4 E4 B4 G3,?,?
1458.25,E5 G4 C#6 C#5 F#3 F#2 F#1 G5 B3 C#4 E4 B4 G3,?,?
1458.375,E5 G4 B5 F#3 F#2 F#1 G5 B3 C#4 E4 B4 G3,?,?
1458.5,E5 G4 C#6 C#5 F#3 F#2 F#1 G5 B3 C#4 E4 B4 G3,?,?
1458.625,E5 G4 B5 F#3 F#2 F#1 G5 B3 C#4 E4 B4 G3,?,?
1458.6666666666667,E5 G4 B5 G5 B3 C#4 E4 B4 G3,?,?
1458.75,E5 G4 B-5 B-4 G5 B3 C#4 E4 B4 G3,?,?
1458.875,G5 E5 G4 B5 B3 C#4 E4 B4 G3,?,?
1459.0,G4 B5 F#3 F#2 F#1 G5 B4,?,?
1459.125,G4 B5 F3 F2 F1 G5 B4,?,?
1459.25,G4 B5 F#3 F#2 F#1 G5 B4,?,?
1459.375,G4 B5 F3 F2 F1 G5 B4,?,?
1459.5,G4 B5 F#3 F#2 F#1 G5 B4,?,?
1459.625,G4 B5 F3 F2 F1 G5 B4,?,?
1459.75,G4 B5 E3 E2 E1 B4 G5,?,?
1459.875,F#5 B5 F3 F2 F1 B4 G5,?,?
1460.0,E-4 B2 F#5 F#4 F#3 F#2 F#1 E-5 B5 B4 B3,?,?
1460.6666666666667,E-4 F#4 B2 F#5 E-5 B5 B4 B3,4,m
1461.0,E-4 F#4 B2 E-6 E-5 B1 B5 B4 B3,4,m
1461.5,E-4 F#4 B2 F#5 B1 E-5 B5 B4 B3,4,m
1461.6666666666667,E-4 B2 F#5 F#4 E-5 B5 B4 B3,4,m
1461.875,E-4 F#4 B2 F#5 E-5 B5 B4 B3,4,m
1462.0,F#6 B4 F#5 E-4 F#4 B2 E6 E5 F#3 F#2 F#1 E-5 B5 B3,4,m
1462.125,F#6 F#5 E-4 F#4 B2 E-6 E-5 F#3 F#2 F#1 B5 B4 B3,4,m
1462.25,F#6 F#5 E-4 F#4 B2 E6 E5 F#3 F#2 F#1 B5 B4 E-5 B3,4,m
1462.375,F#6 F#5 E-4 F#4 B2 E-6 E-5 F#3 F#2 F#1 B5 B4 B3,4,m
1462.5,F#6 F#5 E-4 F#4 B2 E6 E5 F#3 F#2 F#1 B5 B4 E-5 B3,4,m
1462.625,F#6 F#5 E-4 F#4 B2 E-6 E-5 F#3 F#2 F#1 B5 B4 B3,4,m
1462.6666666666667,F#6 F#5 E-4 F#4 B2 E-6 E-5 B5 B4 B3,4,m
1462.75,F#6 F#5 E-4 F#4 B2 C#6 C#5 E-5 B5 B4 B3,4,m
1462.875,F#6 F#5 E-4 F#4 B2 E-6 E-5 B5 B4 B3,4,m
1463.0,F#6 F#5 E-4 F#4 B2 B5 F#3 F#2 F#1 E-5 B4 B3,4,m
1463.125,F#6 F#5 F#4 B2 F3 F2 F1 E-5 B5 B4 E-4 B3,4,m
1463.25,F#6 F#5 F#4 B2 F#3 F#2 F#1 E-5 B5 B4 E-4 B3,4,m
1463.375,F#6 F#5 E-4 F#4 B2 F3 F2 F1 E-5 B5 B4 B3,4,m
1463.5,F#6 F#5 E-4 F#4 B2 F#3 F#2 F#1 E-5 B5 B4 B3,4,m
1463.625,F#6 F#5 E-4 F#4 B2 F3 F2 F1 E-5 B5 B4 B3,4,m
1463.75,F#6 F#5 B3 E-4 F#4 B2 B4 E3 E2 E1 E-5 B5,4,m
1463.875,F#6 F#5 E-4 F#4 B4 F3 F2 F1 E-5 B5 B3,4,m
1464.0,G4 G6 F#3 F#2 F#1 B4 G5 B3 C#4 E4 E5 G3,4,m
1467.0,F4 D4 G#4,0,m
1467.3333333333333,E4 C4 A4,0,m
1467.6666666666667,D4 B3 B4,0,m
1468.0,E-4 C5 C6 E-3 E-5 G5 C4 G4 G3,0,m
1468.3333333333333,E-4 C5 C6 E-3 E-5 G5 G4 G3 C4,0,m
1468.6666666666667,F#4 C6 E-4 C5 E-3 E-5 G5 G4 G3 C4,0,m
1469.0,C6 E-4 C5 G5 E-3 E-5 G4 G3,0,m
1470.0,C6 G4 E-4 C5 E-3 E-5 G5 G3,0,m
1470.5,C6 G4 E-4 C5 F#5 E-3 E-5 G5 G3,0,m
1470.6666666666667,G#4 C6 E-4 C5 F#5 E-3 E-5 G5 G4 G3,0,m
1471.0,C6 G#4 E-4 C5 E-3 E-5 G5 G4 G3,0,m
1471.3333333333333,C6 G4 E-4 C5 E-3 E-5 G5 G3,0,m
1471.5,C6 G4 E-4 C5 D6 E-3 E-5 G5 G3,0,m
1471.875,G4 D6 E-5 G5,0,m
1472.0,C5 G4 E-5 C4 B5 E-4 G5,0,m
1473.0,C5 C4 C6 E-4 E-5 G5 G4,0,m
1475.0,G#4 F4 B4,0,m
1475.3333333333333,G4 E-4 C5,3,m
1475.6666666666667,F4 D4 D5,3,m
1476.0,F#4 E-5 E-6 F#3 F#5 B-5 E-4 B-4 B-3,3,m
1476.3333333333333,F#4 E-5 E-6 F#3 F#5 B-5 B-4 B-3 E-4,3,m
1476.6666666666667,A4 E-6 F#4 E-5 F#3 F#5 B-5 B-4 B-3 E-4,3,m
1477.0,E-6 F#4 E-5 B-5 F#3 F#5 B-4 B-3,3,m
1478.0,E-6 B-4 F#4 E-5 F#3 F#5 B-5 B-3,3,m
1478.5,E-6 B-4 F#4 E-5 A5 F#3 F#5 B-5 B-3,3,m
1478.6666666666667,B4 E-6 F#4 E-5 A5 F#3 F#5 B-5 B-4 B-3,3,m
1479.0,E-6 B4 F#4 E-5 F#3 F#5 B-5 B-4 B-3,3,m
1479.3333333333333,E-6 B-4 F#4 E-5 F#3 F#5 B-5 B-3,3,m
1479.5,E-6 B-4 F#4 E-5 F6 F#3 F#5 B-5 B-3,3,m
1479.875,E-5 B-4 F#5 F6 F#4 B-5,3,m
1480.0,E-5 B-4 E-4 D6 F#4 F#5 B-5,3,m
1481.0,E-5 E-4 E-6 F#4 F#5 B-5,1,M
1483.0,E5 A3 C#6 G2 A5 A4 E4 C#5 G3,1,M
1483.3333333333333,A3 D6 F#2 A5 A4 D5 F#3,1,M
1483.6666666666667,C#5 A3 C#4 E6 E2 A5 A4 G4 E5 E3,1,M
1484.0,F5 C#4 F6 G#5 C#5 G#2 F4 G#4 G#3,1,M
1484.125,F5 C#4 F6 G#5 C#5 G#2 F4 G#4 G#3,1,M
1484.25,C#5 F5 C#4 F6 G#5 G#2 F4 G#4 G#3,1,M
1484.3333333333333,C#5 F5 C#4 F6 G#5 G5 G#2 F4 G#4 G#3,1,M
1484.375,C#5 F5 C#4 F6 G#5 G5 G#2 F4 G#4 G#3,1,M
1484.5,C#5 F5 C#4 F6 G#5 G5 G#2 F4 G#4 G#3,1,M
1484.625,C#5 F5 C#4 F6 G#5 G5 G#2 F4 G#4 G#3,1,M
1484.6666666666667,G#5 C#5 F5 C#4 F6 G#2 F4 G#4 G#3,1,M
1484.75,C#5 F5 C#4 F6 G#5 G#2 F4 G#4 G#3,1,M
1484.875,C#5 F5 C#4 F6 G#5 G#2 G#4 F4 G#3,1,M
1485.0,C#5 F5 C#4 F6 G#5 G#2 G#4 F4 G#3,1,M
1485.125,C#5 F5 C#4 F6 G#5 G#2 G#4 F4 G#3,1,M
1485.25,C#5 F5 C#4 F6 G#5 G#2 G#4 F4 G#3,1,M
1485.375,F6 C#5 F5 C#4 G#5 G#2 G#4 F4 G#3,1,M
1485.5,F6 C#5 F5 C#4 C#6 G#5 G#2 G#4 F4 G#3,1,M
1485.625,F6 C#5 F5 C#4 C#6 G#5 G#2 G#4 F4 G#3,1,M
1485.75,F6 C#5 F5 C#4 G#5 G#2 G#4 F4 G#3,1,M
1485.875,F6 C#5 F5 C#4 G#5 G#2 G#4 F4 G#3,1,M
1486.0,F6 C#5 F5 C#4 G#5 G#2 G#4 F4 G#3,1,M
1486.125,F6 C#4 F5 G#5 G#2 G#4 F4 C#5 G#3,1,M
1486.25,F6 C#4 F5 G#5 G#2 G#4 F4 C#5 G#3,1,M
1486.375,F6 F5 C#4 G#5 G#2 G#4 F4 C#5 G#3,1,M
1486.5,F6 F5 C#4 G#5 G#2 G#4 F4 C#5 G#3,1,M
1486.625,F6 F5 C#4 C#5 G#5 G#2 G#4 F4 G#3,1,M
1486.6666666666667,G#4 F6 F5 C#4 C#5 G#5 G#2 F4 G#3,1,M
1486.75,F6 F5 C#4 C#5 G#5 G#2 F4 G#4 G#3,1,M
1486.875,F6 C#5 F5 C#4 G#5 G#2 F4 G#4 G#3,1,M
1487.0,F6 C#5 F5 C#4 G#5 G#2 F4 G#4 G#3,1,M
1487.125,F6 C#5 F5 C#4 G#5 G#2 F4 G#4 G#3,1,M
1487.25,F6 C#5 F5 C#4 G#5 G#2 G#4 F4 G#3,1,M
1487.3333333333333,F6 C#5 F5 C#4 G#5 G#2 G#4 F4 G#3,1,M
1487.375,F6 C#5 F5 G#5 G#2 G#4 F4 C#4 G#3,1,M
1487.5,F6 C#5 F5 E-5 G#5 G#2 G#4 F4 C#4 G#3,1,M
1487.625,F6 C#5 F5 E-5 G#5 G#2 G#4 F4 C#4 G#3,1,M
1487.75,F6 G#3 C#5 F5 C#4 E-5 G#2 G#5 G#4 F4,1,M
1487.875,B-5 G#3 C#5 F5 C#4 E-5 G5 G#2 G4 F4,1,M
1488.0,G#3 F4 F5 G#4 G#1 G#5 G#2,1,M
1488.125,G#3 F4 F5 G#4 G#1 G#5 G#2,1,M
1488.25,G#3 F4 F5 G#4 G#1 G#5 G#2,1,M
1488.375,G#3 F4 F5 G#4 G#1 G#5 G#2,1,M
1488.5,G#3 F4 F5 G#4 G#1 G#5 G#2,1,M
1488.625,G#3 F4 F5 G#4 G#1 G#5 G#2,1,M
1488.75,G#3 F4 F5 G#4 G#1 G#5 G#2,1,M
1488.875,G#3 F4 F5 G#4 G#1 G#5 G#2,1,M
1489.0,G#3 F4 F5 G#4 G#1 G#5 G#2,1,M
1489.125,G#3 F4 F5 G#4 G#1 G#5 G#2,1,M
1489.25,G#3 F4 F5 G#4 G#1 G#5 G#2,1,M
1489.375,F5 G#3 F4 G#4 G#1 G#5 G#2,1,M
1489.5,F5 G#3 F4 B-5 G#4 G#1 G#5 G#2,1,M
1489.625,F5 G#3 F4 B-5 G#4 G#1 G#5 G#2,1,M
1489.75,F5 G#3 F4 B-5 G#4 G#1 G#5 G#2,1,M
1489.875,F5 G#3 F4 B-5 G#4 G#1 G#5 G#2,1,M
1490.0,G5 F4 G#4,1,M
1490.125,G5 F4 G#4,1,M
1490.25,G5 F4 G#4,1,M
1490.375,G5 F4 G#4,1,M
1490.5,G#5 F4 G#4,1,M
1490.625,G#5 F4 G#4,1,M
1490.75,G#5 F4 G#4,1,M
1490.875,G#5 F4 G#4,1,M
1491.0,E5 A3 C#6 G2 A5 A4 E4 C#5 G3,1,M
1491.3333333333333,A3 D6 F#2 A5 A4 D5 F#3,1,M
1491.6666666666667,C#5 A3 C#4 E2 E6 F3 F2 A5 A4 G4 E5 E3,1,M
1492.0,F5 C#4 F6 G#5 C#5 G#2 F4 G#4 G#3,1,M
1492.125,F5 C#4 F6 G#5 C#5 G#2 F4 G#4 G#3,1,M
1492.25,C#5 F5 C#4 F6 G#5 G#2 F4 G#4 G#3,1,M
1492.3333333333333,C#5 F5 C#4 F6 G#5 G5 G#2 F4 G#4 G#3,1,M
1492.375,C#5 F5 C#4 F6 G#5 G5 G#2 F4 G#4 G#3,1,M
1492.5,C#5 F5 C#4 F6 G#5 G5 G#2 F4 G#4 G#3,1,M
1492.625,C#5 F5 C#4 F6 G#5 G5 G#2 F4 G#4 G#3,1,M
1492.6666666666667,G#5 C#5 F5 C#4 F6 G#2 F4 G#4 G#3,1,M
1492.75,C#5 F5 C#4 F6 G#5 G#2 F4 G#4 G#3,1,M
1492.875,C#5 F5 C#4 F6 G#5 G#2 G#4 F4 G#3,1,M
1493.0,C#5 F5 C#4 F6 G#5 G#2 G#4 F4 G#3,1,M
1493.125,C#5 F5 C#4 F6 G#5 G#2 G#4 F4 G#3,1,M
1493.25,C#5 F5 C#4 F6 G#5 G#2 G#4 F4 G#3,1,M
1493.375,F6 C#5 F5 C#4 G#5 G#2 G#4 F4 G#3,1,M
1493.5,F6 C#5 F5 C#4 C#6 G#5 G#2 G#4 F4 G#3,1,M
1493.625,F6 C#5 F5 C#4 C#6 G#5 G#2 G#4 F4 G#3,1,M
1493.75,F6 C#5 F5 C#4 G#5 G#2 G#4 F4 G#3,1,M
1493.875,F6 C#5 F5 C#4 G#5 G#2 G#4 F4 G#3,1,M
1494.0,F6 C#5 F5 C#4 G#5 G#2 G#4 F4 G#3,1,M
1494.125,F6 C#4 F5 G#5 G#2 G#4 F4 C#5 G#3,1,M
1494.25,F6 C#4 F5 G#5 G#2 G#4 F4 C#5 G#3,1,M
1494.375,F6 F5 C#4 G#5 G#2 G#4 F4 C#5 G#3,1,M
1494.5,F6 F5 C#4 G#5 G#2 G#4 F4 C#5 G#3,1,M
1494.625,F6 F5 C#4 C#5 G#5 G#2 G#4 F4 G#3,1,M
1494.6666666666667,G#4 F6 F5 C#4 C#5 G#5 G#2 F4 G#3,1,M
1494.75,F6 F5 C#4 C#5 G#5 G#2 F4 G#4 G#3,1,M
1494.875,F6 C#5 F5 C#4 G#5 G#2 F4 G#4 G#3,1,M
1495.0,F6 C#5 F5 C#4 G#5 G#2 F4 G#4 G#3,1,M
1495.125,F6 C#5 F5 C#4 G#5 G#2 F4 G#4 G#3,1,M
1495.25,F6 C#5 F5 C#4 G#5 G#2 G#4 F4 G#3,1,M
1495.3333333333333,F6 C#5 F5 C#4 G#5 G#2 G#4 F4 G#3,1,M
1495.375,F6 C#5 F5 G#5 G#2 G#4 F4 C#4 G#3,1,M
1495.5,F6 C#5 F5 E-5 G#5 G#2 G#4 F4 C#4 G#3,1,M
1495.625,F6 C#5 F5 E-5 G#5 G#2 G#4 F4 C#4 G#3,1,M
1495.75,F6 G#3 C#5 F5 C#4 E-5 G#2 G#5 G#4 F4,1,M
1495.875,B-5 G#3 C#5 F5 C#4 E-5 G5 G#2 G4 F4,1,M
1496.0,G#3 F4 F5 G#4 G#1 G#5 G#2,1,M
1496.125,G#3 F4 F5 G#4 G#1 G#5 G#2,1,M
1496.25,G#3 F4 F5 G#4 G#1 G#5 G#2,1,M
1496.375,G#3 F4 F5 G#4 G#1 G#5 G#2,1,M
1496.5,G#3 F4 F5 G#4 G#1 G#5 G#2,1,M
1496.625,G#3 F4 F5 G#4 G#1 G#5 G#2,1,M
1496.75,G#3 F4 F5 G#4 G#1 G#5 G#2,1,M
1496.875,G#3 F4 F5 G#4 G#1 G#5 G#2,1,M
1497.0,G#3 F4 F5 G#4 G#1 G#5 G#2,1,M
1497.125,G#3 F4 F5 G#4 G#1 G#5 G#2,1,M
1497.25,G#3 F4 F5 G#4 G#1 G#5 G#2,1,M
1497.375,F5 G#3 F4 G#4 G#1 G#5 G#2,1,M
1497.5,F5 G#3 F4 B-5 G#4 G#1 G#5 G#2,1,M
1497.625,F5 G#3 F4 B-5 G#4 G#1 G#5 G#2,1,M
1497.75,F5 G#3 F4 B-5 G#4 G#1 G#5 G#2,1,M
1497.875,F5 G#3 F4 B-5 G#4 G#1 G#5 G#2,1,M
1498.0,G5 F4 G#4,1,M
1498.125,G5 F4 G#4,1,M
1498.25,G5 F4 G#4,1,M
1498.375,G5 F4 G#4,1,M
1498.5,G#5 F4 G#4,1,M
1498.625,G#5 F4 G#4,1,M
1498.75,G#5 F4 G#4,1,M
1498.875,G#5 F4 G#4,1,M
1499.0,E5 A3 C#6 G2 A5 A4 E4 C#5 G3,1,M
1499.3333333333333,A3 D6 F#2 A5 A4 D5 F#3,1,M
1499.6666666666667,C#5 A3 C#4 E2 E6 F3 F2 A5 A4 G4 E5 E3,1,M
1500.0,A3 F5 F6 G#5 B2 G#4 F4 D5 B3,1,M
1500.125,A3 F5 F6 G#5 B2 G#4 F4 D5 B3,1,M
1500.25,A3 F5 F6 G#5 B2 G#4 F4 D5 B3,1,M
1500.3333333333333,A3 F5 F6 G#5 G5 B2 G#4 F4 D5 B3,1,M
1500.375,A3 F5 F6 G#5 G5 B2 G#4 F4 D5 B3,1,M
1500.5,A3 F5 F6 G#5 G5 B2 G#4 F4 D5 B3,1,M
1500.625,A3 D5 F5 F6 G#5 G5 B2 G#4 F4 B3,1,M
1500.6666666666667,G#5 G#4 A3 D5 F5 F6 B2 F4 B3,1,M
1500.75,A3 D5 F5 F6 G#5 B2 F4 G#4 B3,1,M
1500.875,A3 D5 F5 F6 G#5 B2 F4 G#4 B3,1,M
1501.0,A3 D5 F4 F5 F6 G#5 B2 G#4 B3,1,M
1501.125,A3 D5 F5 F6 G#5 B2 F4 G#4 B3,9,m
1501.25,A3 D5 F5 F6 G#5 B2 G#4 F4 B3,9,m
1501.3333333333333,A3 D5 F5 F6 G#5 B2 G#4 F4 D4 B3,9,m
1501.375,F6 A3 D5 F5 G#5 B2 G#4 F4 D4 B3,9,m
1501.5,F6 A3 D5 F5 G#5 B2 G#4 F4 D4 B3,9,m
1501.625,F6 A3 D5 F5 G#5 B2 G#4 F4 D4 B3,9,m
1501.75,F6 F5 A3 D5 D6 B2 G#5 G#4 F4 D4 B3,9,m
1501.875,F6 F5 B-5 A3 G#3 D5 D6 G#5 B2 G4 F4 D4,9,m
1502.0,F6 F5 G#5 A3 F4 B1 G#4 D4 B2,9,m
1502.125,F5 A3 F4 F6 B1 G#5 G#4 D4 B2,9,m
1502.25,F5 A3 F4 F6 B1 G#5 G#4 D4 B2,9,m
1502.375,F5 A3 F4 F6 B1 G#5 G#4 D4 B2,9,m
1502.5,F4 G#4,9,m
1502.625,F4 G#4,9,m
1502.75,F4 G#4,9,m
1502.875,F4 G#4,9,m
1503.0,F4 G#4,9,m
1503.125,F4 G#4,9,m
1503.25,F4 G#4,9,m
1503.375,F4 G#4,9,m
1503.5,F4 G#4,9,m
1503.625,F4 G#4,9,m
1503.75,D5 F4 G#4,9,m
1503.875,D5 F4 G#4,9,m
1504.0,F5 G#4 B4,9,m
1504.125,F5 G#4 B4,9,m
1504.25,F5 G#4 B4,9,m
1504.375,F5 G#4 B4,9,m
1504.5,F5 G#4 B4,9,m
1504.625,F5 G#4 B4,9,m
1504.75,F5 G#4 B4,9,m
1504.875,F5 G#4 B4,9,m
1505.0,F5 A4 C5,9,m
1505.125,F5 A4 C5,9,M
1505.25,F5 A4 C5,9,M
1505.375,F5 A4 C5,9,M
1505.5,F#4 A4 C5,9,M
1505.625,F#4 A4 C5,9,M
1505.75,D5 A4 C5,9,M
1505.875,D5 A4 C5,9,M
1506.0,F#5 A4 C5,9,M
1507.0,G5 C#5 E5,9,M
1507.3333333333333,G#5 B4 D5,9,M
1507.6666666666667,B-5 B-4 C#5,9,M
1508.0,B5 E5 D5 G#5,9,M
1508.5,B5 G#4 E5 D5 G#5,9,M
1508.75,B5 D5 E5 G#5,9,M
1509.0,B5 F#5 E5 D5 G#5,9,M
1509.5,B5 F#5 B4 E5 D5 G#5,9,M
1509.75,B5 F#5 E5 D5 G#5,9,M
1509.875,B5 F#5 E5 D5 G#5,9,M
1510.0,B5 B4 E5 D5 G#5 E3,9,M
1510.5,B5 E5 D5 G#5 E3,9,M
1510.875,B5 E5 D5 G#5 E4,9,M
1511.0,G5 E5 C#5,9,M
1511.3333333333333,G#5 E5 B4 D5,9,M
1511.6666666666667,B-5 B-4 C#5 E5,9,M
1512.0,B5 E5 D5 G#5,9,M
1512.5,B5 G#4 E5 D5 G#5,9,M
1512.75,B5 D5 E5 G#5,9,M
1513.0,B5 F#5 E5 D5 G#5,9,M
1513.5,B5 F#5 B4 E5 D5 G#5,9,M
1513.75,B5 F#5 E5 D5 G#5,9,M
1513.875,B5 F#5 E5 D5 G#5,9,M
1514.0,B5 B4 E5 D5 G#5 E3,9,M
1514.5,B5 E5 D5 G#5 E3,9,M
1514.875,B5 E5 D5 G#5 E4,9,M
1515.0,G5 E5 C#5,9,M
1515.3333333333333,G#5 E5 B4 D5,9,M
1515.6666666666667,B-5 B-4 C#5 E5,9,M
1516.0,B5 E5 D5 G#5,9,M
1516.5,B5 G#4 E5 D5 G#5,9,M
1516.75,B5 D5 E5 G#5,9,M
1517.0,B5 F#5 E5 D5 G#5,9,M
1517.5,B5 F#5 B4 E5 D5 G#5,9,M
1517.75,B5 F#5 E5 D5 G#5,9,M
1517.875,B5 F#5 E5 D5 G#5,9,M
1518.0,B5 B4 E5 D5 G#5 E3,9,M
1518.5,B5 G#4 E5 D5 G#5 E3,9,M
1518.75,B5 D5 E5 G#5 E3,9,M
1518.875,B5 D5 E5 G#5 E4,9,M
1519.0,B5 F#5 E5 D5 G#5,9,M
1519.5,B5 F#5 B4 E5 D5 G#5,4,M
1519.75,B5 F#5 E5 D5 G#5,4,M
1519.875,B5 F#5 E5 D5 G#5,4,M
1520.0,B5 B4 E5 D5 G#5 E3,4,M
1520.5,B5 G#4 E5 D5 G#5 E3,4,M
1520.75,B5 D5 E5 G#5 E3,4,M
1520.875,B5 D5 E5 G#5 E4,4,M
1521.0,B5 F#5 E5 D5 G#5,4,M
1521.5,B5 F#5 B4 E5 D5 G#5,4,M
1521.75,B5 F#5 E5 D5 G#5,4,M
1521.875,B5 F#5 E5 D5 G#5,4,M
1522.0,B5 B4 E5 D5 G#5,4,M
1522.5,B5 E5 D5 G#5,4,M
1523.0,E3 E4 G5 C#2 E5 C#4 G4 C#3,4,M
1523.125,E3 E4 G5 C#2 E5 C#4 G4 C#3,4,M
1523.25,E3 E4 G5 C#2 E5 C#4 G4 C#3,4,M
1523.3333333333333,E3 E-4 E4 G#5 B1 E5 E-5 B3 G#4 B2,4,M
1523.375,E3 E-4 E4 G#5 B1 E5 E-5 B3 G#4 B2,4,M
1523.5,E3 E-4 E4 G#5 B1 E5 E-5 B3 G#4 B2,4,M
1523.625,E3 E-4 E4 G#5 C#4 B1 E5 E-5 B3 G#4 B2,4,M
1523.6666666666667,E3 C#4 E4 B-5 B-1 E5 C#5 B-3 B-4 B-2,4,M
1523.75,E3 C#4 E4 B-5 B-1 E5 C#5 B-3 B-4 B-2,4,M
1523.875,E3 C#4 E4 B-5 B-1 E5 C#5 B-3 B-4 B-2,4,M
1524.0,A3 B3 B5 A4 C#4 F#3 B4 F#2,4,M
1524.125,A3 B3 B5 A4 F#3 B4 F#2,4,M
1524.25,A3 B3 B5 F#3 A4 B4 F#2,4,M
1524.375,B5 F#3 A3 B3 A4 B4 F#2,4,M
1524.5,B5 A3 B3 F#4 A4 F#3 B4 F#2,4,M
1524.625,B5 A3 B3 F#4 A4 F#3 B4 F#2,4,M
1524.75,B5 B4 A3 B3 A4 F#3 F#2,4,M
1524.875,B5 A3 B3 B4 A4 F#3 F#2,4,M
1525.0,B5 F#4 A3 B3 F#5 A4 B4 A5 F#3 F#2,4,M
1525.125,B5 F#4 A3 B3 F#5 A4 B4 A5 F#3 F#2,4,M
1525.25,B5 F#4 A3 B3 F#5 A4 B4 A5 F#3 F#2,4,M
1525.3333333333333,B5 F#4 A3 B3 F#5 A4 B4 D5 F#3 F#2,4,M
1525.375,B5 F#4 A3 B3 F#5 A4 B4 D5 F#3 F#2,4,M
1525.5,B5 A3 B3 B4 A4 D5 F#3 F#2,4,M
1525.625,B5 A3 B3 A4 D5 F#3 B4 F#2,4,M
1525.6666666666667,E-5 B5 A3 B3 A4 B4 F#3 F#2,4,M
1525.75,B5 A3 B3 F#5 A4 B4 E-5 F#3 F#2,4,M
1525.875,B5 A3 B3 F#5 A4 B4 E-5 F#3 F#2,4,M
1526.0,B5 A3 B3 A4 B4 A5 F#3 F#2,4,M
1526.125,A3 B5 A4 B4 A5 B3 F#3 F#2,4,M
1526.25,A3 B5 A4 B4 A5 B3 F#3 F#2,4,M
1526.375,B5 A3 A4 B4 A5 B3 F#3 F#2,4,M
1526.5,B5 A3 F#4 A4 B4 A5 B3 F#3 F#2,4,M
1526.625,B5 A3 F#4 A4 B4 A5 B3 F#3 F#2,4,M
1526.75,B5 A3 B3 B4 A4 A5 F#3 F#2,4,M
1526.875,B5 A3 B3 B4 A4 A5 G4 F#3 F#2,4,M
1527.0,B5 A3 B3 F#5 A4 B4 A5 E-2 F#4 E-3 F2,4,M
1527.125,B5 A3 B3 F#5 A4 B4 A5 E-2 F#4 E-3 F2,4,M
1527.25,B5 A3 B3 F#5 A4 B4 A5 E-2 F#4 E-3 F2,4,M
1527.3333333333333,B5 A3 B3 F#5 A4 B4 C#2 A5 E-2 F#4 C#3 F2,4,M
1527.375,B5 A3 B3 E-2 F#5 A4 B4 C#2 A5 F#4 C#3 F2,4,M
1527.5,B5 A3 B3 E-2 B4 A4 C#2 A5 C#3,4,M
1527.625,B5 A3 B3 E-2 A4 C#2 A5 C#3 B4,4,M
1527.6666666666667,B1 B2 B5 A3 B3 E-2 A4 B4 A5,4,M
1527.75,B5 A3 B3 E-2 C6 A4 B4 B1 A5 B2,4,M
1527.875,B5 A3 B3 E-2 C6 A4 B4 B1 A5 B2,4,M
1528.0,B5 B4 B3 A4 A5 A3 A2,4,M
1528.125,B3 B5 A4 A5 A3 B4 A2,4,M
1528.25,B3 B5 A4 A5 A3 B4 A2,4,M
1528.375,B5 A3 B3 A4 A5 B4 A2,4,M
1528.5,B5 B3 F#4 A4 A3 B4 A2,4,M
1528.625,B5 B3 F#4 A4 A3 B4 A2,4,M
1528.75,B5 B4 B3 A4 A3 A2,4,M
1528.875,B5 B3 B4 A4 A3 A2,4,M
1529.0,B5 F#4 B3 F#5 A4 B4 A5 A3 A2,4,M
1529.125,B5 F#4 B3 F#5 A4 B4 A5 A3 A2,?,?
1529.25,B5 F#4 B3 F#5 A4 B4 A5 A3 A2,?,?
1529.3333333333333,B5 F#4 B3 F#5 A4 B4 D5 A3 A2,?,?
1529.375,B5 F#4 B3 F#5 A4 B4 D5 A3 A2,?,?
1529.5,B5 B3 B4 A4 D5 A3 A2,?,?
1529.625,B5 B3 A4 D5 A3 B4 A2,?,?
1529.6666666666667,E-5 B5 B3 A4 B4 A3 A2,?,?
1529.75,B5 B3 F#5 A4 B4 E-5 A3 A2,?,?
1529.875,B5 B3 F#5 A4 B4 E-5 A3 A2,?,?
1530.0,B5 B3 A4 B4 A5 A3 A2,?,?
1530.125,B5 A4 B4 A5 B3 A3 A2,?,?
1530.25,B5 A4 B4 A5 B3 A3 A2,?,?
1530.375,B5 A4 B4 A5 B3 A3 A2,?,?
1530.5,B5 F#4 A4 B4 A5 B3 A3 A2,?,?
1530.625,B5 F#4 A4 B4 A5 B3 A3 A2,?,?
1530.75,B5 B3 B4 A4 A5 A3 A2,?,?
1530.875,B5 B3 B4 A4 A5 G4 A3 A2,?,?
1531.0,B5 A3 B3 F#5 A4 B4 A5 F#4 F#3 F#2,?,?
1531.125,B5 A3 B3 F#5 A4 B4 A5 F#4 F#3 F#2,?,?
1531.25,B5 A3 B3 F#5 A4 B4 A5 F#4 F#3 F#2,?,?
1531.3333333333333,B5 A3 B3 F#5 A4 B4 E2 A5 F#4 E3 F#2,?,?
1531.375,B5 A3 B3 F#5 A4 B4 E2 A5 F#4 E3 F#2,?,?
1531.5,B5 A3 B3 B4 A4 E2 A5 E3,?,?
1531.625,B5 A3 B3 A4 E2 A5 E3 B4,?,?
1531.6666666666667,E-2 E-3 B5 A3 B3 A4 B4 A5,?,?
1531.75,B5 A3 B3 C6 A4 B4 E-2 A5 E-3,?,?
1531.875,B5 A3 B3 C6 A4 B4 E-2 A5 E-3,?,?
1532.0,B5 B4 A3 B3 A4 A5 C4 C3,?,?
1532.125,A3 B3 B5 A4 A5 C4 B4 C3,?,?
1532.25,A3 B3 B5 A4 A5 C4 B4 C3,?,?
1532.375,B5 C4 A3 B3 A4 A5 B4 C3,?,?
1532.5,B5 A3 B3 F#4 A4 C4 B4 C3,?,?
1532.625,B5 A3 B3 F#4 A4 C4 B4 C3,?,?
1532.75,B5 B4 A3 B3 A4 C4 C3,?,?
1532.875,B5 A3 B3 B4 A4 C4 C3,?,?
1533.0,B5 F#4 A3 B3 F#5 A4 B4 A5 C4 C3,?,?
1533.125,B5 F#4 A3 B3 F#5 A4 B4 A5 C4 C3,?,?
1533.25,B5 F#4 A3 B3 F#5 A4 B4 A5 C4 C3,?,?
1533.3333333333333,B5 F#4 A3 B3 F#5 A4 B4 D5 C4 C3,?,?
1533.375,B5 F#4 A3 B3 F#5 A4 B4 D5 C4 C3,?,?
1533.5,B5 A3 B3 B4 A4 D5 C4 C3,?,?
1533.625,B5 A3 B3 A4 D5 C4 B4 C3,?,?
1533.6666666666667,E-5 B5 A3 B3 A4 B4 C4 C3,?,?
1533.75,B5 A3 B3 F#5 A4 B4 E-5 C4 C3,?,?
1533.875,B5 A3 B3 F#5 A4 B4 E-5 C4 C3,?,?
1534.0,B5 A3 B3 A4 B4 A5 C4 C3,?,?
1534.125,A3 B5 A4 B4 A5 B3 C4 C3,?,?
1534.25,A3 B5 A4 B4 A5 B3 C4 C3,?,?
1534.375,B5 A3 A4 B4 A5 B3 C4 C3,?,?
1534.5,B5 A3 F#4 A4 B4 A5 B3 C4 C3,?,?
1534.625,B5 A3 F#4 A4 B4 A5 B3 C4 C3,?,?
1534.75,B5 A3 B3 B4 A4 A5 C4 C3,?,?
1534.875,B5 A3 B3 B4 A4 A5 G4 C4 C3,?,?
1535.0,B5 B3 F#5 A4 B4 A5 F#4 A3 A2,?,?
1535.125,B5 B3 F#5 A4 B4 A5 F#4 A3 A2,?,?
1535.25,B5 B3 F#5 A4 B4 A5 F#4 A3 A2,?,?
1535.3333333333333,B5 A3 B3 F#5 A4 B4 G2 A5 F#4 G3 A2,?,?
1535.375,B5 A3 B3 F#5 A4 B4 G2 A5 F#4 G3 A2,?,?
1535.5,B5 A3 B3 B4 A4 G2 A5 G3,?,?
1535.625,B5 A3 B3 A4 G2 A5 G3 B4,?,?
1535.6666666666667,F#2 F#3 B5 A3 B3 A4 B4 A5,?,?
1535.75,B5 A3 B3 C6 A4 B4 F#2 A5 F#3,?,?
1535.875,B5 A3 B3 C6 A4 B4 F#2 A5 F#3,?,?
1536.0,B5 B4 A3 B3 A4 A5 E-4 E-3,?,?
1536.125,A3 B3 B5 A4 A5 E-4 B4 E-3,?,?
1536.25,A3 B3 B5 A4 A5 E-4 B4 E-3,?,?
1536.375,B5 E-4 A3 B3 A4 A5 B4 E-3,?,?
1536.5,B5 A3 B3 F#4 A4 E-4 B4 E-3,?,?
1536.625,B5 A3 B3 F#4 A4 E-4 B4 E-3,?,?
1536.75,B5 B4 A3 B3 A4 E-4 E-3,?,?
1536.875,B5 A3 B3 B4 A4 E-4 E-3,?,?
1537.0,B5 F#4 A3 B3 F#5 A4 B4 A5 E-4 E-3,?,?
1537.125,B5 F#4 A3 B3 F#5 A4 B4 A5 E-4 E-3,?,?
1537.25,B5 F#4 A3 B3 F#5 A4 B4 A5 E-4 E-3,?,?
1537.3333333333333,B5 F#4 A3 B3 F#5 A4 B4 D5 E-4 E-3,?,?
1537.375,B5 F#4 A3 B3 F#5 A4 B4 D5 E-4 E-3,?,?
1537.5,B5 A3 B3 B4 A4 D5 E-4 E-3,?,?
1537.625,B5 A3 B3 A4 D5 E-4 B4 E-3,?,?
1537.6666666666667,E-5 B5 A3 B3 A4 B4 E-4 E-3,?,?
1537.75,B5 A3 B3 F#5 A4 B4 E-5 E-4 E-3,?,?
1537.875,B5 A3 B3 F#5 A4 B4 E-5 E-4 E-3,?,?
1538.0,B5 A3 B3 A4 B4 A5 E-4 E-3,?,?
1538.125,A3 B5 A4 B4 A5 B3 E-4 E-3,?,?
1538.25,A3 B5 A4 B4 A5 B3 E-4 E-3,?,?
1538.375,B5 A3 A4 B4 A5 B3 E-4 E-3,?,?
1538.5,B5 A3 F#4 A4 B4 A5 B3 E-4 E-3,?,?
1538.625,B5 A3 F#4 A4 B4 A5 B3 E-4 E-3,?,?
1538.75,B5 A3 B3 B4 A4 A5 E-4 E-3,?,?
1538.875,B5 A3 B3 B4 A4 A5 G4 E-4 E-3,?,?
1539.0,B5 A3 B3 F#5 A4 B4 A5 F#4 C4 C3,?,?
1539.125,B5 A3 B3 F#5 A4 B4 A5 F#4 C4 C3,?,?
1539.25,B5 A3 B3 F#5 A4 B4 A5 C3 F#4 C4,?,?
1539.3333333333333,B5 A3 F#5 A4 B4 A5 B2 F#4 B3 C3,?,?
1539.375,B5 A3 F#5 A4 B4 A5 B2 F#4 B3 C3,?,?
1539.5,B5 A3 B4 A4 A5 B2 B3,?,?
1539.625,B5 A3 A4 A5 B2 B3 B4,?,?
1539.6666666666667,A2 A3 B5 B3 A4 B4 A5,?,?
1539.75,B5 B3 C6 A4 B4 A5 A2 A3,?,?
1539.875,B5 B3 C6 A4 B4 A5 A2 A3,?,?
1540.0,B5 B4 A3 B3 A4 A5 F#4 F#3,?,?
1540.125,A3 B3 B5 A4 A5 F#4 B4 F#3,?,?
1540.25,A3 B3 B5 A4 A5 F#4 B4 F#3,?,?
1540.375,B5 F#3 A3 B3 A4 A5 F#4 B4,?,?
1540.5,B5 A3 B3 A4 F#4 B4 F#3,?,?
1540.625,B5 A3 B3 A4 F#4 B4 F#3,?,?
1540.75,B5 B4 A3 B3 A4 F#4 F#3,?,?
1540.875,B5 A3 B3 B4 A4 F#4 F#3,?,?
1541.0,B5 F#4 A3 B3 F#5 A4 B4 A5 F#3,?,?
1541.125,B5 A3 B3 F#5 A4 B4 A5 F#4 F#3,?,?
1541.25,B5 A3 B3 F#5 A4 B4 A5 F#4 F#3,?,?
1541.3333333333333,B5 A3 B3 F#5 A4 B4 D5 F#4 F#3,?,?
1541.375,B5 F#4 A3 B3 F#5 A4 B4 D5 F#3,?,?
1541.5,B5 A3 B3 B4 A4 D5 F#4 F#3,?,?
1541.625,B5 A3 B3 A4 D5 F#4 B4 F#3,?,?
1541.6666666666667,E-5 B5 A3 B3 A4 B4 F#4 F#3,?,?
1541.75,B5 A3 B3 F#5 A4 B4 E-5 F#4 F#3,?,?
1541.875,B5 A3 B3 F#5 A4 B4 E-5 F#4 F#3,?,?
1542.0,B5 A3 B3 A4 B4 A5 F#4 F#3,?,?
1542.125,A3 B5 A4 B4 A5 B3 F#4 F#3,?,?
1542.25,A3 B5 A4 B4 A5 B3 F#4 F#3,?,?
1542.375,B5 A3 A4 B4 A5 B3 F#4 F#3,?,?
1542.5,B5 A3 A4 B4 A5 B3 F#4 F#3,?,?
1542.625,B5 A3 A4 B4 A5 B3 F#4 F#3,?,?
1542.75,B5 A3 B3 B4 A4 A5 F#4 F#3,?,?
1542.875,B5 A3 B3 B4 A4 A5 G4 F#4 F#3,?,?
1543.0,B5 A3 B3 F#5 A4 B4 A5 F#4 E-4 E-3,?,?
1543.125,B5 A3 B3 F#5 A4 B4 A5 F#4 E-4 E-3,?,?
1543.25,B5 A3 B3 F#5 A4 B4 A5 E-3 F#4 E-4,?,?
1543.3333333333333,B5 A3 B3 F#5 A4 B4 A5 C3 F#4 C4 E-3,?,?
1543.375,B5 A3 B3 F#5 A4 B4 A5 C3 F#4 C4 E-3,?,?
1543.5,B5 A3 B3 B4 A4 A5 C3 C4,?,?
1543.625,B5 A3 B3 A4 A5 C3 C4 B4,?,?
1543.6666666666667,B2 B3 B5 A3 A4 B4 A5,?,?
1543.75,B5 A3 C6 A4 B4 A5 B2 B3,?,?
1543.875,B5 A3 C6 A4 B4 A5 B2 B3,?,?
1544.0,B5 B4 A3 B3 A5 A4,?,?
1544.125,B3 B5 A5 A4 B4 A3,?,?
1544.25,B3 B5 A5 A4 B4 A3,?,?
1544.375,B5 B3 A5 A4 B4 A3,?,?
1544.5,B5 B3 F#4 A4 B4 A3,?,?
1544.625,B5 B3 F#4 A4 B4 A3,?,?
1544.75,B5 B4 B3 A4 A3,?,?
1544.875,B5 B3 B4 A4 A3,?,?
1545.0,B5 F#4 B3 F#5 B4 A5 A4 A3,?,?
1545.125,B5 F#4 B3 F#5 B4 A5 A4 A3,?,?
1545.25,B5 F#4 B3 F#5 B4 A5 A4 A3,?,?
1545.3333333333333,B5 F#4 B3 F#5 B4 D5 A4 A3,?,?
1545.375,B5 F#4 B3 F#5 B4 D5 A4 A3,?,?
1545.5,B5 B3 B4 D5 A4 A3,?,?
1545.625,B5 B3 D5 A4 B4 A3,?,?
1545.6666666666667,E-5 B5 B3 B4 A4 A3,?,?
1545.75,B5 B3 F#5 B4 E-5 A4 A3,?,?
1545.875,B5 B3 F#5 B4 E-5 A4 A3,?,?
1546.0,B5 B3 B4 A5 A4 A3,?,?
1546.125,B5 B4 A5 B3 A4 A3,5,m
1546.25,B5 B4 A5 B3 A4 A3,5,m
1546.375,B5 B4 A5 B3 A4 A3,5,m
1546.5,B5 F#4 B4 A5 B3 A4 A3,5,m
1546.625,B5 F#4 B4 A5 B3 A4 A3,5,m
1546.75,B5 B3 B4 A5 A4 A3,5,m
1546.875,B5 A3 B3 B4 A5 G4 A4,5,m
1547.0,B5 A3 B3 F#5 A4 B4 A5 F#4 F#3,5,m
1547.125,B5 A3 B3 F#5 A4 B4 A5 F#4 F#3,5,m
1547.25,B5 A3 B3 F#5 A4 B4 F#3 A5 F#4,5,m
1547.3333333333333,B5 A3 B3 F#5 A4 B4 E3 A5 F#4 E4 F#3,5,m
1547.375,B5 A3 B3 F#5 A4 B4 E3 A5 F#4 E4 F#3,5,m
1547.5,B5 A3 B3 B4 A4 E3 A5 E4,5,m
1547.625,B5 A3 B3 A4 E3 A5 E4 B4,5,m
1547.6666666666667,E-3 E-4 B5 A3 B3 A4 B4 A5,5,m
1547.75,B5 A3 B3 A4 B4 E-3 A5 E-4,5,m
1547.875,A3 B3 B5 A4 B4 E-3 A5 E-4,5,m
1548.0,C6 C3 G#6 B4 B3 F5 G#5 F4 G#4 C5 C4,5,m
1548.125,C6 C3 G#6 B4 B3 F5 G#5 F4 G#4 C5 C4,5,m
1548.25,C6 C3 G#6 B4 B3 F5 G#5 F4 G#4 C5 C4,5,m
1548.375,G#6 C6 C3 B4 B3 F5 G#5 F4 G#4 C5 C4,5,m
1548.5,G#6 C6 C3 B4 B3 F5 G#5 F4 G#4 C5 C4,5,m
1548.625,G#6 C6 C3 B4 B3 F5 G#5 F4 G#4 C5 C4,5,m
1548.75,G#6 C6 F5 C3 B4 B3 G#5 F4 G#4 C5 C4,5,m
1548.875,G#6 C6 C3 F5 B4 B3 G#5 F4 G#4 C5 C4,5,m
1549.0,G#6 C6 G#4 C3 F5 B4 B3 G#5 F4 C5 C4,5,m
1549.125,G#6 C3 C6 F5 B4 B3 G#5 F4 G#4 C5 C4,5,m
1549.25,G#6 C3 C6 F5 B4 B3 G#5 F4 G#4 C5 C4,5,m
1549.375,G#6 C6 G#4 C3 F5 B4 B3 G#5 F4 C5 C4,5,m
1549.5,G#6 C6 C3 F5 B4 B3 G#5 F4 G#4 C5 C4,5,m
1549.625,G#6 C6 C3 F5 B4 B3 G#5 F4 G#4 C5 C4,5,m
1549.75,G#6 C6 C3 F5 B4 B3 G#5 F4 G#4 C5 C4,5,m
1549.875,G#6 C6 C3 F5 B4 B3 G#5 F4 G#4 C5 C4,5,m
1550.0,G#6 C6 C3 F5 B4 B3 G#5 F4 G#4 C5 C4,5,m
1550.125,C6 C3 G#6 F5 B4 B3 G#5 F4 G#4 C5 C4,5,m
1550.25,C6 C3 G#6 F5 B4 B3 G#5 F4 G#4 C5 C4,5,m
1550.375,G#6 C6 C3 F5 B4 B3 G#5 F4 G#4 C5 C4,5,m
1550.5,G#6 C6 C3 F5 B4 B3 G#5 F4 G#4 C5 C4,5,m
1550.625,G#6 C6 C3 F5 B4 B3 G#5 F4 G#4 C5 C4,5,m
1550.75,G#6 C6 C3 F5 B4 B3 G#5 F4 G#4 C5 C4,5,m
1550.875,G#6 C6 C3 F5 B4 B3 G#5 F4 G#4 C5 C#5 C4,5,m
1551.0,G#6 C6 C3 F5 B4 B3 G#5 F4 G#4 C5 C4,5,m
1551.125,G#6 C3 C6 F5 B4 B3 G#5 F4 G#4 C5 C4,5,m
1551.25,G#6 C3 C6 F5 B4 B3 G#5 F4 G#4 C5 C4,5,m
1551.375,G#6 C6 C3 F5 B4 B3 G#5 F4 G#4 C5 C4,5,m
1551.5,G#6 C6 C3 F5 B4 B3 G#5 F4 G#4 C5 C4,5,m
1551.625,G#6 C6 C3 F5 B4 B3 G#5 F4 G#4 C5 C4,5,m
1551.75,G#6 C6 C3 F5 B4 B3 G#5 F4 G#4 C5 C4,5,m
1551.875,G#6 C6 C3 F5 B4 B3 G#5 F4 G#4 C5 C4,5,m
1552.0,G#6 C6 F5 C3 B4 B3 G#5 F4 G#4 C5 C4,5,m
1552.125,C6 C3 G#6 B4 B3 F5 G#5 F4 G#4 C5 C4,5,m
1552.25,C6 C3 G#6 B4 B3 F5 G#5 F4 G#4 C5 C4,5,m
1552.375,G#6 C6 C3 B4 B3 F5 G#5 F4 G#4 C5 C4,5,m
1552.5,G#6 C6 C3 B4 B3 F5 G#5 F4 G#4 C5 C4,5,m
1552.625,G#6 C6 C3 B4 B3 F5 G#5 F4 G#4 C5 C4,5,m
1552.75,G#6 C6 F5 C3 B4 B3 G#5 F4 G#4 C5 C4,5,m
1552.875,G#6 C6 C3 F5 B4 B3 G#5 F4 G#4 C5 C4,5,m
1553.0,G#6 C6 G#4 C3 F5 B4 B3 G#5 F4 C5 C4,5,m
1553.125,G#6 C3 C6 F5 B4 B3 G#5 F4 G#4 C5 C4,5,m
1553.25,G#6 C3 C6 F5 B4 B3 G#5 F4 G#4 C5 C4,5,m
1553.375,G#6 C6 G#4 C3 F5 B4 B3 G#5 F4 C5 C4,5,m
1553.5,G#6 C6 C3 F5 B4 B3 G#5 F4 G#4 C5 C4,5,m
1553.625,G#6 C6 C3 F5 B4 B3 G#5 F4 G#4 C5 C4,5,m
1553.75,G#6 C6 C3 F5 B4 B3 G#5 F4 G#4 C5 C4,5,m
1553.875,G#6 C6 C3 F5 B4 B3 G#5 F4 G#4 C5 C4,5,m
1554.0,G#6 C6 C3 F5 B4 B3 G#5 F4 G#4 C5 C4,5,m
1554.125,C6 C3 G#6 F5 B4 B3 G#5 F4 G#4 C5 C4,5,m
1554.25,C6 C3 G#6 F5 B4 B3 G#5 F4 G#4 C5 C4,5,m
1554.375,G#6 C6 C3 F5 B4 B3 G#5 F4 G#4 C5 C4,5,m
1554.5,G#6 C6 C3 F5 B4 B3 G#5 F4 G#4 C5 C4,5,m
1554.625,G#6 C6 C3 F5 B4 B3 G#5 F4 G#4 C5 C4,5,m
1554.75,G#6 C6 C3 F5 B4 B3 G#5 F4 G#4 C5 C4,5,m
1554.875,G#6 C6 C5 C3 F5 B4 B3 G#5 F4 G#4 C#5 C4,5,m
1555.0,G#6 C6 C5 C3 F5 B-2 G#5 F4 G#4 B-4 B-3,5,m
1555.125,G#6 C3 C6 F5 B-2 G#5 F4 G#4 B-4 C5 B-3,5,m
1555.25,G#6 C3 C6 F5 B-2 G#5 F4 G#4 B-4 C5 B-3,5,m
1555.3333333333333,G#6 C3 C6 F5 G#2 G#5 F4 G#4 C5 G#3,5,m
1555.375,G#6 C6 C5 C3 F5 G#2 G#5 F4 G#4 G#3,5,m
1555.5,G#6 C6 C5 C3 F5 G#2 G#5 F4 G#4 G#3,5,m
1555.625,G#6 C6 C5 C3 G#2 F5 G#5 F4 G#4 G#3,5,m
1555.6666666666667,B-2 B-4 B-3 G#6 C6 C5 C3 F5 G#5 F4 G#4,5,m
1555.75,G#6 C6 C5 C3 F5 B-2 G#5 F4 G#4 B-4 B-3,5,m
1555.875,G#6 C6 C5 C3 F5 B-2 G#5 F4 G#4 B-4 B-3,5,m
1556.0,G#6 C6 C5 F5 C3 G#5 F4 G#4 C4,5,m
1556.125,C6 C3 G#6 F5 G#5 F4 G#4 C5 C4,5,m
1556.25,C6 C3 G#6 F5 G#5 F4 G#4 C5 C4,5,m
1556.375,G#6 C6 C5 C3 F5 G#5 F4 G#4 C4,5,m
1556.5,G#6 C3 F5 G#5 F4 G#4 C5 C4,5,m
1556.625,G#6 C3 F5 G#5 F4 G#4 C5 C4,5,m
1556.75,G#6 F5 C3 G#5 F4 G#4 C5 C4,5,m
1556.875,G#6 C3 F5 G#5 F4 G#4 C5 C4,5,m
1557.0,G#6 B-5 B-4 G#4 C3 C6 F5 G#5 F4 C5 C4,5,m
1557.125,G#6 B-5 B-4 C3 C6 F5 G#5 F4 G#4 C5 C4,5,m
1557.25,G#6 B-5 B-4 C3 C6 F5 G#5 F4 G#4 C5 C4,5,m
1557.3333333333333,G#6 G#5 G#4 C3 C6 F5 F4 C5 C4,5,m
1557.375,G#6 C3 C6 F5 G#5 F4 G#4 C5 C4,5,m
1557.5,G#6 C3 F5 G#5 F4 G#4 C5 C4,5,m
1557.625,G#6 G#5 G#4 C3 F5 F4 C5 C4,5,m
1557.6666666666667,B-5 B-4 G#6 C3 F5 G#5 F4 G#4 C5 C4,5,m
1557.75,G#6 B-5 B-4 C3 C6 F5 G#5 F4 G#4 C5 C4,5,m
1557.875,G#6 B-5 B-4 C3 C6 F5 G#5 F4 G#4 C5 C4,5,m
1558.0,G#6 C6 C5 C3 F5 G#5 F4 G#4 C4,5,m
1558.125,C6 C3 G#6 F5 G#5 F4 G#4 C5 C4,5,m
1558.25,C6 C3 G#6 F5 G#5 F4 G#4 C5 C4,5,m
1558.375,G#6 C6 C3 F5 G#5 F4 G#4 C5 C4,5,m
1558.5,G#6 C6 C3 F5 G#5 F4 G#4 C5 C4,5,m
1558.625,G#6 C6 C3 F5 G#5 F4 G#4 C5 C4,5,m
1558.75,G#6 C6 C3 F5 G#5 F4 G#4 C5 C4,5,m
1558.875,G#6 C6 C5 C3 F5 G#5 F4 G#4 C#5 C4,5,m
1559.0,G#6 C6 C5 C3 F5 B-2 G#5 F4 G#4 B-4 B-3,5,m
1559.125,G#6 C3 C6 F5 B-2 G#5 F4 G#4 B-4 C5 B-3,5,m
1559.25,G#6 C3 C6 F5 B-2 G#5 F4 G#4 B-4 C5 B-3,5,m
1559.3333333333333,G#6 C3 C6 F5 G#2 G#5 F4 G#4 C5 G#3,5,m
1559.375,G#6 C6 C5 C3 F5 G#2 G#5 F4 G#4 G#3,5,m
1559.5,G#6 C6 C5 C3 F5 G#2 G#5 F4 G#4 G#3,5,m
1559.625,G#6 C6 C5 C3 G#2 F5 G#5 F4 G#4 G#3,5,m
1559.6666666666667,B-2 B-4 B-3 G#6 C6 C5 C3 F5 G#5 F4 G#4,5,m
1559.75,G#6 C6 C5 C3 F5 B-2 G#5 F4 G#4 B-4 B-3,5,m
1559.875,G#6 C6 C5 C3 F5 B-2 G#5 F4 G#4 B-4 B-3,5,m
1560.0,G#6 C6 C5 F5 C3 G#5 F4 G#4 C4,5,m
1560.125,C6 C3 G#6 F5 G#5 F4 G#4 C5 C4,5,m
1560.25,C6 C3 G#6 F5 G#5 F4 G#4 C5 C4,5,m
1560.375,G#6 C6 C5 C3 F5 G#5 F4 G#4 C4,5,m
1560.5,G#6 C3 F5 G#5 F4 G#4 C5 C4,5,m
1560.625,G#6 C3 F5 G#5 F4 G#4 C5 C4,5,m
1560.75,G#6 F5 C3 G#5 F4 G#4 C5 C4,5,m
1560.875,G#6 C3 F5 G#5 F4 G#4 C5 C4,5,m
1561.0,G#6 B-5 A5 B-4 G#4 C3 C6 F5 G#5 F4 C5 C4,5,m
1561.125,G#6 B-5 A5 B-4 C3 C6 F5 G#5 F4 G#4 C5 C4,5,m
1561.25,G#6 B-5 A5 B-4 C3 C6 F5 G#5 F4 G#4 C5 C4,5,m
1561.3333333333333,G#6 G#5 G#4 C3 C6 F5 F4 C5 C4,5,m
1561.375,G#6 C3 C6 F5 G#5 F4 G#4 C5 C4,5,m
1561.5,G#6 C3 F5 G#5 F4 G#4 C5 C4,5,m
1561.625,G#6 G#5 G#4 C3 F5 F4 C5 C4,5,m
1561.6666666666667,B-5 A5 B-4 G#6 C3 F5 G#5 F4 G#4 C5 C4,5,m
1561.75,G#6 B-5 A5 B-4 C3 C6 F5 G#5 F4 G#4 C5 C4,5,m
1561.875,G#6 B-5 A5 B-4 C3 C6 F5 G#5 F4 G#4 C5 C4,5,m
1562.0,G#6 C6 B-5 C5 C3 F5 G#5 F4 G#4 C4,5,m
1562.125,C6 B-5 C3 G#6 F5 G#5 F4 G#4 C5 C4,5,m
1562.25,C6 B-5 C3 G#6 F5 G#5 F4 G#4 C5 C4,5,m
1562.375,G#6 C6 B-5 C3 F5 G#5 F4 G#4 C5 C4,5,m
1562.5,G#6 C6 B-5 C3 F5 G#5 F4 G#4 C5 C4,5,m
1562.625,G#6 C6 B-5 C3 F5 G#5 F4 G#4 C5 C4,5,m
1562.75,G#6 C6 B-5 C3 F5 G#5 F4 G#4 C5 C4,5,m
1562.875,G#6 C6 B-5 C5 C3 F5 G#5 F4 G#4 C#5 C4,5,m
1563.0,G#6 C6 B-5 C5 C3 F5 G#5 F4 G#4 B-4 B-3,5,m
1563.125,G#6 B-5 C3 C6 F5 G#5 F4 G#4 B-4 C5 B-3,5,m
1563.25,G#6 B-5 C3 C6 F5 G#5 F4 G#4 B-4 C5 B-3,5,m
1563.3333333333333,G#6 B-5 C3 C6 F5 G#5 F4 G#4 C5 G#3,5,m
1563.375,G#6 C6 B-5 C5 C3 F5 G#5 F4 G#4 G#3,5,m
1563.5,G#6 C6 B-5 C5 C3 F5 G#5 F4 G#4 G#3,5,m
1563.625,G#6 C6 B-5 C5 C3 F5 G#5 F4 G#4 G#3,5,m
1563.6666666666667,B-4 B-3 G#6 C6 B-5 C5 C3 F5 G#5 F4 G#4,5,m
1563.75,G#6 C6 B-5 C5 C3 F5 G#5 F4 G#4 B-4 B-3,5,m
1563.875,G#6 C6 B-5 C5 F4 G#4 C3 F5 G#5 B-4 B-3,5,m
1564.0,G#6 C6 B-5 G#5 F4 G#4 C3 F5 C5 C4,5,m
1564.125,G#6 C6 B-5 C3 F5 G#5 G#4 F4 C5 C4,5,m
1564.25,G#6 C6 B-5 C3 F5 G#5 G#4 F4 C5 C4,5,m
1564.375,G#6 C6 B-5 C3 F5 G#5 G#4 F4 C5 C4,5,m
1564.5,G#6 C6 B-5 C3 F5 G#5 G#4 F4 C5 C4,5,m
1564.625,G#6 C6 B-5 C3 F5 G#5 G#4 F4 C5 C4,5,m
1564.75,G#6 C6 B-5 C5 F4 G#4 C3 F5 G#5 C4,5,m
1564.875,G#6 C6 B-5 F4 G#4 C3 F5 C5 G#5 C4,5,m
1565.0,G#6 C6 B-5 F4 G#4 C3 F5 G#5 C5 C4,5,m
1565.125,G#6 C6 B-5 F4 G#4 C3 F5 G#5 C5 C4,5,m
1565.25,G#6 C6 B-5 F4 G#4 C3 F5 G#5 C5 C4,5,m
1565.375,G#6 C6 B-5 F4 G#4 C3 F5 G#5 C5 C4,5,m
1565.5,G#6 C6 B-5 F4 G#4 C3 F5 G#5 C5 C4,5,m
1565.625,G#6 C6 B-5 F4 G#4 C3 F5 G#5 C5 C4,5,m
1565.75,G#6 C6 B-5 F4 G#4 C3 F5 G#5 C5 C4,5,m
1565.875,G#6 C6 B-5 F4 G#4 C3 F5 C5 G#5 C4,5,m
1566.0,G#6 C6 B-5 F4 G#4 C3 F5 G#5 C5 C4,5,m
1566.125,G#6 C6 B-5 F4 G#4 C3 F5 G#5 C5 C4,5,m
1566.25,G#6 C6 B-5 F4 G#4 C3 F5 G#5 C5 C4,5,m
1566.375,G#6 C6 B-5 F4 G#4 C3 F5 G#5 C5 C4,5,m
1566.5,G#6 C6 B-5 F4 G#4 C3 F5 G#5 C5 C4,5,m
1566.625,G#6 C6 B-5 F4 G#4 C3 F5 G#5 C5 C4,5,m
1566.75,G#6 C6 B-5 F4 G#4 C3 F5 G#5 C5 C4,5,m
1566.875,G#6 C6 B-5 F4 G#4 C3 F5 C5 G#5 C4,5,m
1567.0,G#6 C6 B-5 F4 G#4 C3 F5 G#5 C5 C4,5,m
1567.125,G#6 C6 B-5 F4 G#4 C3 F5 G#5 C5 C4,5,m
1567.25,G#6 C6 B-5 F4 G#4 C3 F5 G#5 C5 C4,5,m
1567.375,G#6 C6 B-5 F4 G#4 C3 F5 G#5 C5 C4,5,m
1567.5,G#6 C6 B-5 F4 G#4 C3 F5 G#5 C5 C4,5,m
1567.625,G#6 C6 B-5 F4 G#4 C3 F5 G#5 C5 C4,5,m
1567.75,G#6 C6 B-5 F4 G#4 C3 F5 G#5 C5 C4,5,m
1567.875,G#6 C6 B-5 F4 G#4 C3 F5 G#5 C5 C4,5,m
1568.0,G#6 C6 B-5 C5 F4 G#4 C3 F5 G#5 C4,5,m
1568.125,G#6 C6 B-5 C3 F5 G#5 F4 G#4 C5 C4,5,m
1568.25,G#6 C6 B-5 C3 F5 G#5 F4 G#4 C5 C4,5,m
1568.375,G#6 C6 B-5 C3 F5 G#5 F4 G#4 C5 C4,5,m
1568.5,G#6 C6 B-5 C3 F5 G#5 F4 G#4 C5 C4,5,m
1568.625,G#6 C6 B-5 C3 F5 G#5 F4 G#4 C5 C4,5,m
1568.75,G#6 C6 B-5 C5 F4 G#4 C3 F5 G#5 C4,5,m
1568.875,G#6 C6 B-5 F4 G#4 C3 F5 G#5 C5 C4,5,m
1569.0,G#6 C6 B-5 C5 F4 G#4 C3 F5 G#5 C4,5,m
1569.125,G#6 C6 B-5 C3 F5 G#5 F4 G#4 C5 C4,5,m
1569.25,G#6 C6 B-5 C3 F5 G#5 F4 G#4 C5 C4,5,m
1569.375,G#6 C6 B-5 C3 F5 G#5 F4 G#4 C5 C4,5,m
1569.5,G#6 C6 B-5 C3 F5 G#5 F4 G#4 C5 C4,5,m
1569.625,G#6 C6 B-5 C3 F5 G#5 F4 G#4 C5 C4,5,m
1569.75,G#6 C6 B-5 C5 F4 G#4 C3 F5 G#5 C4,5,m
1569.875,G#6 C6 B-5 F4 G#4 C3 F5 G#5 C5 C4,5,m
1570.0,G#6 C6 B-5 C5 F4 G#4 C3 F5 G#5 C4,5,m
1570.125,G#6 C6 B-5 C3 F5 G#5 F4 G#4 C5 C4,5,m
1570.25,G#6 C6 B-5 C3 F5 G#5 F4 G#4 C5 C4,5,m
1570.375,G#6 C6 B-5 C3 F5 G#5 F4 G#4 C5 C4,5,m
1570.5,G#6 C6 B-5 C3 F5 G#5 F4 G#4 C5 C4,5,m
1570.625,G#6 C6 B-5 C3 F5 G#5 F4 G#4 C5 C4,5,m
1570.75,G#6 C6 B-5 C5 F4 G#4 C3 F5 G#5 C4,5,m
1570.875,G#6 C6 B-5 F4 G#4 C3 F5 G#5 C5 C4,5,m
1571.0,G#6 C6 B-5 C5 F4 G#4 C3 F5 G#5 C4,5,m
1571.125,G#6 C6 B-5 C3 F5 G#5 F4 G#4 C5 C4,5,m
1571.25,G#6 C6 B-5 C3 F5 G#5 F4 G#4 C5 C4,5,m
1571.375,G#6 C6 B-5 C3 F5 G#5 F4 G#4 C5 C4,5,m
1571.5,G#6 C6 B-5 C3 F5 G#5 F4 G#4 C5 C4,5,m
1571.625,G#6 C6 B-5 C3 F5 G#5 F4 G#4 C5 C4,5,m
1571.75,G#6 C6 B-5 C3 F5 G#5 F4 G#4 C5 C4,5,m
1571.875,F4 C3 G#2 G#1 F3 C4,5,m
1572.0,F4 F3 G#1 C3 C4 G#2,5,m
1572.125,F4 F3 G#1 C3 C4 G#2,5,m
1572.25,F4 F3 G#1 C3 C4 G#2,5,m
1572.375,F4 F3 G#1 C3 C4 G#2,5,m
1572.5,F4 F3 G#1 C3 C4 G#2,5,m
1572.625,F4 F3 G#1 C3 C4 G#2,5,m
1572.75,F3 C4 F4 G#1 C3 G#2,5,m
1572.875,F4 F3 G#1 C3 C4 G#2,5,m
1573.0,F3 C4 F4 G#1 C3 G#2,5,m
1573.125,F4 F3 G#1 C3 C4 G#2,5,m
1573.25,F4 F3 G#1 C3 C4 G#2,5,m
1573.375,F4 F3 G#1 C3 C4 G#2,5,m
1573.5,F4 F3 G#1 C3 C4 G#2,5,m
1573.625,F4 F3 G#1 C3 C4 G#2,5,m
1573.75,F3 C4 F4 G#1 C3 G#2,5,m
1573.875,F4 F3 G#1 C3 C4 G#2,5,m
1574.0,F3 C4 F4 G#1 C3 G#2,5,m
1574.125,F4 F3 G#1 C3 C4 G#2,5,m
1574.25,F4 F3 G#1 C3 C4 G#2,5,m
1574.375,F4 F3 G#1 C3 C4 G#2,5,m
1574.5,F4 F3 G#1 C3 C4 G#2,5,m
1574.625,F4 F3 G#1 C3 C4 G#2,5,m
1574.75,F3 C4 F4 G#1 C3 G#2,5,m
1574.875,F4 F3 G#1 C3 C4 G#2,5,m
1575.0,F3 C4 F4 G#1 C3 G#2,5,m
1575.125,F4 F3 G#1 C3 C4 G#2,5,m
1575.25,F4 F3 G#1 C3 C4 G#2,5,m
1575.375,F4 F3 G#1 C3 C4 G#2,5,m
1575.5,F4 F3 G#1 C3 C4 G#2,5,m
1575.625,F4 F3 G#1 C3 C4 G#2,5,m
1575.75,F3 C4 F4 G#1 C3 G#2,5,m
1575.875,F4 F3 G#1 C3 C4 G#2,5,m
1576.0,F3 C4 F4 G#1 C3 G#2,5,m
1576.125,F4 F3 G#1 C3 C4 G#2,5,m
1576.25,F4 F3 G#1 C3 C4 G#2,5,m
1576.375,F4 F3 G#1 C3 C4 G#2,5,m
1576.5,F4 F3 G#1 C3 C4 G#2,5,m
1576.625,F4 F3 G#1 C3 C4 G#2,5,m
1576.75,F3 C4 F4 G#1 C3 G#2,5,m
1576.875,F4 F3 G#1 C3 C4 G#2,5,m
1577.0,F3 C4 F4 G#1 C3 G#2,5,m
1577.125,F4 F3 G#1 C3 C4 G#2,5,m
1577.25,F4 F3 G#1 C3 C4 G#2,5,m
1577.375,F4 F3 G#1 C3 C4 G#2,5,m
1577.5,F4 F3 G#1 C3 C4 G#2,5,m
1577.625,F4 F3 G#1 C3 C4 G#2,5,m
1577.75,F3 C4 F4 G#1 C3 G#2,5,m
1577.875,F4 F3 G#1 C3 C4 G#2,5,m
1578.0,F3 C4 F4 G#1 C3 G#2,5,m
1578.125,F4 F3 G#1 C3 C4 G#2,5,m
1578.25,F4 F3 G#1 C3 C4 G#2,5,m
1578.375,F4 F3 G#1 C3 C4 G#2,5,m
1578.5,F4 F3 G#1 C3 C4 G#2,5,m
1578.625,F4 F3 G#1 C3 C4 G#2,5,m
1578.75,F3 C4 F4 G#1 C3 G#2,5,m
1578.875,F4 F3 G#1 C3 C4 G#2,5,m
1579.0,F3 C4 F4 G#1 C3 G#2,5,m
1579.125,F4 F3 G#1 C3 C4 G#2,5,m
1579.25,F4 F3 G#1 C3 C4 G#2,5,m
1579.375,F4 F3 G#1 C3 C4 G#2,5,m
1579.5,F4 F3 G#1 C3 C4 G#2,5,m
1579.625,F4 F3 G#1 C3 C4 G#2,5,m
1579.75,F3 C4 F4 G#1 C3 G#2,5,m
1579.875,F3 F4 G#1 C4 C3 G#2,5,m
1580.0,F4 F3 G#1 C4 C3 G#2,5,m
1580.125,F4 F3 G#1 C4 C3 G#2,5,m
1580.25,F4 F3 G#1 C4 C3 G#2,5,m
1580.375,F4 F3 G#1 C4 C3 G#2,5,m
1580.5,F4 F3 G#1 C4 C3 G#2,5,m
1580.625,F4 F3 G#1 C4 C3 G#2,5,m
1580.75,F4 F3 G#1 C4 C3 G#2,5,m
1580.875,F4 F3 G#1 C4 C3 G#2,5,m
1581.0,F4 G#1 G#2 C3,5,m
1581.125,F4 C4 G#1 G#2 C3,5,m
1581.25,F4 G#1 G#2 C3,5,m
1581.375,F4 C4 G#1 G#2 C3,5,m
1581.5,F4 G#1 G#2 C3,5,m
1581.625,F4 C4 G#1 G#2 C3,5,m
1581.75,F4 G#1 G#2 C3,5,m
1581.875,F4 C4 G#1 G#2 C3,5,m
1582.0,F4 G#1 G#2 C3,5,m
1582.125,F4 C4 G#1 G#2 C3,5,m
1582.25,F4 G#1 G#2 C3,5,m
1582.375,F4 C4 G#1 G#2 C3,5,m
1582.5,F4 G#1 G#2 C3,5,m
1582.625,F4 C4 G#1 G#2 C3,5,m
1582.75,F4 G#1 G#2 C3,5,m
1582.875,F4 C4 G#1 G#2 C3,5,m
1583.0,F4 G#1 G#2 C3,5,m
1583.125,F4 C4 G#1 G#2 C3,5,m
1583.25,F4 G#1 G#2 C3,5,m
1583.375,F4 C4 G#1 G#2 C3,5,m
1583.5,F4 G#1 G#2 C3,5,m
1583.625,F4 C4 G#1 G#2 C3,5,m
1583.75,F4 G#1 G#2 C3,5,m
1583.875,F4 C4 G#1 G#2 C3,5,m
1584.0,F4 G#1 G#2 C3,5,m
1584.125,F4 C4 G#1 G#2 C3,5,m
1584.25,F4 G#1 G#2 C3,5,m
1584.375,F4 C4 G#1 G#2 C3,5,m
1584.5,F4 G#1 G#2 C3,5,m
1584.625,F4 C4 G#1 G#2 C3,5,m
1584.75,F4 G#1 G#2 C3,5,m
1584.875,F4 C4 G#1 G#2 C3,5,m
1585.0,F4 G#1 G#2 C3,5,m
1585.125,F4 C4 G#1 G#2 C3,5,m
1585.25,F4 G#1 G#2 C3,5,m
1585.375,F4 C4 G#1 G#2 C3,5,m
1585.5,F4 G#1 G#2 C3,5,m
1585.625,F4 C4 G#1 G#2 C3,5,m
1585.75,F4 G#1 G#2 C3,5,m
1585.875,F4 C4 G#1 G#2 C3,5,m
1586.0,F4 G#1 G#2 C3,5,m
1586.125,F4 C4 G#1 G#2 C3,5,m
1586.25,F4 G#1 G#2 C3,5,m
1586.375,F4 C4 G#1 G#2 C3,5,m
1586.5,F4 G#1 G#2 C3,5,m
1586.625,F4 C4 G#1 G#2 C3,5,m
1586.75,F4 G#1 G#2 C3,5,m
1586.875,F4 C4 G#1 G#2 C3,5,m
1587.0,F4 G#1 G#2 C3,5,m
1587.125,F4 C4 G#1 G#2 C3,5,m
1587.25,F4 G#1 G#2 C3,5,m
1587.375,F4 C4 G#1 G#2 C3,5,m
1587.5,F4 G#1 G#2 C3,5,m
1587.625,F4 C4 G#1 G#2 C3,5,m
1587.75,F4 G#1 G#2 C3,5,m
1587.875,F4 C4 G#1 G#2 C3,5,m
1588.0,F4 C4 G#1 G#2 C3,5,m
1588.125,F4 C4 G#1 G#2 C3,5,m
1588.25,F4 C4 G#1 G#2 C3,5,m
1588.375,F4 C4 G#1 G#2 C3,5,m
1588.5,F4 C4 G#1 G#2 C3,5,m
1588.625,F4 C4 G#1 G#2 C3,5,m
1588.75,F4 C4 G#1 G#2 C3,5,m
1588.875,F4 C4 G#1 G#2 C3,5,m
1589.0,C3,5,m
1589.125,C3,5,m
1589.25,C3,5,m
1589.375,C3,5,m
1589.5,C3,5,m
1589.625,C3,5,m
1589.75,C3,5,m
1589.875,C3,5,m
1590.0,C3,5,m
1590.125,C3,5,m
1590.25,C3,5,m
1590.375,C3,5,m
1590.5,C3,5,m
1590.625,C3,5,m
1590.75,C3,5,m
1590.875,C3,5,m
1591.0,C3,5,m
1591.125,C3,5,m
1591.25,C3,5,m
1591.375,C3,5,m
1591.5,C3,5,m
1591.625,C3,5,m
1591.75,C3,5,m
1591.875,C3,5,m
1592.0,C3,5,m
1592.125,C3,5,m
1592.25,C3,5,m
1592.375,C3,5,m
1592.5,C3,5,m
1592.625,C3,5,m
1592.75,C3,5,m
1592.875,C3,5,m
1593.0,C3,5,m
1593.125,C3,5,m
1593.25,C3,5,m
1593.375,C3,5,m
1593.5,C3,5,m
1593.625,C3,5,m
1593.75,C3,5,m
1593.875,C3,5,m
1594.0,C3,5,m
1594.125,C3,5,m
1594.25,C3,5,m
1594.375,C3,5,m
1594.5,C3,5,m
1594.625,C3,5,m
1594.75,C3,5,m
1594.875,C3,5,m
1595.0,C3,5,m
1595.125,C3,5,M
1595.25,C3,5,M
1595.375,C3,5,M
1595.5,C3,5,M
1595.625,C3,5,M
1595.75,C3,5,M
1596.0,A2,5,M
1596.125,A2,2,m
1596.25,A2,2,m
1596.375,A2,2,m
1596.5,A2,2,m
1596.625,A2,2,m
1596.75,A2,2,m
1596.875,A2,2,m
1597.0,A2,2,m
1597.125,A2,2,m
1597.25,A2,2,m
1597.375,A2,2,m
1597.5,A2,2,m
1597.625,A2,2,m
1597.75,A2,2,m
1597.875,A2,2,m
1598.0,A2,2,m
1598.125,A2,2,m
1598.25,A2,2,m
1598.375,A2,2,m
1598.5,A2,2,m
1598.625,A2,2,m
1598.75,A2,2,m
1598.875,A2,2,m
1599.0,A2,2,m
1599.125,A2,2,m
1599.25,A2,2,m
1599.375,A2,2,m
1599.5,A2,2,m
1599.625,A2,2,m
1599.75,A2,2,m
1599.875,A2,2,m
1600.0,A2,2,m
1600.125,A2,2,m
1600.25,A2,2,m
1600.375,A2,2,m
1600.5,A2,2,m
1600.625,A2,2,m
1600.75,A2,2,m
1600.875,A2,2,m
1601.0,A2,2,m
1601.125,A2,2,m
1601.25,A2,2,m
1601.375,A2,2,m
1601.5,A2,2,m
1601.625,A2,2,m
1601.75,A2,2,m
1601.875,A2,2,m
1602.0,A2 B-5,2,m
1602.125,A2 B-5,2,m
1602.25,A2 B-5,2,m
1602.375,A2 B-5,2,m
1602.5,A2 B-5,2,m
1602.625,A2 B-5,2,m
1602.6666666666667,A5 A2,2,m
1602.75,A2 A5,2,m
1602.875,A2 A5,2,m
1603.0,A2 A5,2,m
1603.125,A2 A5,2,m
1603.25,A2 A5,2,m
1603.3333333333333,A2 G5,2,m
1603.375,A2 G5,2,m
1603.5,A2 G5,2,m
1603.625,A2 G5,2,m
1603.75,A2 G5,2,m
1603.875,A2 G5,2,m
1604.0,A2 F5 D3 A1,2,m
1604.125,A2 F5 D3 A1,2,m
1604.25,A2 F5 D3 A1,2,m
1604.375,A2 F5 D3 A1,2,m
1604.5,A2 F5 D3 A1,2,m
1604.625,A2 F5 D3 A1,2,m
1604.6666666666667,F3 A2 F5 A1,2,m
1604.75,A2 F5 F3 A1,2,m
1604.875,A2 F5 F3 A1,2,m
1605.0,A2 F5 F3 A1,2,m
1605.125,A2 F5 F3 A1,2,m
1605.25,A2 F5 F3 A1,2,m
1605.3333333333333,A2 F5 G3 A1,2,m
1605.375,A2 G3 A1,2,m
1605.5,A2 G3 A1,2,m
1605.625,A2 G3 A1,2,m
1605.75,A2 G3 A1,2,m
1605.875,A2 G3 A1,2,m
1606.0,A2 F4 E5 A3 A1,2,m
1606.125,A2 F4 E5 A3 A1,2,m
1606.25,A2 F4 E5 A3 A1,2,m
1606.375,A2 F4 E5 A3 A1,2,m
1606.5,A2 F4 E5 A3 A1,2,m
1606.625,A2 F4 E5 A3 A1,2,m
1606.6666666666667,D5 B-3 A2 F4 A1,2,m
1606.75,A2 F4 D5 B-3 A1,2,m
1606.875,A2 F4 D5 B-3 A1,2,m
1607.0,A2 F4 D5 B-3 A1,2,m
1607.125,A2 F4 D5 B-3 A1,2,m
1607.25,A2 F4 D5 B-3 A1,2,m
1607.3333333333333,A2 F4 C#5 A3 A1,2,m
1607.375,A2 C#5 A3 A1,2,m
1607.5,A2 C#5 A3 A1,2,m
1607.625,A2 C#5 A3 A1,2,m
1607.75,A2 C#5 A3 A1,2,m
1607.875,A2 C#5 A3 A1,2,m
1608.0,A2 D5 B-3 A1,2,m
1608.125,A2 D5 B-3 A1,2,m
1608.25,A2 D5 B-3 A1,2,m
1608.375,A2 D5 B-3 A1,2,m
1608.5,A2 D5 B-3 A1,2,m
1608.625,A2 D5 B-3 A1,2,m
1608.6666666666667,A3 A2 D5 A1,2,m
1608.75,A2 D5 A3 A1,2,m
1608.875,A2 D5 A3 A1,2,m
1609.0,A2 D5 A3 A1,2,m
1609.125,A2 D5 A3 A1,2,m
1609.25,A2 D5 A3 A1,2,m
1609.3333333333333,A2 D5 G3 A1,2,m
1609.375,A2 G3 A1,2,m
1609.5,A2 G3 A1,2,m
1609.625,A2 G3 A1,2,m
1609.75,A2 G3 A1,2,m
1609.875,A2 G3 A1,2,m
1610.0,A2 D6 D4 F3 A1,2,m
1610.125,A2 D6 D4 F3 A1,2,m
1610.25,A2 D6 D4 F3 A1,2,m
1610.375,A2 D6 D4 F3 A1,2,m
1610.5,A2 D6 D4 F3 A1,2,m
1610.625,A2 D6 D4 F3 A1,2,m
1610.6666666666667,C6 A2 D4 F3 A1,2,m
1610.75,A2 C6 D4 F3 A1,2,m
1610.875,A2 C6 D4 F3 A1,2,m
1611.0,A2 C6 D4 A1,2,m
1611.125,A2 C6 D4 A1,2,m
1611.25,A2 C6 D4 A1,2,m
1611.3333333333333,A2 B-5 D4 A1,2,m
1611.375,A2 B-5 A1,2,m
1611.5,A2 B-5 A1,2,m
1611.625,A2 B-5 A1,2,m
1611.75,A2 B-5 A1,2,m
1611.875,A2 B-5 A1,2,m
1612.0,A2 A5 F3 A1,2,m
1612.125,A2 A5 F3 A1,2,m
1612.25,A2 A5 F3 A1,2,m
1612.375,A2 A5 F3 A1,2,m
1612.5,A2 A5 F3 A1,2,m
1612.625,A2 A5 F3 A1,2,m
1612.6666666666667,A3 A2 A5 A1,2,m
1612.75,A2 A5 A3 A1,2,m
1612.875,A2 A5 A3 A1,2,m
1613.0,A2 A5 A3 A1,2,m
1613.125,A2 A5 A3 A1,2,m
1613.25,A2 A5 A3 A1,2,m
1613.3333333333333,A2 A5 C4 A1,2,m
1613.375,A2 C4 A1,2,m
1613.5,A2 C4 A1,2,m
1613.625,A2 C4 A1,2,m
1613.75,A2 C4 A1,2,m
1613.875,A2 C4 A1,2,m
1614.0,A2 A4 G5 C#4 A1,2,m
1614.125,A2 A4 G5 C#4 A1,2,m
1614.25,A2 A4 G5 C#4 A1,2,m
1614.375,A2 A4 G5 C#4 A1,2,m
1614.5,A2 A4 G5 C#4 A1,2,m
1614.625,A2 A4 G5 C#4 A1,2,m
1614.6666666666667,F5 D4 A2 A4 A1,2,m
1614.75,A2 A4 F5 D4 A1,2,m
1614.875,A2 A4 F5 D4 A1,2,m
1615.0,A2 A4 F5 D4 A1,2,m
1615.125,A2 A4 F5 D4 A1,2,m
1615.25,A2 A4 F5 D4 A1,2,m
1615.3333333333333,A2 A4 E5 C#4 A1,2,m
1615.375,A2 E5 C#4 A1,2,m
1615.5,A2 E5 C#4 A1,2,m
1615.625,A2 E5 C#4 A1,2,m
1615.75,A2 E5 C#4 A1,2,m
1615.875,A2 E5 C#4 A1,2,m
1616.0,A2 F5 E4 A1,2,m
1616.125,A2 F5 E4 A1,2,m
1616.25,A2 F5 E4 A1,2,m
1616.375,A2 F5 E4 A1,2,m
1616.5,A2 F5 E4 A1,2,m
1616.625,A2 F5 E4 A1,2,m
1616.6666666666667,D4 A2 F5 A1,2,m
1616.75,A2 F5 D4 A1,2,m
1616.875,A2 F5 D4 A1,2,m
1617.0,A2 F5 D4 A1,2,m
1617.125,A2 F5 D4 A1,2,m
1617.25,A2 F5 D4 A1,2,m
1617.3333333333333,A2 F5 A3 A1,2,m
1617.375,A2 A3 A1,2,m
1617.5,A2 A3 A1,2,m
1617.625,A2 A3 A1,2,m
1617.75,A2 A3 A1,2,m
1617.875,A2 A3 A1,2,m
1618.0,A2 F6 F4 D4 A1,2,m
1618.125,A2 F6 F4 D4 A1,2,m
1618.25,A2 F6 F4 D4 A1,2,m
1618.375,A2 F6 F4 D4 A1,2,m
1618.5,A2 F6 F4 D4 A1,2,m
1618.625,A2 F6 F4 D4 A1,2,m
1618.6666666666667,E6 A2 F4 D4 A1,2,m
1618.75,A2 E6 F4 D4 A1,2,m
1618.875,A2 E6 F4 D4 A1,2,m
1619.0,A2 E6 F4 A1,2,m
1619.125,A2 E6 F4 A1,2,m
1619.25,A2 E6 F4 A1,2,m
1619.3333333333333,A2 D6 F4 A1,2,m
1619.375,A2 D6 A1,2,m
1619.5,A2 D6 A1,2,m
1619.625,A2 D6 A1,2,m
1619.75,A2 D6 A1,2,m
1619.875,A2 D6 A1,2,m
1620.0,A2 C#6 B-5 E4 A1,2,m
1620.125,A2 C#6 B-5 E4 A1,2,m
1620.25,A2 C#6 B-5 E4 A1,2,m
1620.375,A2 C#6 B-5 E4 A1,2,m
1620.5,A2 C#6 B-5 E4 A1,2,m
1620.625,A2 C#6 B-5 E4 A1,2,m
1620.6666666666667,A5 A2 C#6 E4 A1,2,m
1620.75,A2 C#6 A5 E4 A1,2,m
1620.875,A2 C#6 A5 E4 A1,2,m
1621.0,A2 C#6 A5 A3 A1,2,m
1621.125,A2 C#6 A5 A3 A1,2,m
1621.25,A2 C#6 A5 A3 A1,2,m
1621.3333333333333,A2 C#6 G5 A3 A1,2,m
1621.375,A2 C#6 G5 A3 A1,2,m
1621.5,A2 C#6 G5 A3 A1,2,m
1621.625,A2 C#6 G5 A3 A1,2,m
1621.75,A2 C#6 G5 A3 A1,2,m
1621.875,A2 C#6 G5 A3 A1,2,m
1622.0,A2 E-6 F5 C5 A1,2,m
1622.125,A2 E-6 F5 C5 A1,2,m
1622.25,A2 E-6 F5 C5 A1,2,m
1622.375,A2 E-6 F5 C5 A1,2,m
1622.5,A2 E-6 F5 C5 A1,2,m
1622.625,A2 E-6 F5 C5 A1,2,m
1622.6666666666667,D6 A2 F5 C5 A1,2,m
1622.75,A2 D6 F5 C5 A1,2,m
1622.875,A2 D6 F5 C5 A1,2,m
1623.0,A2 D6 F5 E-4 A1,2,m
1623.125,A2 D6 F5 E-4 A1,2,m
1623.25,A2 D6 F5 E-4 A1,2,m
1623.3333333333333,A2 C6 F5 E-4 A1,2,m
1623.375,A2 C6 F5 E-4 A1,2,m
1623.5,A2 C6 F5 E-4 A1,2,m
1623.625,A2 C6 F5 E-4 A1,2,m
1623.75,A2 C6 F5 E-4 A1,2,m
1623.875,A2 C6 F5 E-4 A1,2,m
1624.0,A2 B-5 A5 D4 A1,2,m
1624.125,A2 B-5 A5 D4 A1,2,m
1624.25,A2 B-5 A5 D4 A1,2,m
1624.375,A2 B-5 A5 D4 A1,2,m
1624.5,A2 B-5 A5 D4 A1,2,m
1624.625,A2 B-5 A5 D4 A1,2,m
1624.6666666666667,G5 A2 B-5 D4 A1,2,m
1624.75,A2 B-5 G5 D4 A1,2,m
1624.875,A2 B-5 G5 D4 A1,2,m
1625.0,A2 B-5 G5 G3 A1,2,m
1625.125,A2 B-5 G5 G3 A1,2,m
1625.25,A2 B-5 G5 G3 A1,2,m
1625.3333333333333,A2 B-5 F5 G3 A1,2,m
1625.375,A2 B-5 F5 G3 A1,2,m
1625.5,A2 B-5 F5 G3 A1,2,m
1625.625,A2 B-5 F5 G3 A1,2,m
1625.75,A2 B-5 F5 G3 A1,2,m
1625.875,A2 B-5 F5 G3 A1,2,m
1626.0,A2 C#6 E5 B-4 A1,2,m
1626.125,A2 C#6 E5 B-4 A1,2,m
1626.25,A2 C#6 E5 B-4 A1,2,m
1626.375,A2 C#6 E5 B-4 A1,2,m
1626.5,A2 C#6 E5 B-4 A1,2,m
1626.625,A2 C#6 E5 B-4 A1,2,m
1626.6666666666667,C6 A2 E5 B-4 A1,2,m
1626.75,A2 C6 E5 B-4 A1,2,m
1626.875,A2 C6 E5 B-4 A1,2,m
1627.0,A2 C6 E5 C#4 A1,2,m
1627.125,A2 C6 E5 C#4 A1,2,m
1627.25,A2 C6 E5 C#4 A1,2,m
1627.3333333333333,A2 B-5 E5 C#4 A1,2,m
1627.375,A2 B-5 E5 C#4 A1,2,m
1627.5,A2 B-5 E5 C#4 A1,2,m
1627.625,A2 B-5 E5 C#4 A1,2,m
1627.75,A2 B-5 E5 C#4 A1,2,m
1627.875,A2 B-5 E5 C#4 A1,2,m
1628.0,A2 A5 F#5 C4 A1,2,m
1628.125,A2 A5 F#5 C4 A1,2,m
1628.25,A2 A5 F#5 C4 A1,2,m
1628.375,A2 A5 F#5 C4 A1,2,m
1628.5,A2 A5 F#5 C4,2,m
1628.625,A2 A5 F#5 C4,2,m
1628.6666666666667,C6 E-5 F#4 A2,2,m
1628.75,A2 C6 E-5 F#4,2,m
1628.875,A2 C6 E-5 F#4,2,m
1629.0,A2 C6 E-5 F#4,2,m
1629.125,A2 C6 E-5 F#4,2,m
1629.25,A2 C6 E-5 F#4,2,m
1629.3333333333333,A2 B-5 C#5 E4,2,m
1629.375,A2 B-5 C#5 E4,2,m
1629.5,A2 B-5 C#5 E4,2,m
1629.625,A2 B-5 C#5 E4,2,m
1629.75,A2 B-5 C#5 E4,2,m
1629.875,A2 B-5 C#5 E4,2,m
1630.0,A2 A5 C5 F4,2,m
1630.125,A2 A5 C5 F4,2,m
1630.25,A2 A5 C5 F4,2,m
1630.375,A2 A5 C5 F4,2,m
1630.5,A2 A5 C5 F4,2,m
1630.625,A2 A5 C5 F4,2,m
1630.6666666666667,G5 E-5 A2 F4,2,m
1630.75,A2 G5 E-5 F4,2,m
1630.875,A2 G5 E-5 F4,2,m
1631.0,A2 G5 E-5 F3,2,m
1631.125,A2 G5 E-5 F3,2,m
1631.25,A2 G5 E-5 F3,2,m
1631.3333333333333,A2 B-5 D5 F3,2,m
1631.375,A2 B-5 D5 F3,2,m
1631.5,A2 B-5 D5 F3,2,m
1631.625,A2 B-5 D5 F3,2,m
1631.75,A2 B-5 D5 F3,2,m
1631.875,A2 B-5 D5 F3,2,m
1632.0,A2 A5 C5,2,m
1632.125,A2 A5 C5,2,m
1632.25,A2 A5 C5,2,m
1632.375,A2 A5 C5,2,m
1632.5,A2 A5 C5,2,m
1632.625,A2 A5 C5,2,m
1632.6666666666667,G5 B-4 A2,2,m
1632.75,A2 G5 B-4,2,m
1632.875,A2 G5 B-4,2,m
1633.0,A2 G5 B-4,2,m
1633.125,A2 G5 B-4,2,m
1633.25,A2 G5 B-4,2,m
1633.3333333333333,A2 F5 D5,2,m
1633.375,A2 F5 D5,2,m
1633.5,A2 F5 D5,2,m
1633.625,A2 F5 D5,2,m
1633.75,A2 F5 D5,2,m
1633.875,A2 F5 D5,2,m
1634.0,A2 A5 C5 D4,2,m
1634.125,A2 A5 C5 D4,2,m
1634.25,A2 A5 C5 D4,2,m
1634.375,A2 A5 C5 D4,2,m
1634.5,A2 A5 C5 D4,2,m
1634.625,A2 A5 C5 D4,2,m
1634.6666666666667,G5 B-4 A2 D4,2,m
1634.75,A2 G5 B-4 D4,2,m
1634.875,A2 G5 B-4 D4,2,m
1635.0,A2 G5 B-4 D3,2,m
1635.125,A2 G5 B-4 D3,2,m
1635.25,A2 G5 B-4 D3,2,m
1635.3333333333333,A2 F5 A4 D3,2,m
1635.375,A2 F5 A4 D3,2,m
1635.5,A2 F5 A4 D3,2,m
1635.625,A2 F5 A4 D3,2,m
1635.75,A2 F5 A4 D3,2,m
1635.875,A2 F5 A4 D3,2,m
1636.0,A2 E5 C#5 G3 A1,2,m
1636.125,A2 E5 C#5 G3 A1,2,m
1636.25,A2 E5 C#5 G3 A1,2,m
1636.375,A2 E5 C#5 G3 A1,2,m
1636.5,A2 E5 C#5 G3,2,m
1636.625,A2 E5 C#5 G3,2,m
1636.6666666666667,G5 B-4 C#4 A2,2,m
1636.75,A2 G5 B-4 C#4,2,m
1636.875,A2 G5 B-4 C#4,2,m
1637.0,A2 G5 B-4 C#4,2,m
1637.125,A2 G5 B-4 C#4,2,m
1637.25,A2 G5 B-4 C#4,2,m
1637.3333333333333,A2 F5 G#4 B3,2,m
1637.375,A2 F5 G#4 B3,2,m
1637.5,A2 F5 G#4 B3,2,m
1637.625,A2 F5 G#4 B3,2,m
1637.75,A2 F5 G#4 B3,2,m
1637.875,A2 F5 G#4 B3,2,m
1638.0,A2 E5 G4 C4,2,m
1638.125,A2 E5 G4 C4,2,m
1638.25,A2 E5 G4 C4,2,m
1638.375,A2 E5 G4 C4,2,m
1638.5,A2 E5 G4 C4,2,m
1638.625,A2 E5 G4 C4,2,m
1638.6666666666667,D5 B-4 A2 C4,2,m
1638.75,A2 D5 B-4 C4,2,m
1638.875,A2 D5 B-4 C4,2,m
1639.0,A2 D5 B-4 C3,2,m
1639.125,A2 D5 B-4 C3,2,m
1639.25,A2 D5 B-4 C3,2,m
1639.3333333333333,A2 F5 A4 C3,2,m
1639.375,A2 F5 A4 C3,2,m
1639.5,A2 F5 A4 C3,2,m
1639.625,A2 F5 A4 C3,2,m
1639.75,A2 F5 A4 C3,2,m
1639.875,A2 F5 A4 C3,2,m
1640.0,A2 E5 G4,2,m
1640.125,A2 E5 G4,2,m
1640.25,A2 E5 G4,2,m
1640.375,A2 E5 G4,2,m
1640.5,A2 E5 G4,2,m
1640.625,A2 E5 G4,2,m
1640.6666666666667,D5 F4 A2,2,m
1640.75,A2 D5 F4,2,m
1640.875,A2 D5 F4,2,m
1641.0,A2 D5 F4,2,m
1641.125,A2 D5 F4,2,m
1641.25,A2 D5 F4,2,m
1641.3333333333333,A2 C#5 A4,2,m
1641.375,A2 C#5 A4,2,m
1641.5,A2 C#5 A4,2,m
1641.625,A2 C#5 A4,2,m
1641.75,A2 C#5 A4,2,m
1641.875,A2 C#5 A4,2,m
1642.0,A2 E5 G4 A3,2,m
1642.125,A2 E5 G4 A3,2,m
1642.25,A2 E5 G4 A3,2,m
1642.375,A2 E5 G4 A3,2,m
1642.5,A2 E5 G4 A3,2,m
1642.625,A2 E5 G4 A3,2,m
1642.6666666666667,D5 F4 A2 A3,2,m
1642.75,A2 D5 F4 A3,2,m
1642.875,A2 D5 F4 A3,2,m
1643.0,A2 D5 F4,2,m
1643.125,A2 D5 F4,2,m
1643.25,A2 D5 F4,2,m
1643.3333333333333,A2 C5 E4,2,m
1643.375,A2 C5 E4,2,m
1643.5,A2 C5 E4,2,m
1643.625,A2 C5 E4,2,m
1643.75,A2 C5 E4,2,m
1643.875,A2 C5 E4,2,m
1644.0,A2 B-4 G4,2,m
1644.125,A2 B-4 G4,2,m
1644.25,A2 B-4 G4,2,m
1644.375,A2 B-4 G4,2,m
1644.5,A2 B-4 G4,2,m
1644.625,A2 B-4 G4,2,m
1644.6666666666667,D5 F4 G3 A2,2,m
1644.75,A2 D5 F4 G3,2,m
1644.875,A2 D5 F4 G3,2,m
1645.0,A2 D5 F4 G3,2,m
1645.125,A2 D5 F4 G3,2,m
1645.25,A2 D5 F4 G3,2,m
1645.3333333333333,A2 C5 E-4 F#3,2,m
1645.375,A2 C5 E-4 F#3,2,m
1645.5,A2 C5 E-4 F#3,2,m
1645.625,A2 C5 E-4 F#3,2,m
1645.75,A2 C5 E-4 F#3,2,m
1645.875,A2 C5 E-4 F#3,2,m
1646.0,A2 B-4 D4 G3,2,m
1646.125,A2 B-4 D4 G3,2,m
1646.25,A2 B-4 D4 G3,2,m
1646.375,A2 B-4 D4 G3,2,m
1646.5,A2 B-4 D4 G3,2,m
1646.625,A2 B-4 D4 G3,2,m
1646.6666666666667,A4 F4 A2,2,m
1646.75,A2 A4 F4,2,m
1646.875,A2 A4 F4,2,m
1647.0,A2 A4 F4,2,m
1647.125,A2 A4 F4,2,m
1647.25,A2 A4 F4,2,m
1647.3333333333333,A2 C5 E-4 F#3,2,m
1647.375,A2 C5 E-4 F#3,2,m
1647.5,A2 C5 E-4 F#3,2,m
1647.625,A2 C5 E-4 F#3,2,m
1647.75,A2 C5 E-4 F#3,2,m
1647.875,A2 C5 E-4 F#3,2,m
1648.0,A2 B-4 D4 G3,2,m
1648.125,A2 B-4 D4 G3,2,m
1648.25,A2 B-4 D4 G3,2,m
1648.375,A2 B-4 D4 G3,2,m
1648.5,A2 B-4 D4 G3,2,m
1648.625,A2 B-4 D4 G3,2,m
1648.6666666666667,A4 C4 A2,2,m
1648.75,A2 A4 C4,2,m
1648.875,A2 A4 C4,2,m
1649.0,A2 A4 C4,2,m
1649.125,A2 A4 C4,7,m
1649.25,A2 A4 C4,7,m
1649.3333333333333,A2 G4 E-4,7,m
1649.375,A2 G4 E-4,7,m
1649.5,A2 G4 E-4,7,m
1649.625,A2 G4 E-4,7,m
1649.75,A2 G4 E-4,7,m
1649.875,A2 G4 E-4,7,m
1650.0,A2 B-4 D4,7,m
1650.125,A2 B-4 D4,7,m
1650.25,A2 B-4 D4,7,m
1650.375,A2 B-4 D4,7,m
1650.5,A2 B-4 D4,7,m
1650.625,A2 B-4 D4,7,m
1650.6666666666667,A4 C4 A2,7,m
1650.75,A2 A4 C4,7,m
1650.875,A2 A4 C4,7,m
1651.0,A2 A4 C4,7,m
1651.125,A2 A4 C4,7,m
1651.25,A2 A4 C4,7,m
1651.3333333333333,A2 G4 B-3,7,m
1651.375,A2 G4 B-3,7,m
1651.5,A2 G4 B-3,7,m
1651.625,A2 G4 B-3,7,m
1651.75,A2 G4 B-3,7,m
1651.875,A2 G4 B-3,7,m
1652.0,A2 F4 A3 D4 A1,7,m
1652.125,A2 F4 A3 D4 A1,?,?
1652.25,A2 F4 A3 D4 A1,?,?
1652.375,A2 F4 A3 D4 A1,?,?
1652.5,A2 F4 A3 D4 A1,?,?
1652.625,A2 F4 A3 D4 A1,?,?
1652.6666666666667,A4 F4 C4 A2 A1,?,?
1652.75,A2 A4 F4 C4 A1,?,?
1652.875,A2 A4 F4 C4 A1,?,?
1653.0,A2 A4 F4 C4 A1,?,?
1653.125,A2 A4 F4 C4 A1,?,?
1653.25,A2 A4 F4 C4 A1,?,?
1653.3333333333333,A2 G4 D4 B-3 E3 A1,?,?
1653.375,A2 G4 D4 B-3 E3 A1,?,?
1653.5,A2 G4 D4 B-3 E3 A1,?,?
1653.625,A2 G4 D4 B-3 E3 A1,?,?
1653.75,A2 G4 D4 B-3 E3 A1,?,?
1653.875,A2 G4 D4 B-3 E3 A1,?,?
1654.0,A2 F4 C4 A3 A1,?,?
1654.125,A2 F4 C4 A3 A1,2,m
1654.25,A2 F4 C4 A3 A1,2,m
1654.375,A2 F4 C4 A3 A1,2,m
1654.5,A2 F4 C4 A3 A1,2,m
1654.625,A2 F4 C4 A3 A1,2,m
1654.6666666666667,E4 G3 C4 A2 A1,2,m
1654.75,A2 E4 G3 C4 A1,2,m
1654.875,A2 E4 G3 C4 A1,2,m
1655.0,A2 E4 G3 C4 A1,2,m
1655.125,A2 E4 G3 C4 A1,2,m
1655.25,A2 E4 G3 C4 A1,2,m
1655.3333333333333,A2 G4 D4 B-3 A1,2,m
1655.375,A2 G4 D4 B-3 A1,2,m
1655.5,A2 G4 D4 B-3 A1,2,m
1655.625,A2 G4 D4 B-3 A1,2,m
1655.75,A2 G4 D4 B-3 A1,2,m
1655.875,A2 G4 D4 B-3 A1,2,m
1656.0,A2 F4 C4 A3 A1,2,m
1656.125,A2 F4 C4 A3 A1,2,m
1656.25,A2 F4 C4 A3 A1,2,m
1656.375,A2 F4 C4 A3 A1,2,m
1656.5,A2 F4 C4 A3 A1,2,m
1656.625,A2 F4 C4 A3 A1,2,m
1656.6666666666667,E4 B-3 G3 A2 A1,2,m
1656.75,A2 E4 B-3 G3 A1,2,m
1656.875,A2 E4 B-3 G3 A1,2,m
1657.0,A2 E4 B-3 G3 A1,2,m
1657.125,A2 E4 B-3 G3 A1,2,m
1657.25,A2 E4 B-3 G3 A1,2,m
1657.3333333333333,A2 D4 B-3 E3 A1,2,m
1657.375,A2 D4 B-3 E3 A1,2,m
1657.5,A2 D4 B-3 E3 A1,2,m
1657.625,A2 D4 B-3 E3 A1,2,m
1657.75,A2 D4 B-3 E3 A1,2,m
1657.875,A2 D4 B-3 E3 A1,2,m
1658.0,A2 F4 C4 A3 A1,2,m
1658.125,A2 F4 C4 A3 A1,2,m
1658.25,A2 F4 C4 A3 A1,2,m
1658.375,A2 F4 C4 A3 A1,2,m
1658.5,A2 F4 C4 A3 A1,2,m
1658.625,A2 F4 C4 A3 A1,2,m
1658.6666666666667,E4 B-3 G3 A2 A1,2,m
1658.75,A2 E4 B-3 G3 A1,2,m
1658.875,A2 E4 B-3 G3 A1,2,m
1659.0,A2 E4 B-3 G3 A1,2,m
1659.125,A2 E4 B-3 G3 A1,2,m
1659.25,A2 E4 B-3 G3 A1,2,m
1659.3333333333333,A2 D4 A3 F3 A1,2,m
1659.375,A2 D4 A3 F3 A1,2,m
1659.5,A2 D4 A3 F3 A1,2,m
1659.625,A2 D4 A3 F3 A1,2,m
1659.75,A2 D4 A3 F3 A1,2,m
1659.875,A2 D4 A3 F3 A1,2,m
1660.0,A2 C#4 A3 A1,2,m
1660.125,A2 C#4 A3 A1,2,m
1660.25,A2 C#4 A3 A1,2,m
1660.375,A2 C#4 A3 A1,2,m
1660.5,A2 C#4 A3 A1,2,m
1660.625,A2 C#4 A3 A1,2,m
1660.6666666666667,F4 A3 G3 A2 A1,2,m
1660.75,A2 F4 A3 G3 A1,2,m
1660.875,A2 F4 A3 G3 A1,2,m
1661.0,A2 F4 A3 G3 A1,2,m
1661.125,A2 F4 A3 G3 A1,2,m
1661.25,A2 F4 A3 G3 A1,2,m
1661.3333333333333,A2 E4 G#3 F3 B2 A1,2,m
1661.375,A2 E4 G#3 F3 B2 A1,2,m
1661.5,A2 E4 G#3 F3 B2 A1,2,m
1661.625,A2 E4 G#3 F3 B2 A1,2,m
1661.75,A2 E4 G#3 F3 B2 A1,2,m
1661.875,A2 E4 G#3 F3 B2 A1,2,m
1662.0,A2 D4 A3 E3 A1,2,m
1662.125,A2 D4 A3 E3 A1,2,m
1662.25,A2 D4 A3 E3 A1,2,m
1662.375,A2 D4 A3 E3 A1,2,m
1662.5,A2 D4 A3 E3 A1,2,m
1662.625,A2 D4 A3 E3 A1,2,m
1662.6666666666667,C#4 A3 A2 A1,2,m
1662.75,A2 C#4 A3 A1,2,m
1662.875,A2 C#4 A3 A1,2,m
1663.0,A2 C#4 A3 A1,2,m
1663.125,A2 C#4 A3 A1,2,m
1663.25,A2 C#4 A3 A1,2,m
1663.3333333333333,A2 F4 G3 A1,2,m
1663.375,A2 F4 G3 A1,2,m
1663.5,A2 F4 G3 A1,2,m
1663.625,A2 F4 G3 A1,2,m
1663.75,A2 F4 G3 A1,2,m
1663.875,A2 F4 G3 A1,2,m
1664.0,A2 E4 A3 F3 B2 A1,2,m
1664.125,A2 E4 A3 F3 B2 A1,2,m
1664.25,A2 E4 A3 F3 B2 A1,2,m
1664.375,A2 E4 A3 F3 B2 A1,2,m
1664.5,A2 E4 A3 F3 B2 A1,2,m
1664.625,A2 E4 A3 F3 B2 A1,2,m
1664.6666666666667,D4 G#3 E3 A2 A1,2,m
1664.75,A2 D4 G#3 E3 A1,2,m
1664.875,A2 D4 G#3 E3 A1,2,m
1665.0,A2 D4 G#3 E3 A1,2,m
1665.125,A2 D4 G#3 E3 A1,2,m
1665.25,A2 D4 G#3 E3 A1,2,m
1665.3333333333333,A2 C#4 A3 A1,2,m
1665.375,A2 C#4 A3 A1,2,m
1665.5,A2 C#4 A3 A1,2,m
1665.625,A2 C#4 A3 A1,2,m
1665.75,A2 C#4 A3 A1,2,m
1665.875,A2 C#4 A3 A1,2,m
1666.0,A2 F4 A3 G3 A1,2,m
1666.125,A2 F4 A3 G3 A1,2,m
1666.25,A2 F4 A3 G3 A1,2,m
1666.375,A2 F4 A3 G3 A1,2,m
1666.5,A2 F4 A3 G3 A1,2,m
1666.625,A2 F4 A3 G3 A1,2,m
1666.6666666666667,E4 F3 B2 A2 A3 A1,2,m
1666.75,A2 E4 A3 F3 B2 A1,2,m
1666.875,A2 E4 A3 F3 B2 A1,2,m
1667.0,A2 E4 A3 F3 B2 A1,2,m
1667.125,A2 E4 A3 F3 B2 A1,2,m
1667.25,A2 E4 A3 F3 B2 A1,2,m
1667.3333333333333,A2 D4 G#3 E3 A1,2,m
1667.375,A2 D4 G#3 E3 A1,2,m
1667.5,A2 D4 G#3 E3 A1,2,m
1667.625,A2 D4 G#3 E3 A1,2,m
1667.75,A2 D4 G#3 E3 A1,2,m
1667.875,A2 D4 G#3 E3 A1,2,m
1668.0,A2 C#4 A3 A1,2,m
1668.125,A2 C#4 A3 A1,2,m
1668.25,A2 C#4 A3 A1,2,m
1668.375,A2 C#4 A3 A1,2,m
1668.5,A2 C#4 A3 A1,2,m
1668.625,A2 C#4 A3 A1,2,m
1668.75,A2 C#4 A3 A1,2,m
1668.875,A2 C#4 A3 A1,2,m
1669.0,A2 C#4 A3 A1,2,m
1669.125,A2 C#4 A3 A1,2,m
1669.25,A2 C#4 A3 A1,2,m
1669.3333333333333,A2 F4 A3 G3 A1,2,m
1669.375,A2 F4 A3 G3 A1,2,m
1669.5,A2 F4 A3 G3 A1,2,m
1669.625,A2 F4 A3 G3 A1,2,m
1669.75,A2 F4 A3 G3 A1,2,m
1669.875,A2 F4 A3 G3 A1,2,m
1670.0,A2 F4 A3 G3 A1,2,m
1670.125,A2 F4 A3 G3 A1,2,m
1670.25,A2 F4 A3 G3 A1,2,m
1670.375,A2 F4 A3 G3 A1,2,m
1670.5,A2 F4 A3 G3 A1,2,m
1670.625,A2 F4 A3 G3 A1,2,m
1670.6666666666667,E4 G#3 F3 B2 A2 A1,2,m
1670.75,A2 E4 G#3 F3 B2 A1,2,m
1670.875,A2 E4 G#3 F3 B2 A1,2,m
1671.0,A2 E4 G#3 F3 B2 A1,2,m
1671.125,A2 E4 G#3 F3 B2 A1,2,m
1671.25,A2 E4 G#3 F3 B2 A1,2,m
1671.375,A2 E4 G#3 F3 B2 A1,2,m
1671.5,A2 E4 G#3 F3 B2 A1,2,m
1671.625,A2 E4 G#3 F3 B2 A1,2,m
1671.75,A2 E4 G#3 F3 B2 A1,2,m
1671.875,A2 E4 G#3 F3 B2 A1,2,m
1672.0,A2 D4 A3 E3 A1,2,m
1672.125,A2 D4 A3 E3 A1,2,m
1672.25,A2 D4 A3 E3 A1,2,m
1672.375,A2 D4 A3 E3 A1,2,m
1672.5,A2 D4 A3 E3 A1,2,m
1672.625,A2 D4 A3 E3 A1,2,m
1672.75,A2 D4 A3 E3 A1,2,m
1672.875,A2 D4 A3 E3 A1,2,m
1673.0,A2 D4 A3 E3 A1,2,m
1673.125,A2 D4 A3 E3 A1,2,m
1673.25,A2 D4 A3 E3 A1,2,m
1673.3333333333333,A2 C#4 A3 A1,2,m
1673.375,A2 C#4 A3 A1,2,m
1673.5,A2 C#4 A3 A1,2,m
1673.625,A2 C#4 A3 A1,2,m
1673.75,A2 C#4 A3 A1,2,m
1673.875,A2 C#4 A3 A1,2,m
1674.0,A2 C#4 A3 A1,2,m
1674.125,A2 C#4 A3 A1,2,m
1674.25,A2 C#4 A3 A1,2,m
1674.375,A2 C#4 A3 A1,2,m
1674.5,A2 C#4 A3 A1,2,m
1674.625,A2 C#4 A3 A1,2,m
1674.6666666666667,F4 A3 G3 A2 A1,2,m
1674.75,A2 F4 A3 G3 A1,2,m
1674.875,A2 F4 A3 G3 A1,2,m
1675.0,A2 F4 A3 G3 A1,2,m
1675.125,A2 F4 A3 G3 A1,2,m
1675.25,A2 F4 A3 G3 A1,2,m
1675.375,A2 F4 A3 G3 A1,2,m
1675.5,A2 F4 A3 G3 A1,2,m
1675.625,A2 F4 A3 G3 A1,2,m
1675.75,A2 F4 A3 G3 A1,2,m
1675.875,A2 F4 A3 G3 A1,2,m
1676.0,A2 E4 A3 F3 B2 A1,2,m
1676.125,A2 E4 A3 F3 B2 A1,2,m
1676.25,A2 E4 A3 F3 B2 A1,2,m
1676.375,A2 E4 A3 F3 B2 A1,2,m
1676.5,A2 E4 A3 F3 B2 A1,2,m
1676.625,A2 E4 A3 F3 B2 A1,2,m
1676.75,A2 E4 A3 F3 B2 A1,2,m
1676.875,A2 E4 A3 F3 B2 A1,2,m
1677.0,A2 E4 A3 F3 B2 A1,2,m
1677.125,A2 E4 A3 F3 B2 A1,2,m
1677.25,A2 E4 A3 F3 B2 A1,2,m
1677.3333333333333,A2 D4 G#3 E3 A1,2,m
1677.375,A2 D4 G#3 E3 A1,2,m
1677.5,A2 D4 G#3 E3 A1,2,m
1677.625,A2 D4 G#3 E3 A1,2,m
1677.75,A2 D4 G#3 E3 A1,2,m
1677.875,A2 D4 G#3 E3 A1,2,m
1678.0,A2 D4 G#3 E3 A1,2,m
1678.125,A2 D4 G#3 E3 A1,2,m
1678.25,A2 D4 G#3 E3 A1,2,m
1678.375,A2 D4 G#3 E3 A1,2,m
1678.5,A2 D4 G#3 E3 A1,2,m
1678.625,A2 D4 G#3 E3 A1,2,m
1678.6666666666667,C#4 A3 A2 A1,2,m
1678.75,A2 C#4 A3 A1,2,m
1678.875,A2 C#4 A3 A1,2,m
1679.0,A2 C#4 A3 A1,2,m
1679.125,A2 C#4 A3 A1,2,m
1679.25,A2 C#4 A3 A1,2,m
1679.375,A2 C#4 A3 A1,2,m
1679.5,A2 C#4 A3 A1,2,m
1679.625,A2 C#4 A3 A1,2,m
1679.75,A2 C#4 A3 A1,2,m
1679.875,A2 C#4 A3 A1,2,m
1680.0,A2 F4 B3 G#3 D3 A1,2,m
1680.125,A2 F4 B3 G#3 D3 A1,2,m
1680.25,A2 F4 B3 G#3 D3 A1,2,m
1680.375,A2 F4 B3 G#3 D3 A1,2,m
1680.5,A2 F4 B3 G#3 D3 A1,2,m
1680.625,A2 F4 B3 G#3 D3 A1,2,m
1680.75,A2 F4 B3 G#3 D3 A1,2,m
1680.875,A2 F4 B3 G#3 D3 A1,2,m
1681.0,A2 F4 B3 G#3 D3 A1,2,m
1681.125,A2 F4 B3 G#3 D3 A1,2,m
1681.25,A2 F4 B3 G#3 D3 A1,2,m
1681.3333333333333,A2 E4 C#4 G3 A3 A1,2,m
1681.375,A2 E4 C#4 G3 A3 A1,2,m
1681.5,A2 E4 C#4 G3 A3 A1,2,m
1681.625,A2 E4 C#4 G3 A3 A1,2,m
1681.75,A2 E4 C#4 G3 A3 A1,2,m
1681.875,A2 E4 C#4 G3 A3 A1,2,m
1682.0,A2 E4 C#4 G3 A3 A1,2,m
1682.125,A2 E4 C#4 G3 A3 A1,6,m
1682.25,A2 E4 C#4 G3 A3 A1,6,m
1682.375,A2 E4 C#4 G3 A3 A1,6,m
1682.5,A2 E4 C#4 G3 A3 A1,6,m
1682.625,A2 E4 C#4 G3 A3 A1,6,m
1682.6666666666667,A2,6,m
1682.75,A2,6,m
1682.875,A2,6,m
1683.0,A2,6,m
1683.125,A2,6,m
1683.25,A2,6,m
1683.375,A2,6,m
1683.5,A2,6,m
1683.625,A2,6,m
1683.75,A2,6,m
1683.875,A2,6,m
1684.0,A4 F#4 D3 D2 D4,6,m
1684.5,G#5 A4 F#4 G#4 D4,6,m
1685.0,A5 F#4 A4 C#4,6,m
1685.5,E6 F#4 E5 C#4,6,m
1686.0,D6 F#4 D5 B3,6,m
1686.5,C#6 F#4 C#5 B3,6,m
1687.0,B5 F#4 F#3 F#2 B4 C#4,6,m
1687.5,F#5 F#4 B-3 C#4,6,m
1688.0,F#4 A4 D3 D2 D4,6,m
1688.5,G#5 A4 F#4 G#4 D4,6,m
1689.0,A5 F#4 A4 C#4,6,m
1689.5,E6 F#5 F#4 E5 C#4,9,M
1690.0,D6 F#4 D5 B3,9,M
1690.5,C#6 F#4 C#5 B3,9,M
1691.0,B5 F#4 F#3 F#2 B4 C#4,9,M
1691.5,F#5 F#4 B-3 C#4,9,M
1692.0,F#5 F#4 D3 D2 A3,9,M
1692.5,G4 F#4,9,M
1693.0,G#4 F#4 D4,9,M
1693.5,A4 F#4 C#4,9,M
1694.0,B-4 E4 G4 C4,9,M
1694.5,B-4 E5 G4 E4 C4,9,M
1695.0,B4 E4 G#4 B3,9,M
1695.5,B4 E5 G#4 E4 B3,9,M
1696.0,C#5 A4 E4 A3,9,M
1696.5,C#5 D5 A4 A3 E4,9,M
1697.0,C#5 A4 C#4 E4 A3,9,M
1697.5,C#5 E5 E4 A4 C#4 A3,9,M
1698.0,B4 E4 G#4 E3,9,M
1698.5,B4 G#5 G#4 E4 E3,9,M
1699.0,B4 E-5 B3 G#4 E3 E4,9,M
1699.5,B4 E5 B3 G#4 E4 E3,2,m
1700.0,D4 A4 D3 D2 F4,2,m
1700.5,B-5 D4 A4 B-4 F4,2,m
1701.0,A5 A4 G4,2,m
1701.5,F6 A4 F5 G4,2,m
1702.0,E6 A4 E5 F4,2,m
1702.5,D6 A4 D5 F4,2,m
1703.0,D6 A4 A3 A2 D5 E4,2,m
1703.5,A5 A4 C#4 E4,2,m
1704.0,A4 D4 D3 D2 F4,2,m
1704.5,B-5 D4 A4 B-4 F4,2,m
1705.0,A5 A4 G4,2,m
1705.5,F6 A5 A4 F5 G4,2,m
1706.0,E6 A4 E5 F4,2,m
1706.5,D6 A4 D5 F4,2,m
1707.0,D6 A4 A3 A2 D5 E4,2,m
1707.5,A5 A4 C#4 A3 E4,2,m
1708.0,A5 A4 E5 D2 F4,2,m
1708.5,A4 F4,2,m
1709.0,B4 A4 G4 E4,2,m
1709.5,C5 G4 A4 E4,2,m
1710.0,C#5 G4 B-4 E-4,2,m
1710.5,C#5 G5 B-4 G4 E-4,2,m
1711.0,D5 G4 B4 D4,2,m
1711.5,D5 G5 B4 G4 D4,2,m
1712.0,E5 C5 G4 C4,2,m
1712.5,E5 F5 C5 C4 G4,0,M
1713.0,E5 F#5 C5 E4 G4 C4,0,M
1713.5,E5 G5 C5 E4 G4 C4,0,M
1714.0,D5 B4 G4 G3,0,M
1714.5,D5 C#5 B4 G4 G3,0,M
1715.0,D5 B4 G3 G4,0,M
1715.5,D5 D4 B4 G4 G3,11,m
1716.0,B5 E-4 B4 F#3 B1 B2,11,m
1717.0,E-4 C#5 C#4 F#3 B1 B2,11,m
1718.0,E-4 E-5 B4 D4 F#3 B1 B2,11,m
1718.5,F#3 E-4 E5 B4 E4 B1 F#4 B2,11,m
1719.0,F#3 E-4 F5 B4 F4 B1 B2,11,m
1719.5,F#3 F#5 B4 F#4 E-4 B1 B3 B2,11,m
1720.0,B-2 G5 B-1 G3 G4 B-3 D4,11,m
1720.5,B-2 A3 G5 G4 B-1 G3 B-3 D4,11,m
1721.0,B-2 B-3 D3 B-1 G3 G4 D4,11,m
1721.5,B-2 B-4 G4 G3 B-1 B-3 D4,11,m
1722.0,B-2 A4 C#5 C#4 B-1 G3 G4 B-3 D4,11,m
1722.5,B-2 G4 D5 B-1 G3 B-3 D4,11,m
1723.0,B-2 F#4 F#5 D5 F4 A3 B-1 G3 G4 B-3 D4,11,m
1723.5,B-2 F4 G5 D5 G4 G3 B-1 B-3 D4,11,m
1724.0,E-4 B5 B4 F#3 B1 B2,11,m
1724.5,B5 E-4 B4 F#3 B1 B2,11,m
1725.0,E-4 C#5 C#4 F#3 B1 B2,11,m
1726.0,E-5 B4 E-4 F#3 B1 B2,11,m
1726.5,F#3 E-4 E5 B4 E4 B1 F#4 B2,11,m
1727.0,F#3 E-4 F5 B4 F4 B1 B2,11,m
1727.5,F#3 F#5 B4 F#4 E-4 B1 B3 B2,11,m
1728.0,B-2 G5 B-1 G3 G4 B-3 D4,11,m
1728.5,B-2 A3 G5 G4 B-1 G3 B-3 D4,11,m
1729.0,B-2 B-3 G4 G3 B-1 D4,11,m
1729.5,B-2 B-4 D5 B-1 G3 G4 B-3 D4,6,M
1730.0,B-2 A4 F#5 F#4 B-1 G3 G4 B-3 D4,6,M
1730.5,B-2 G5 G4 B-1 G3 B-3 D4,6,M
1731.0,B-2 F#4 A5 D5 A4 B-1 G3 G4 B-3 D4,6,M
1731.5,B-2 G4 B-5 D5 B-4 B-1 G3 B-3 D4,6,M
1732.0,B5 B4 E-4 C#2 E4,6,M
1732.5,B5 B4 C#2 C#4,6,M
1733.0,E-5 E-4 C#2 B3 G#4,6,M
1733.5,E-5 E-4 C#2 B-3 F#4,6,M
1734.0,F5 B4 C#2 G#3 F4,6,M
1734.5,F#5 B4 F#4 F#3 C#2,6,M
1735.0,G5 C#4 G4 F3 C#2,6,M
1735.5,C#6 C#4 E-5 F3 C#2,6,M
1736.0,B5 F4 B4 E-4 C#2 E4,6,M
1736.5,B5 F#4 B4 C#2 C#4,6,M
1737.0,E-5 E-4 C#2 B3 G#4,6,M
1737.5,E-5 B-4 E-4 C#2 B-3 F#4,6,M
1738.0,F5 B4 C#2 G#3 F4,6,M
1738.5,F#5 B4 F#4 F#3 C#2,6,M
1739.0,G#5 G#4 F3 B2,6,M
1739.5,C#6 C#5 F3 B2,6,m
1740.0,D4 C4 C5 D6 D5 C3 E4 A3 F#3,6,m
1740.5,D4 C4 C5 D6 D5 C3 A3 F#3,6,m
1741.0,D4 C4 C5 E5 E4 C3 A4 A3 F#3,6,m
1741.5,D4 C4 C5 E5 E4 C3 B3 G4 A3 F#3,6,m
1742.0,D4 C4 C5 F#5 D5 C3 A3 F#4 F#3,6,m
1742.5,D4 C4 C5 G5 D5 G4 E3 C3 A3 F#3,7,M
1743.0,B3 B4 G#5 D4 G#4 F#3 B2 G#3,7,M
1743.5,B3 B4 E6 D4 E5 F#3 B2 G#3,7,M
1744.0,D4 C4 C5 D6 F#4 D5 C3 E4 A3 F#3,7,M
1744.5,D4 C4 C5 D6 G4 D5 C3 A3 F#3,7,M
1745.0,D4 C4 C5 E5 E4 C3 A4 A3 F#3,7,M
1745.5,D4 C4 C5 E5 E4 C3 B3 G4 A3 F#3,7,M
1746.0,D4 C4 C5 F#5 D5 C3 A3 F#4 F#3,7,M
1746.5,D4 C4 C5 G5 D5 G4 E3 C3 A3 F#3,7,M
1747.0,D4 B3 B4 G#5 G#4 F#3 B2 G#3,7,M
1747.5,D4 B3 B4 E6 E5 B2 G#3 F#3,7,M
1748.0,D4 B-3 B-4 F6 F5 G#4 B-2 G#3 F3,7,M
1748.5,D4 B-3 B-4 F6 F5 G4 B-2 G#3 F3,7,M
1749.0,D4 B-3 B-4 G5 G4 F4 B-2 G#3 F3,7,M
1749.5,D4 B-3 B-4 G5 G4 E-4 B-2 G#3 F3,3,M
1750.0,D4 B-3 B-4 G#5 G#4 B-2 G#3 F3,3,M
1750.5,D4 B-3 B-4 C6 G#5 C5 E4 B-2 G#3 F3,3,M
1751.0,D4 B-3 B-4 D6 G#4 D5 F4 B-2 G#3 F3,3,M
1751.5,B-3 D4 B-4 E-6 G#4 E-5 G4 B-2 G#3 F3,3,M
1752.0,B-2 D4 B-3 B-4 F6 F5 G#4 B-1 G#3 F3,3,M
1752.5,B-2 D4 B-3 B-4 F6 C5 F5 G4 B-1 G#3 F3,2,m
1753.0,B-2 D4 B-3 B-4 G5 C5 G4 F4 B-1 G#3 F3,2,m
1753.5,B-2 D4 B-3 B-4 G5 B-5 G4 E-4 B-1 G#3 F3,2,m
1754.0,B-2 D4 B-3 B-4 G#5 G#4 B-1 G#3 F3,2,m
1754.5,B-2 D4 B-3 B-4 C6 G#5 C5 E4 B-1 G#3 F3,2,m
1755.0,B-2 D4 B-3 B-4 D6 G#4 D5 F4 B-1 G#3 F3,2,m
1755.5,B-2 D4 B-3 B-4 E6 G#4 E5 B-1 G#3 F3,2,M
1756.0,A2 A4 F#6 F#5 A3 A1 F#4 D4,2,M
1756.5,A2 A4 G#5 G#4 A3 A1 F#4 D4,2,M
1757.0,A2 A4 A5 A3 A1 F#4 D4,2,M
1757.5,A2 A4 E6 E5 A3 A1 D3 F#4 D4,2,M
1758.0,A4 B2 D6 D5 A3 B1 D3,2,M
1758.5,A4 B2 C#6 C#5 D4 A3 B1 F#3,2,M
1759.0,A4 C#3 B5 B4 E4 A3 C#2 G3,2,M
1759.5,A4 C#3 B-5 B-4 E5 G4 C#2 E3,2,M
1760.0,A4 D3 E5 A3 D2,2,M
1760.5,A4 D3 G#5 G#4 D5 A3 D2,2,M
1761.0,A4 A2 A5 C#5 A3 A1,2,M
1761.5,A5 A2 E6 E5 B4 A3 A1 D3,2,M
1762.0,A4 B2 D6 D5 A3 B1 D3,2,M
1762.5,A4 B2 C#6 C#5 D4 A3 B1 E3,2,M
1763.0,A4 C#3 B5 B4 E4 A3 C#2 G3,2,M
1763.5,A4 C#3 B-5 B-4 E5 G4 C#2 E3,2,M
1764.0,A4 D3 E5 A3 D2,2,M
1764.5,D3 G#5 G#4 D5 A3 D2,4,m
1765.0,E3 A5 A4 C#5 A3 E2,4,m
1765.5,E3 G6 G5 C#4 A3 E2,4,m
1766.0,F#6 F#5 A3 F#4 D2 D3,4,m
1766.5,G#4 G#3 A3 F#4 D2 D3,4,m
1767.0,A4 A3 F#3 E4 C2 C3,4,m
1767.5,B-4 B-3 F#3 E4 C2 C3,4,m
1768.0,B4 B3 F#3 E4 B1 B2,4,m
1769.0,F#5 F#4 F#3 E4 B1 B2,4,m
1770.0,B2 F#3 B5 B4 E-4 B1,4,m
1770.5,A3 F#3 C6 C5 B3 E-4 A2 B2,4,m
1771.0,G3 B-5 B-4 B3 G2,4,m
1771.5,F#3 B5 B4 A4 F#2,4,m
1772.0,E3 G4 B3 E2,4,m
1772.5,E3 B-5 B-4 G4 B3 E2,4,m
1773.0,D3 B5 B4 B3 D2 E3 E4,4,m
1773.5,D3 G6 G5 B3 D2 E3 E4,4,m
1774.0,B5 C3 F#6 F#5 B3 C2 E3 E4,4,m
1774.5,B5 C3 E6 E5 E4 B3 C2 F#3,4,m
1775.0,B5 B2 E6 E5 B4 G4 B1 A3,4,m
1775.5,B5 B2 E-6 E-5 G5 A4 B1 C4,4,m
1776.0,B5 E3 F#5 B3 E2 G4,4,m
1776.5,B5 E3 B-5 B-4 E5 B3 E2,4,m
1777.0,B5 D3 B4 E5 B3 D2 E3 E4,4,m
1777.5,D3 G6 G5 B4 B3 D2 E3 E4,4,m
1778.0,B5 C3 F#6 F#5 B3 C2 E3 E4,4,m
1778.5,B5 C3 E6 E5 E4 B3 C2 F#3,4,m
1779.0,B5 B2 E6 E5 B4 G4 B1 A3,4,m
1779.5,B5 B2 E-6 E-5 G5 A4 B1 C4,4,m
1779.75,B5 B2 E-6 E-5 F#5 A4 B1 C4,4,m
1780.0,B5 E3 F#6 F#5 B3 E2 G4,4,m
1780.5,B5 E3 E6 E5 B3 E2 G4,4,m
1781.0,B5 E3 C6 C5 G4 B3 E2,4,m
1781.5,E-3 B5 B4 F#4 B3 E-2,4,m
1781.75,E-3 A5 A4 F#4 B3 E-2,4,m
1782.0,G5 B3 G4 E2 E3,4,m
1782.5,B-4 B-3 B3 G4 E2 E3,4,m
1783.0,B4 B3 F#3 F#4 D2 D3,4,m
1783.5,C5 C4 F#3 F#4 D2 D3,4,m
1784.0,C#5 C#4 G#3 F#4 C#2 C#3,4,m
1785.0,G#5 G#4 G#3 F#4 C#2 C#3,10,M
1786.0,C#6 C#5 G#3 F4 C#2 C#3,10,M
1786.5,D6 D5 G#3 F4 C#2 C#3,10,M
1787.0,D6 D5 A3 C2 C3,10,M
1787.5,E-6 E-5 A3 C2 C3,10,M
1788.0,F4 B-3 B-4 D6 D5 F5 B-1 B-2 D4 F3,10,M
1789.0,F4 B-3 B-4 D6 D5 F5 B-1 B-2 F3 D4,10,M
1789.5,G3 F4 B-3 B-4 E-6 E-5 G4 B-1 B-2 C4 F3,10,M
1790.0,A3 F4 B-3 B-4 D6 D5 A4 B-1 B-2 D4 F3,10,M
1790.5,B-3 F4 B-4 D6 D5 B-1 B-2 D4 F3,10,M
1791.0,D4 B-3 B-4 F5 F4 D5 B-1 B-2 E-3 F3,10,M
1791.5,C4 B-3 B-4 F5 F4 C5 B-1 B-2 D3 F3,10,M
1791.75,B-3 B-4 F5 F4 B-1 B-2 D3 F3,10,M
1792.0,B-4 G4 B-3 C6 C5 G5 B-1 B-2 E-3 F3,10,M
1793.0,B-4 F#4 B-3 C6 C5 F#5 B-1 B-2 E-4 F3,10,M
1793.5,F#5 F#4 B-3 B-4 D6 D5 B-1 B-2 E-4 F3,10,M
1794.0,F#4 B-3 B-4 E-6 E-5 F#5 B-1 B-2 C4 F3,10,M
1794.5,E-5 C4 B-3 B-4 E-6 C5 B-1 B-2 F3,10,M
1795.0,A4 D4 B-3 B-4 E-6 E-5 D5 B-1 B-2 F3,10,M
1795.5,A4 E-4 B-3 B-4 D6 D5 E-5 B-1 B-2 F3,10,M
1795.75,A4 E-4 B-3 B-4 C6 C5 E-5 B-1 B-2 F3,10,M
1796.0,F4 B-3 B-4 D6 D5 F5 B-1 B-2 D4 F3,10,M
1796.5,F4 B-3 B-4 D6 D5 F5 B-1 B-2 F3 D4,10,M
1797.0,F4 B-3 B-4 D6 D5 F3 F5 B-1 B-2 D4,10,M
1797.5,G3 F4 B-3 B-4 E-6 E-5 F3 G4 B-1 B-2 C4,10,M
1798.0,A3 F4 B-3 B-4 D6 D5 F3 A4 B-1 B-2 D4 D3,10,M
1798.5,B-3 B-4 G6 G5 D3 B-1 B-2 E3,10,M
1799.0,D4 B-3 B-4 G6 G5 E3 D5 B-1 B-2 D3,10,M
1799.25,D4 B-3 B-4 F6 F5 E3 D5 B-1 B-2,10,M
1799.5,G4 B-3 B-4 E6 E5 D3 G5 B-1 B-2,10,M
1799.75,G4 B-3 B-4 D6 D5 E3 G5 B-1 B-2,10,M
1800.0,A5 A3 E4 D6 D5 E5 A1 A2 B3,10,M
1800.5,A5 A3 E4 D6 D5 E5 B3,10,M
1800.75,G#5 A3 E4 D6 D5 E5 B3,10,M
1801.0,A5 A3 E4 C#6 C#5 E5 C#4,10,M
1801.5,F5,10,M
1801.75,G5,10,M
1802.0,F6 F5 C5 A5,10,M
1802.5,E6 E5 B-4 G5,10,M
1803.0,D6 D5 A4 F5,10,M
1803.5,C#6 C#5 G4 E5,10,M
1804.0,C5 E4 C6 E5 D2 D3 D4,10,M
1804.5,D5 E4 C6 C5 E5 D2 D3 D4,10,M
1805.0,F4 B-5 B-4 F5 D2 D3 D4,10,M
1805.5,B-5 D2 D3 D4,10,M
1806.0,F3 B-5 B-4 D4 F5 F1 F2,10,M
1806.5,F3 E-6 E-5 B-4 G5 F1 F2,10,M
1807.0,F3 G5 G4 D4 B-4 F1 F2,10,M
1807.5,F3 F#5 F#4 E-4 C5 F1 F2,10,M
1808.0,A4 F#3 F#5 F#4 E-4 C5 B-2 C4,10,M
1808.5,B-4 F#3 F#5 F#4 E-4 C5 B-2 C4,10,M
1809.0,C5 F#3 F#5 F4 D5 B-2 D4,10,M
1809.5,F5 F#3 G5 G4 D4 D5 B-2,10,M
1809.75,F5 F#3 A5 A4 D4 D5 B-2,10,M
1810.0,D3 B-5 B-4 F4 D5 D2,10,M
1810.5,D3 C6 C5 G4 E-5 D2,10,M
1811.0,D3 C6 C5 E-4 G4 D2,10,M
1811.5,D3 F#5 F#4 C4 A4 D2,6,M
1812.0,C#5 F#5 F#4 C#4 B-4 C#2 B-3,6,M
1812.5,F#5 C#4 F#4 B-4 C#2 B-3,6,M
1813.0,B-5 F#4 C#4 F#5 B-3 C#2,6,M
1813.5,C#6 F#4 C#4 C#5 B-4 C#2 B-3,6,M
1814.0,F#4 C#4 G5 G4 B-4 E-5 C#2 B-3,6,M
1814.5,F#4 C#4 C#5 B-4 C#2 B-3,6,M
1815.0,C#4 F#4 G5 G4 B-4 C#2 B-3,6,M
1815.5,C#4 G#5 G#4 E-5 C#2 B3,6,M
1816.0,B-5 B-4 C#4 F#5 C#2 B-3,6,M
1817.0,F#5 C#4 B-4 C#2 F#4,6,M
1817.5,C#4 G#5 G#4 C#5 C#2 B3,6,M
1818.0,C#4 F#4 B-5 B-4 F#5 C#2 B-3,6,M
1818.5,F#4 C#4 B-5 B-4 F#3 C#5 C#2 B-3,6,M
1819.0,C#4 F#4 B-5 B-4 F#5 C#2 B-3,6,M
1819.5,C#4 C#6 C#5 F4 G#5 C#2 B3,6,M
1820.0,B-4 D4 F6 F5 G#4 B-5 D2 B-3 F4,6,M
1821.5,B-4 D4 F5 F4 G#4 B-5 D2 B-3,6,M
1822.0,B-4 D4 B-5 G#4 D2 B-3 F4,6,M
1822.5,B-4 D4 F5 F4 G#4 B-5 D2 B-3,6,M
1823.0,B-4 D4 B-5 G#4 D2 B-3 F4,6,M
1823.5,B-4 D4 D6 D5 G#4 B-5 D2 B-3 F4,3,m
1824.0,B-4 D4 F6 F5 G#4 B-5 D2 B-3 F4,3,m
1825.5,B-4 D4 F5 F4 G#4 B-5 D2 B-3,?,?
1826.0,B-4 D4 B-5 G#4 D2 B-3 F4,?,?
1826.5,B-4 D4 D6 D5 G#4 B-5 D2 B-3 F4,?,?
1827.0,B4 D4 E6 E5 G#4 B5 D2 B3 F4,?,?
1827.5,B4 D4 F6 F5 G#4 B5 D2 B3 F4,?,?
1828.0,B4 C#4 G6 G5 G4 E5 B5 C#2 E4 B3,?,?
1829.5,B4 C#4 G5 G4 E5 B5 C#2 E4 B3,11,m
1830.0,B4 C#4 C#6 C#5 G4 E5 B5 C#2 E4 B3,11,m
1830.5,B4 C#4 G5 G4 E5 B5 C#2 E4 B3,11,m
1831.0,B4 C#4 C#6 C#5 G4 E5 B5 C#2 E4 B3,11,m
1831.5,B4 C#4 E6 E5 G4 B5 C#2 E4 B3,11,m
1832.0,B-4 C#4 G6 G5 G4 E5 B-5 C#2 B-3 E4,11,m
1836.0,B5 B4 B3 F#3 B2 B1,11,m
1836.5,F#5 F#4 B3 F#3 B2 B1 B4 B5,11,m
1837.0,D5 D4 B3 F#3 F#2 B4 B5,11,m
1837.5,C#5 C#4 B3 B2 B4 B5,11,m
1838.0,B4 B3 F#4 F#3 F#2 F#5,11,m
1838.5,D4 F#3 F#2 B4 F#4 F#5,11,m
1839.0,B3 D5 D4 D3 F#5 F#4,11,m
1839.5,F#3 F#5 F#4 D4 D3 B5,11,m
1840.0,B5 B4 B3 F#4 F#3 B2 B1 F#5 E4,11,m
1840.5,D5 D4 B3 F#3 B2 B1 F#5 B4 B5 E4,11,m
1841.0,D5 D4 B3 F#3 F#2 D6 B4 B5 F#4,11,m
1841.5,F#4 F#3 B3 B2 D6 B4 B5,11,m
1842.0,B4 B3 F#4 F#3 F#2 F#5,11,m
1842.5,D4 F#3 F#2 B4 F#4 F#5,11,m
1843.0,D4 D6 D5 F#4,11,m
1843.5,F#3 C#6 C#5 F#4,11,m
1844.0,A5 A4 B3 F#4 C6 C5 E-3 B2 B1 B4 B5,11,m
1844.5,F#5 F#4 B3 C6 C5 E-3 B2 B1 B4 B5,11,m
1845.0,E-5 E-4 B3 C6 C5 F#3 F#2 B4 B5 F#4,11,m
1845.5,B4 C6 C5 B3 B2 B5 F#4,11,m
1846.0,A5 A4 F#4 C6 C5 F#3 F#2 F#5,11,m
1846.5,E-4 B5 B4 F#3 F#2 F#4 F#5,?,?
1847.0,B3 A5 A4 E-4 B2 F#4,?,?
1847.5,E-4 G5 B3 B2 G4,?,?
1848.0,A5 A4 B3 F#4 F#5 E-3 B2 B1 B5 B4,?,?
1848.5,E-5 E-4 B3 F#5 F#4 E-3 B2 B1 B5 B4,?,?
1849.0,E5 E4 B3 F#5 F#4 F#3 F#2 B5 B4,?,?
1849.5,F#5 F#4 B3 B2 B4 B5,?,?
1850.0,F#5 F#4 A4 B2 B1 B3 B4,?,?
1850.5,E-4 B2 B1 B3 B4,11,m
1851.0,E4,11,m
1851.5,F#4,11,m
1852.0,G6 G5 B4 E5 C#4 B2 B1 B3 G4 F#3,11,m
1852.5,E6 E5 B4 C#4 G6 G5 B2 B1 B3 G4 F#3,11,m
1853.0,B-5 B4 E5 C#4 B2 G6 G5 C#5 B3 G4 F#3,11,m
1853.5,G5 G4 B4 E5 C#4 G6 B2 B1 B3 F#3,11,m
1854.0,G5 G4 C#5 B4 E5 B3 C#4 G6 B2 B1 F#3,11,m
1854.5,B4 E5 G6 G5 C#4 B2 B1 B3 G4,11,m
1855.0,G4 B4 E5 C#6 C#5 B3,11,m
1855.5,E4 B4 C#5 F#6 F#5 B3 G4,11,m
1856.0,G6 G5 E4 B4 E5 B3 C#4 B2 B1 G4 F#3,11,m
1856.5,E6 E5 B4 C#4 G6 G5 B2 B1 B3 G4 F#3,11,m
1857.0,B-5 B4 E5 C#4 B2 G6 G5 C#5 B3 G4 F#3,11,m
1857.5,G5 G4 B4 E5 C#4 G6 B2 B1 B3 F#3,11,m
1858.0,G5 G4 B4 E5 B3 C#4 E6 B2 B1 F#3,11,m
1858.5,G4 B4 D6 D5 C#4 B2 B1 B3,11,m
1859.0,G4 B4 C#6 C#5 B3,11,m
1859.5,E4 B4 B5 B3,11,m
1860.0,B-5 E4 B4 C#4 B-4 B2 B1 B3 F#3,11,m
1860.5,G5 B4 C#4 E4 B2 B-5 B-4 B1 B3 F#3,11,m
1861.0,B4 C#4 E4 B2 B-5 B-4 E5 B3 F#3,11,m
1861.5,B-4 B4 C#4 E4 B2 B-5 B1 B3 F#3,11,m
1862.0,B-4 E5 B4 C#4 E4 B2 B-5 B1 B3 F#3,11,m
1862.5,F#5 B4 B-5 B-4 E4 B2 B1 B3,11,m
1863.0,E5 B4 B5 B3,11,m
1863.5,G4 B4 C#6 C#5 B3,11,m
1864.0,B5 F#4 B4 D4 B2 B1 B3 F#3,11,m
1864.5,F#5 D4 F#4 B2 B5 B4 B1 B3 F#3,11,m
1865.0,D5 D4 F#4 B2 B5 B4 F#5 B3 F#3,11,m
1865.5,C#5 B4 D4 F#4 B2 B5 B1 B3 F#3,11,m
1866.0,B4 F#5 D4 F#4 B2 B3 F#3,11,m
1866.5,G5 F#4 B3 B2,11,m
1867.0,F#5,11,m
1867.5,F#4,11,m
1868.0,D4 A4 D3 D6 D2 D1 D5,11,m
1868.125,D4 A4 D3 D6 D2 D1 D5,11,m
1868.25,D4 A4 D3 D6 D2 D1 D5,11,m
1868.375,D6 D4 A4 D3 D2 D1 D5,11,m
1868.5,A5 D4 A4 D3 D6 D2 D1 D5,11,m
1868.625,A5 D4 D3 D6 D2 D1 A4 D5,11,m
1868.75,A5 D4 D3 D6 D2 D1 A4 D5,11,m
1868.875,A5 D4 A4 D3 D6 D2 D1 D5,11,m
1869.0,F5 D4 A4 D3 D6 A3 A2 A1 F4 D5,11,m
1869.125,F5 D4 A4 D3 D6 A3 A2 A1 F4 D5,2,m
1869.25,F5 D4 A4 D3 D6 A3 A2 A1 F4 D5,2,m
1869.375,F5 D4 A4 D3 D6 A3 A2 A1 F4 D5,2,m
1869.5,E5 D4 A4 D3 D6 D2 E4 D5,2,m
1869.625,E5 A4 D3 D6 D4 D2 E4 D5,2,m
1869.75,E5 A4 D3 D6 D4 D2 E4 D5,2,m
1869.875,E5 D4 A4 D3 D6 D2 E4 D5,2,m
1870.0,D5 D3 A5 A3 A2 A1 D4 A4,2,m
1870.125,D5 D3 A5 A3 A2 A1 D4 A4,2,m
1870.25,D5 D3 A5 A3 A2 A1 D4 A4,2,m
1870.375,D5 D4 D3 A5 A3 A2 A1 A4,2,m
1870.5,D4 D5 D3 A5 A3 A2 A1 F4 A4,2,m
1870.625,D4 D5 D3 A5 A3 A2 A1 F4 A4,2,m
1870.75,D4 D5 D3 A5 A3 A2 A1 F4 A4,2,m
1870.875,D4 D5 D3 A5 A3 A2 A1 F4 A4,2,m
1871.0,D4 A4 D5 D3 F5 F3 F2 F4,2,m
1871.125,A4 D5 D3 F5 F3 F2 D4 F4,2,m
1871.25,A4 D5 D3 F5 F3 F2 D4 F4,2,m
1871.375,D4 A4 D5 D3 F5 F3 F2 F4,2,m
1871.5,D4 D5 D3 A5 F4 F3 F2 A3 A4,2,m
1871.625,D4 D5 D3 A5 F4 F3 F2 A3 A4,2,m
1871.75,D4 D5 D3 A5 F4 F3 F2 A3 A4,2,m
1871.875,D4 D5 D3 A5 F4 F3 F2 A3 A4,2,m
1872.0,D4 A4 D3 D6 D2 D5,2,m
1872.125,D4 D3 D6 D2 A4 D5,2,m
1872.25,D4 D3 D6 D2 A4 D5,2,m
1872.375,D6 D4 A4 D3 D2 D5,2,m
1872.5,E5 D4 A4 D3 D6 D2 E4 D5,2,m
1872.625,E5 D4 A4 D3 D6 D2 E4 D5,2,m
1872.75,E5 D4 A4 D3 D6 D2 E4 D5,2,m
1872.875,E5 D4 A4 D3 D6 D2 E4 D5,2,m
1873.0,F5 D4 A4 D3 D6 A3 A2 A1 F4 D5,2,m
1873.125,F5 D4 A4 D3 D6 A3 A2 A1 F4 D5,2,m
1873.25,F5 D4 A4 D3 D6 A3 A2 A1 F4 D5,2,m
1873.375,F5 D4 A4 D3 D6 A3 A2 A1 F4 D5,2,m
1873.5,E5 D4 A4 D3 D6 D2 E4 D5,2,m
1873.625,E5 A4 D3 D6 D4 D2 E4 D5,2,m
1873.75,E5 A4 D3 D6 D4 D2 E4 D5,2,m
1873.875,E5 D4 A4 D3 D6 D2 E4 D5,2,m
1874.0,F4 D4 D5 D3 A5 A2 A1 A3 A4,2,m
1874.125,F4 D5 D3 A5 A2 A1 D4 A3 A4,2,m
1874.25,F4 D5 D3 A5 A2 A1 D4 A3 A4,2,m
1874.375,D5 F4 D4 D3 A5 A2 A1 A3 A4,2,m
1874.5,F4 D4 D5 D3 A5 A2 A1 A3 A4,2,m
1874.625,D4 D5 D3 A5 A2 A1 F4 A3 A4,2,m
1874.75,D4 D5 D3 A5 A2 A1 F4 A3 A4,2,m
1874.875,D4 D5 D3 A5 A3 A2 A1 F4 A4,2,m
1875.0,G4 D4 A4 D5 D3 F6 A3 F5,2,m
1875.125,G4 A4 D5 D3 F6 D4 A3 F5,2,m
1875.25,G4 A4 D5 D3 F6 D4 A3 F5,2,m
1875.375,G4 D4 A4 D5 D3 F6 A3 F5,2,m
1875.5,G4 D4 A4 D5 D3 E6 A3 E5,2,m
1875.625,G4 D4 A4 D5 D3 E6 A3 E5,2,m
1875.75,G4 D4 A4 D5 D3 E6 A3 E5,2,m
1875.875,G4 D4 A4 D5 D3 E6 A3 E5,2,m
1876.0,D4 D3 D6 D2 A4 A3 D5,2,m
1876.125,D4 D3 D6 D2 A4 A3 D5,2,m
1876.25,D4 D3 D6 D2 A4 A3 D5,2,m
1876.375,D6 D4 A4 D3 D2 A3 D5,2,m
1876.5,F5 D4 A4 D3 D6 D2 F4 A3 D5,2,m
1876.625,F5 D4 A4 D3 D6 D2 F4 A3 D5,2,m
1876.75,F5 D4 A4 D3 D6 D2 F4 A3 D5,2,m
1876.875,F5 D4 A4 D3 D6 D2 F4 A3 D5,2,m
1877.0,G5 D4 A4 F5 D3 D6 A2 A1 G4 A3 D5,2,m
1877.125,G5 D4 A4 F5 D3 D6 A2 A1 G4 A3 D5,2,m
1877.25,G5 D4 A4 F5 D3 D6 A2 A1 G4 A3 D5,2,m
1877.375,G5 D4 A4 F5 D3 D6 A3 A2 A1 G4 D5,2,m
1877.5,A5 D4 A4 E5 D3 D6 D2 A3 D5,2,m
1877.625,A5 E5 D3 D6 D4 D2 A4 A3 D5,2,m
1877.75,A5 E5 D3 D6 D4 D2 A4 A3 D5,2,m
1877.875,A5 D4 A4 E5 D3 D6 D2 A3 D5,2,m
1878.0,D4 A4 D5 D3 D6 A3 A2 A1,2,m
1878.125,D3 D6 A3 A2 A1 A4 D4 D5,2,m
1878.25,D3 D6 A3 A2 A1 A4 D4 D5,2,m
1878.375,A4 D3 D6 A3 A2 A1 D4 D5,2,m
1878.5,D5 D3 A5 A3 A2 A1 F4 D4 A4,2,m
1878.625,D5 D3 A5 A3 A2 A1 F4 D4 A4,2,m
1878.75,D5 D3 A5 A3 A2 A1 F4 D4 A4,2,m
1878.875,D4 D5 D3 A5 A3 A2 A1 F4 A4,2,m
1879.0,D4 A4 D5 D3 F5 F3 F2 F4,2,m
1879.125,A4 D5 D3 F5 F3 F2 D4 F4,2,m
1879.25,A4 D5 D3 F5 F3 F2 D4 F4,2,m
1879.375,D4 A4 D5 D3 F5 F3 F2 F4,2,m
1879.5,D4 D5 D3 A5 F3 F2 A3 F4 A4,2,m
1879.625,D4 D5 D3 A5 F3 F2 A3 F4 A4,2,m
1879.75,D4 D5 D3 A5 F3 F2 A3 F4 A4,2,m
1879.875,D4 D5 D3 A5 F3 F2 A3 F4 A4,2,m
1880.0,D4 A4 D3 D6 D2 D5,2,m
1880.125,D4 D3 D6 D2 A4 D5,2,m
1880.25,D4 D3 D6 D2 A4 D5,2,m
1880.375,D6 D4 D3 D2 A4 D5,2,m
1880.5,F5 D4 D3 D6 D2 F4 A4 D5,2,m
1880.625,F5 D4 D3 D6 D2 F4 A4 D5,2,m
1880.75,F5 D4 D3 D6 D2 F4 A4 D5,2,m
1880.875,F5 D4 D3 D6 D2 F4 A4 D5,2,m
1881.0,E5 D4 F4 D3 D6 A3 A2 A1 E4 A4 D5,2,m
1881.125,E5 D4 F4 D3 D6 A3 A2 A1 E4 A4 D5,2,m
1881.25,E5 D4 F4 D3 D6 A3 A2 A1 E4 A4 D5,2,m
1881.375,E5 D4 F4 D3 D6 A3 A2 A1 E4 A4 D5,2,m
1881.5,D5 D4 D3 D6 D2 A4,2,m
1881.625,D3 D6 D2 D4 A4 D5,2,m
1881.75,D3 D6 D2 D4 A4 D5,2,m
1881.875,D4 A4 D3 D6 D2 D5,2,m
1882.0,D5 A4 D3 D2 G4 D4,2,m
1882.5,A4 D5 D3 D2 A3 F4 D4,2,m
1883.0,A4 E4,2,m
1883.5,B-4 F4 D4,2,m
1884.0,F#6 F#3 E-4 B5 B3 B1 F#5 F#4 B4 B2,2,m
1884.5,E-6 F#3 E-4 B5 B3 B2 B1 E-5 F#4 B4,11,M
1885.0,F#5 E-4 F#3 B5 B-4 B-3 B-2 F#4 B4 B2,11,M
1885.5,E-5 B3 F#3 E-4 B5 B2 F#4 B4,11,M
1885.75,E-5 E-4 F#3 B5 B3 B2 G#4 B4,11,M
1886.0,E-5 F#3 E-4 B5 B3 B2 F#4 B4,11,M
1886.5,F#3 E-4 B5 B3 B2 F#4 B4,11,M
1887.0,F5 B4 F#3 E-4 E-6 B3 F4 E-5 B2,11,M
1887.5,B4 E-5 F#3 E-4 B-5 F4 B-4 B2,11,M
1888.0,F#6 E-5 F#3 E-4 B5 B3 B2 B1 F#5 F#4 B4,11,M
1888.5,E-6 E-5 F#3 E-4 B5 B3 B2 B1 F#4 B4,11,M
1889.0,F#5 F#3 E-4 B5 G#4 G#3 G#2 F#4 B3 B4 B2,11,M
1889.5,E-5 F#3 E-4 B5 B-4 B-3 B-2 F#4 B4 B2,11,M
1890.0,E-5 F#3 E-4 B5 B3 B2 F#4 B4,11,M
1890.5,F#3 E-4 B5 B3 B2 B4 F#4,11,M
1891.0,E-4 B4 F#3 F#5 B3 F#4 B2,11,M
1891.3333333333333,C#4 F#3 E-4 F#5 B3 B4 F#4 B2,11,M
1891.5,C#4 F#3 E-4 B-5 B-4 B2,11,M
1891.6666666666667,B3 F#3 E-4 B-5 B-4 B2,11,M
1892.0,F#6 B-4 F#3 E-4 B5 B3 B2 B1 F#5 B4 E-5,11,M
1892.5,E-6 B-4 F#3 E-4 B5 B3 B2 B1 E-5 B4,11,M
1893.0,F#5 G#4 E-4 F#3 B5 B-4 B-3 B-2 F#4 B4 E-5 B2,11,M
1893.5,E-5 G#4 B3 F#3 E-4 B5 B2 B4,11,M
1893.75,E-5 G#4 E-4 F#3 B5 B3 B2 B4,11,M
1894.0,E-5 F#4 F#3 E-4 B5 B3 B2 B4,11,M
1894.5,F#4 F#3 E-4 B5 B3 B2 B4 E-5,11,M
1895.0,F4 B4 F#3 E-4 E-6 B3 E-5 B2,11,M
1895.5,F4 E-5 F#3 E-4 B-5 B-4 B2,3,m
1896.0,F#6 F#4 E-5 F#3 E-4 B5 B3 B2 B1 F#5 B4,3,m
1896.5,E-6 F#4 E-5 F#3 E-4 B5 B4 B3 B2 B1,3,m
1897.0,F#5 F#4 F#3 E-4 B5 B4 G#4 G#3 G#2 B2,3,m
1897.5,E-5 F#4 F#3 E-4 B5 B4 B-4 B-3 B-2 B2,3,m
1898.0,E-5 F#3 E-4 B5 B4 B3 B2 F#4,3,m
1898.5,B5 B4 B3 B2,3,m
1899.0,F#5 F#4 B3,3,m
1899.5,G#5 G#4 F#3,3,m
1900.0,F4 B-4 B-3 B-2 B-1 B-5,3,m
1900.5,B-3 F4 B-5 B-4 B-2 B-1 F5,3,m
1901.0,B-3 F4 B-5 B-4 F3 F2 F5,3,m
1901.5,B-3 F4 B-5 B-2 B-4,3,m
1902.0,B-3 F4 B-5 B-2 B-4,3,m
1902.5,B-3 F4 B-5 B-4 B-2,3,m
1903.0,B-3 F4 F#5 F#4,3,m
1903.5,F4 B-3 G#5 G#4 F3,3,m
1904.0,F4 B-3 B-4 B-2 B-1 B-5 F3,3,m
1904.5,B-3 F4 B-5 B-4 B-2 B-1 F5,3,m
1905.0,E-3 B-3 F4 B-5 B-4 F3 F2 F5,3,m
1905.5,F3 F4 B-3 B-5 B-2 B-4,10,m
1906.0,F3 C4 B-3 F4 B-5 B-2 B-4,10,m
1906.5,F3 C4 B-3 F4 B-5 B-4 B-2,10,m
1907.0,B-5 F3 C#4 B-3 F4 F6 F5,10,m
1907.5,B-5 F3 C#4 B-3 F4 C#6 C#5,10,m
1908.0,G#3 E-4 B-3 F4 B-4 B-2 B-1 B-5 F3,10,m
1908.5,G#3 E-4 B-3 F4 B-5 B-4 B-2 B-1 F5,10,m
1909.0,G#3 E-4 B-3 F4 B-5 B-4 F3 F2 F5,10,m
1909.5,E-3 E-4 B-3 F4 B-5 B-2 B-4,?,?
1910.0,D3 E-4 B-3 F4 B-5 B-2 B-4,?,?
1910.5,D3 E-4 B-3 F4 B-5 B-4 B-2,10,m
1911.0,D3 F4 B-3 C#6 C#5,10,m
1911.5,D3 F4 B-3 C6 C5 F3,10,m
1912.0,D3 F4 B-3 B-4 B-2 B-1 B-5 F3,10,m
1912.5,D3 B-3 F4 B-5 B-4 B-2 B-1 F5,10,m
1913.0,B-3 F4 B-5 B-4 F3 F2 F5,10,m
1913.5,F4 B-3 B-5 B-2 B-4,6,M
1914.0,B-3 F4 B-2 B-4,6,M
1914.5,B-4 B-3 B-2,6,M
1915.0,B-3,6,M
1915.5,C4,6,M
1916.0,B-3 C#4 B-5 B-4 C#3 F#2 F#1 F#4,6,M
1916.5,B-3 C#4 B-5 B-4 F#3 F#2 F#1 C#3 F#4,6,M
1917.0,B-3 C#4 B-5 B-4 C#3 C#2 F#4,6,M
1917.5,B-3 C#4 B-5 B-4 F#3 F#2 C#3 F#4,6,M
1918.0,B-3 C#4 B-4 B-5 C#3 C#2,6,M
1918.5,B-3 C#4 B-4 B-5 C#3 C#2 F4,6,M
1919.0,B-3 C#4 B-4 C5 C4 B-2 F#4 C#3,6,M
1919.5,B-3 C#4 B-4 C5 C4 B-2 G#4 C#3 F#4,6,M
1920.0,B-5 B-3 C#4 C#5 C#3 F#2 F#1 B-4 F#4,6,M
1920.5,B-5 B-3 F#4 C#5 C#4 F#3 F#2 F#1 C#3,6,m
1921.0,B-5 B-3 C#5 C#4 C#3 C#2 F#4,6,m
1921.5,B-5 B-3 B-4 C#5 C#4 F#3 F#2 C#3 F#4,6,m
1922.0,B-5 B-3 C#4 E-4 C#5 F#2 F#1 C#3,6,m
1922.5,B-5 B-3 C#4 E-4 F5 F4 F#2 F#1 B4 C#3,6,m
1923.0,C#5 B3 C#4 F4 F#5 F#4 G#4 C#3,6,m
1923.5,C#5 B3 C#4 F4 G#5 G#4 C#3,6,m
1924.0,C#5 C#4 A3 A5 A4 C#3 F#2 F#1 F#4,6,m
1924.5,C#5 C#4 A3 A5 A4 F#3 F#2 F#1 C#3 F#4,6,m
1925.0,C#5 C#4 A3 A5 A4 B3 C#3 C#2 F#4,6,m
1925.5,C#5 C#4 A3 A5 A4 F#3 F#2 C#3 F#4,6,m
1926.0,C#5 C#4 A3 A5 A4 C#3 C#2 F#4,6,m
1926.5,C#4 A3 C#5 A5 A4 C#3 C#2 F#4,6,m
1927.0,C#4 A3 C#5 D5 D4 A2 F#4 C#3,6,m
1927.5,C#4 C#5 A3 A2 C#3,6,m
1928.0,C#6 B3 C#4 F3 F#2 F#1 C#5 B4,6,m
1928.5,C#6 B3 C#5 C#4 G#3 F#2 F#1 F3 B4,6,m
1929.0,C#6 B3 C#5 C#4 A3 C#3 C#2 F3 B4,6,m
1929.5,C#6 B3 C#5 C#4 G#3 G#2 F3 B4,6,m
1930.0,C#6 C#4 B3 C#5 C#3 C#2 F4 G#3,6,m
1930.5,C#6 C#4 B3 C#5 D5 D4 C#3 C#2 G#3,6,m
1931.0,G#5 C#4 B3 F#5 F#4 B2 C#5 G#3,6,m
1931.5,G#5 C#4 F5 F4 B3 B2 C#5 G#3,6,m
1932.0,F3 F5 C5 A1 A2 F4 C4 C3,6,m
1932.5,F3 F5 A4 A1 A2 F4 C4 C5 C3,6,m
1933.0,F3 F5 F2 A2 F4 C4 C5 C3,6,m
1933.5,F3 F5 A3 G3 G2 A2 F4 C4 C5 C3,6,m
1934.0,C4 F3 F5 F2 A2 F4 A4 C3,6,m
1934.5,F3 F5 F2 G4 A2 F4 C4 A4 C3,7,m
1935.0,F3 E-6 C3 E-5 F4 A2 C4 G4,7,m
1935.5,F3 E-6 C3 E-5 F5 A2 F4 C4,7,m
1936.0,F#3 D6 C5 A1 A5 A2 D4 F#4 C4 D5 C3,7,m
1936.5,C4 F#3 D6 A4 A1 A2 D4 F#4 D5 C3,7,m
1937.0,A4 F#3 D6 F#2 A2 D4 F#4 C4 D5 C3,7,m
1937.5,A4 F#3 D6 D4 G3 G2 D5 A2 F#4 C4 C3,7,m
1938.0,A4 D5 F#3 D6 D4 F#2 A5 A2 F#4 C4 C3,7,m
1938.5,A4 D5 F#3 E5 E4 F#2 A2 F#4 C4 C3,7,m
1939.0,A4 D4 F#3 E5 E4 C4 C3 C5 A2 F#4,7,m
1939.5,A4 D4 F#3 F#5 F#4 A2 C4 C3,7,m
1940.0,B-4 D5 F#3 F#5 C#5 B-1 B-2 F#4 C#4 C#3,7,m
1940.5,B-4 D5 F#3 F#5 B-1 B-2 F#4 C#4 C#5 C#3,7,m
1941.0,B-4 D5 F#3 F#5 F#2 B-2 F#4 C#4 C#5 C#3,7,m
1941.5,B-4 D5 F#3 F#5 B-3 G#3 G#2 B-2 F#4 C#4 C#5 C#3,7,m
1942.0,B-4 C#4 D5 F#3 F#5 F#2 B-2 F#4 C#3,7,m
1942.5,F#3 F#5 F#2 G#4 B-2 F#4 C#4 B-4 C#3,8,m
1943.0,E5 F#3 E6 F#4 C#3 B-2 C#4 G#4,8,m
1943.5,E5 F#3 E6 C#3 F#5 B-2 F#4 C#4,8,m
1944.0,G3 E-6 E-5 C#5 B-1 B-5 B-2 E-4 G4 C#4 C#3,8,m
1944.5,C#4 G3 E-6 E-5 B-4 B-1 B-2 E-4 G4 C#3,0,m
1945.0,B-4 G3 E-6 E-5 G2 B-2 E-4 G4 C#4 C#3,0,m
1945.5,B-4 G3 E-6 E-5 E-4 G#3 G#2 B-2 G4 C#4 C#3,0,m
1946.0,B-4 G3 E-6 E-5 E-4 G2 B-5 B-2 G4 C#4 C#3,0,m
1946.5,B-4 E-5 G3 E6 G2 E5 B-2 G4 C#4 C#3,0,m
1947.0,B-4 G4 G3 E6 E5 C#4 C#3 B-5 B-2,0,m
1947.5,B-4 G3 E-6 E-5 B-2 G4 C#4 C#3,0,m
1948.0,G3 G5 B1 D4 D5 B2 G4 D3,0,m
1948.5,G3 G5 B1 E-4 B2 G4 D4 D3,0,m
1949.0,G3 G5 B1 F4 B2 G4 D4 D3,0,m
1949.5,G#4 G3 G5 G#3 B1 F#4 B2 G4 D4 D3,0,m
1950.0,G3 G5 B1 B2 G4 D4 D3,0,m
1950.5,G3 G5 B1 F5 B2 G4 D4 D3,0,m
1951.0,G4 G3 F6 F5 D4 B1 E-5 B2 D3,0,m
1951.5,G4 G3 F6 F5 D4 B1 D5 B2 D3,0,m
1952.0,G5 G#3 G3 G#5 C2 E-4 C3 G4 G#4 E-3,0,m
1952.5,G5 G4 G3 G#3 G#5 C2 F4 C3 E-4 G#4 E-3,0,m
1953.0,G5 C4 G4 G3 G#3 G#5 C2 F4 C3 E-4 G#4 E-3,0,m
1953.5,G5 C4 E-4 G3 G#3 G#5 E-3 C2 F#4 C3 G4 G#4,0,m
1954.0,G5 G4 G3 G#3 G#5 C2 C3 E-4 G#4 E-3,0,m
1954.5,G5 G3 G#3 G#5 C2 C3 G4 E-4 G#4 E-3,0,m
1955.0,G4 G3 G#3 G6 G5 E-4 C2 F5 C3 G#4 E-3,0,m
1955.5,G4 G3 G#3 G6 G5 E-4 C2 E-5 C3 G#4 E-3,0,m
1956.0,G5 B3 G3 B5 B4 D2 F4 D3 G4 G#4 F3,0,m
1956.5,G5 G4 G3 B3 B5 B4 D2 F#4 D3 F4 G#4 F3,0,m
1957.0,G5 D4 G3 B3 B5 B4 D2 G4 D3 F4 F3,0,m
1957.5,G5 D4 G#4 G3 B3 B5 B4 G#3 D2 F#4 D3 G4 F4 F3,0,m
1958.0,G5 G4 G3 B3 B5 B4 D2 D3 F4 F3,0,m
1958.5,G5 G3 B3 B5 B4 D2 G#5 D3 G4 F4 F3,0,m
1959.0,B4 G3 B3 G#6 G#5 F4 D2 G5 D3 E-4 G4 F3,0,m
1959.5,B4 G3 G#6 G#5 F4 D2 F5 D3 B3 D4 G4 F3,0,m
1960.0,G#5 E-5 G#3 C4 C6 C5 E-2 F#4 G#4 E-3 F#3,0,m
1960.5,G#5 E-5 G#3 C4 C6 C5 E-2 A4 E-3 F#4 G#4 F#3,0,m
1961.0,G#5 E-5 G#3 C4 C6 C5 G#4 E-2 F#4 E-3 F#3,0,m
1961.5,G#5 A4 E-5 G#3 C4 C6 C5 A3 E-2 E-3 F#4 G#4 F#3,0,m
1962.0,G#5 G#4 F#4 G#3 C4 C6 C5 E-2 E-3 F#3,0,m
1962.5,G#5 F#4 G#3 C4 C6 C5 E-2 A5 E-3 G#4 F#3,1,m
1963.0,C5 G#3 C4 A6 A5 F#4 E-2 G#5 E-3 G#4 F#3,1,m
1963.5,C5 G#3 A6 A5 E-2 F#5 F#3 E-3 C4 F#4 G#4,1,m
1964.0,F#5 B-3 C#4 C#6 C#5 E2 B-4 E3 F#3 F#4,1,m
1964.5,F#5 B-3 C#4 C#6 C#5 E2 B4 E3 F#4 B-4 F#3,1,m
1965.0,F#5 F#4 B-3 C#4 C#6 C#5 E2 B-4 E3 F#3,1,m
1965.5,F#5 B4 C#4 B-3 C#6 C#5 B3 E2 E3 F#4 B-4 F#3,1,m
1965.75,F#5 B4 G#4 B-3 C#4 C#6 C#5 B3 E2 E3 F#4 B-4 F#3,1,m
1966.0,F#5 B-4 F#4 B-3 C#4 C#6 C#5 E2 E3 F#3,1,m
1966.5,F#5 B-3 C#4 C#6 C#5 E2 A5 E3 F#4 B-4 F#3,1,m
1967.0,C#5 B-3 C#4 A6 A5 F#4 E2 G#5 E3 B-4 F#3,1,m
1967.5,C#5 B-3 C#4 A6 A5 F#4 E2 F#5 E3 B-4 F#3,6,M
1968.0,B-5 B-3 C#4 C#6 C#5 E2 F#5 E3 F#4 B-4 F#3,6,M
1968.5,B-5 B-4 B-3 C#4 C#6 C#5 E2 B4 E3 F#4 F#3,6,M
1969.0,B-5 B-4 B-3 C#4 C#6 C#5 E2 C5 E3 F#4 F#3,6,M
1969.5,B-5 B-4 B4 B-3 C#4 C#6 C#5 B3 E2 E3 F#4 F#3,6,M
1970.0,B-5 B-4 B-3 C#4 C#6 C#5 E2 E3 F#4 F#3,6,M
1970.5,B-5 B-3 C#4 C#6 C#5 E2 E3 F#4 B-4 F#3,6,M
1971.0,C#5 B-3 C#4 B-6 B-5 F#4 E2 G#5 E3 B-4 F#3,6,M
1971.5,C#5 F#4 B-3 B-6 B-5 E2 F#5 E3 C#4 B-4 F#3,6,M
1972.0,B-6 B-5 B-4 B-3 F#4 F1 F#5 E-5 F2 F3 E-4 C#4,6,M
1972.125,B-6 B-5 B-4 B-3 F#4 F1 F#5 E-5 F2 F3 E-4 C#4,6,M
1972.25,B-6 B-5 B-4 B-3 F#4 F1 F#5 E-5 F2 F3 E-4 C#4,6,M
1972.375,B-6 B-5 B-4 B-3 F#4 F1 F#5 E-5 F2 F3 E-4 C#4,6,M
1972.5,B-6 B-5 B-4 B-3 F#4 F1 F5 F#5 F2 F3 F4 C#4,6,M
1972.625,B-6 B-5 B-4 B-3 F#4 F1 F#5 F5 F2 F3 F4 C#4,6,M
1972.75,B-6 B-5 B-4 B-3 F#4 F1 F#5 F5 F2 F3 F4 C#4,6,M
1972.875,B-6 B-5 B-4 B-3 F#4 F1 F#5 F5 F2 F3 F4 C#4,6,M
1973.0,B-6 B-5 B-4 B-3 F#4 E-5 F#5 F2 F3 E-4 C#4,6,M
1973.125,B-6 B-5 B-4 B-3 F#4 F#5 E-5 F2 F3 E-4 C#4,6,M
1973.25,B-6 B-5 B-4 B-3 F#4 F#5 E-5 F2 F3 E-4 C#4,6,M
1973.375,B-6 B-5 B-4 B-3 F#4 F#5 E-5 F2 F3 E-4 C#4,6,M
1973.5,B-6 B-5 B-4 B-3 F#4 C#3 F5 F#5 F2 C#4 F4,6,M
1973.625,B-6 B-5 B-4 B-3 F#4 C#3 F#5 F5 F2 F4 C#4,6,M
1973.75,B-6 B-5 B-4 B-3 F#4 C#3 F#5 F5 F2 F4 C#4,6,M
1973.875,B-6 B-5 B-4 B-3 F#4 C#3 F#5 F5 F2 C#4 F4,6,M
1974.0,B-6 B-5 B-4 B-3 F#4 B-2 F#5 E-5 F2 E-4 C#4,6,M
1974.125,B-6 B-5 B-2 F#5 E-5 F2 B-3 F#4 E-4 B-4 C#4,6,M
1974.25,B-6 B-5 B-2 F#5 E-5 F2 B-3 F#4 E-4 B-4 C#4,6,M
1974.375,B-6 B-5 B-4 F#4 B-2 F#5 E-5 F2 B-3 E-4 C#4,6,M
1974.5,E-6 E-5 B-4 F#4 B-2 F#5 C#6 F2 B-3 C#5 C#4,6,M
1974.625,E-6 E-5 B-4 F#4 B-2 F#5 C#6 F2 B-3 C#5 C#4,6,M
1974.75,E-6 E-5 B-4 F#4 B-2 F#5 C#6 F2 B-3 C#5 C#4,6,M
1974.875,E-6 E-5 B-4 B-3 F#4 B-2 F#5 C#6 F2 C#5 C#4,6,M
1975.0,B-5 B-4 B-3 F#3 F#5 C6 F2 F#4 C5 C#4,6,M
1975.125,B-5 B-4 B-3 F#3 F#5 C6 F2 F#4 C5 C#4,6,M
1975.25,B-5 B-4 B-3 F#3 F#5 C6 F2 F#4 C5 C#4,6,M
1975.375,B-5 B-4 F#4 B-3 F#3 F#5 C6 F2 C5 C#4,6,M
1975.5,E-6 E-5 B-4 B-3 F#3 F#5 B-5 F2 F#4 C#4,6,M
1975.625,E-6 E-5 B-3 F#3 F#5 B-5 F2 F#4 B-4 C#4,6,M
1975.75,E-6 E-5 B-3 F#3 F#5 B-5 F2 F#4 B-4 C#4,6,M
1975.875,E-6 E-5 B-4 B-3 F#4 F#3 F#5 B-5 F2 C#4,6,M
1976.0,B-6 B-5 B-4 B-3 F#4 F1 E-5 F#5 F2 F3 E-4 C#4,6,M
1976.125,B-6 B-5 B-3 F#4 F1 F#5 E-5 F2 F3 E-4 B-4 C#4,6,M
1976.25,B-6 B-5 B-3 F#4 F1 F#5 E-5 F2 F3 E-4 B-4 C#4,6,M
1976.375,B-6 B-5 B-4 B-3 F#4 F1 F#5 E-5 F2 F3 E-4 C#4,6,M
1976.5,B-6 B-5 B-4 B-3 F#4 F1 F5 F#5 F2 F3 F4 E-4 C#4,6,M
1976.625,B-6 B-5 B-4 B-3 F#4 F1 F#5 F5 F2 F3 F4 E-4 C#4,6,M
1976.75,B-6 B-5 B-4 B-3 F#4 F1 F#5 F5 F2 F3 F4 E-4 C#4,6,M
1976.875,B-6 B-5 B-3 B-4 F#4 F2 F1 F#5 F5 C#4 F3 F4 E-4,6,M
1977.0,B-6 B-5 B-3 B-4 F#4 F2 E-5 F#5 C#4 F3 E-4,6,M
1977.125,B-6 B-5 B-4 F#4 F#5 E-5 F2 F3 E-4 B-3 C#4,?,?
1977.25,B-6 B-5 B-4 F#4 F#5 E-5 F2 F3 E-4 B-3 C#4,?,?
1977.375,B-6 B-5 B-4 B-3 F#4 F#5 E-5 F2 F3 E-4 C#4,?,?
1977.5,B-6 B-5 B-4 B-3 F#4 C#3 F5 F#5 F2 C#4 F4 E-4,?,?
1977.625,B-6 B-5 B-4 B-3 F#4 C#3 F#5 F5 F2 F4 E-4 C#4,?,?
1977.75,B-6 B-5 B-4 B-3 F#4 C#3 F#5 F5 F2 F4 E-4 C#4,?,?
1977.875,B-6 B-5 B-3 B-4 F#4 F2 C#3 F#5 F5 F4 E-4 C#4,?,?
1978.0,B-5 B-3 F2 B-2 F#5 E-5 C#4 F#4 E-4 B-4,?,?
1978.125,B-5 B-2 F#5 E-5 F2 B-3 F#4 E-4 B-4 C#4,?,?
1978.25,B-5 B-2 F#5 E-5 F2 B-3 F#4 E-4 B-4 C#4,?,?
1978.375,B-5 B-4 F#4 B-2 F#5 E-5 F2 B-3 E-4 C#4,?,?
1978.5,B-5 B-4 F#4 B-2 F#5 C#6 F2 B-3 C#5 C#4,?,?
1978.625,B-5 B-4 F#4 B-2 F#5 C#6 F2 B-3 C#5 C#4,?,?
1978.75,B-5 B-4 F#4 B-2 F#5 C#6 F2 B-3 C#5 C#4,?,?
1978.875,B-5 B-3 B-4 F#4 F2 B-2 F#5 C#6 C#4 C#5,?,?
1979.0,B-5 B-3 B-4 F2 F#3 F#5 C6 C#4 F#4 C5,?,?
1979.125,B-5 B-4 B-3 F#3 F#5 C6 F2 F#4 C5 C#4,?,?
1979.25,B-5 B-4 B-3 F#3 F#5 C6 F2 F#4 C5 C#4,?,?
1979.375,B-5 B-4 B-3 F#3 F#5 C6 F2 F#4 C5 C#4,?,?
1979.5,B-5 B-4 F#4 B-3 F#3 F#5 F2 C#4,?,?
1979.625,B-3 F#3 F#5 B-5 F2 F#4 B-4 C#4,?,?
1979.75,B-3 F#3 F#5 B-5 F2 F#4 B-4 C#4,?,?
1979.875,B-3 F2 F#3 F#5 B-5 C#4 F#4 B-4,?,?
1980.0,B-6 B-5 B-3 B-4 F#4 F2 F1 E-5 F#5 C#4 F3 E-4,?,?
1980.125,B-6 B-5 B-3 F#4 F1 F#5 E-5 F2 F3 E-4 B-4 C#4,?,?
1980.25,B-6 B-5 B-3 F#4 F1 F#5 E-5 F2 F3 E-4 B-4 C#4,?,?
1980.375,B-6 B-5 B-4 B-3 F#4 F1 F#5 E-5 F2 F3 E-4 C#4,?,?
1980.5,B-6 B-5 B-4 B-3 F#4 F1 F5 F#5 F2 F3 F4 C#4,?,?
1980.625,B-6 B-5 B-4 B-3 F#4 F1 F#5 F5 F2 F3 F4 C#4,?,?
1980.75,B-6 B-5 B-4 B-3 F#4 F1 F#5 F5 F2 F3 F4 C#4,?,?
1980.875,B-6 B-5 B-4 B-3 F#4 F1 F#5 F5 F2 F3 F4 C#4,?,?
1981.0,B-6 B-5 B-4 B-3 F#4 F#3 F#2 E-5 F#5 F2 F3 E-4 C#4,?,?
1981.125,B-6 B-5 B-4 B-3 F#4 F#3 F#2 F#5 E-5 F2 F3 E-4 C#4,?,?
1981.25,B-6 B-5 B-4 B-3 F#4 F#3 F#2 F#5 E-5 F2 F3 E-4 C#4,?,?
1981.375,B-6 B-5 B-4 B-3 F#4 F#3 F#2 F#5 E-5 F2 F3 E-4 C#4,?,?
1981.5,B-6 B-5 B-4 B-3 F#4 C#3 F5 F#5 F2 C#4 F4,?,?
1981.625,B-6 B-5 B-4 B-3 F#4 C#3 F#5 F5 F2 F4 C#4,?,?
1981.75,B-6 B-5 B-4 B-3 F#4 C#3 F#5 F5 F2 F4 C#4,?,?
1981.875,B-6 B-5 B-4 B-3 F#4 C#3 F#5 F5 F2 C#4 F4,?,?
1982.0,B-6 B-5 B-4 B-3 F#4 B-2 F#5 E-5 F2 E-4 C#4,?,?
1982.125,B-6 B-5 B-2 F#5 E-5 F2 B-3 F#4 B-4 E-4 C#4,?,?
1982.25,B-6 B-5 B-2 F#5 E-5 F2 B-3 F#4 B-4 E-4 C#4,?,?
1982.375,B-6 B-5 F#4 B-2 F#5 E-5 F2 B-3 B-4 E-4 C#4,?,?
1982.5,E-6 E-5 F#4 B-2 F#5 C#6 F2 B-3 C#5 B-4 C#4,?,?
1982.625,E-6 E-5 F#4 B-2 F#5 C#6 F2 B-3 B-4 C#5 C#4,?,?
1982.75,E-6 E-5 F#4 B-2 F#5 C#6 F2 B-3 B-4 C#5 C#4,?,?
1982.875,E-6 E-5 B-3 F#4 B-2 F#5 C#6 F2 B-4 C#5 C#4,?,?
1983.0,B-5 B-4 B-3 F#3 F#5 C6 F2 F#4 C5 C#4,?,?
1983.125,B-5 B-3 F#3 F#5 C6 F2 F#4 B-4 C5 C#4,?,?
1983.25,B-5 B-3 F#3 F#5 C6 F2 F#4 B-4 C5 C#4,?,?
1983.375,B-5 F#4 B-3 F#3 F#5 C6 F2 B-4 C5 C#4,?,?
1983.5,E-6 E-5 B-4 B-3 F#3 F#5 B-5 F2 F#4 C#4,?,?
1983.625,E-6 E-5 B-3 F#3 F#5 B-5 F2 F#4 B-4 C#4,?,?
1983.75,E-6 E-5 B-3 F#3 F#5 B-5 F2 F#4 B-4 C#4,?,?
1983.875,E-6 E-5 B-4 B-3 F#4 F#3 F#5 B-5 F2 C#4,?,?
1984.0,B-6 B-5 B-4 B-3 F#4 F1 E-5 F#5 F2 F3 E-4 C#4,?,?
1984.125,B-6 B-5 B-3 F#4 F1 F#5 E-5 F2 F3 E-4 B-4 C#4,?,?
1984.25,B-6 B-5 B-3 F#4 F1 F#5 E-5 F2 F3 E-4 B-4 C#4,?,?
1984.375,B-6 B-5 B-4 B-3 F#4 F1 F#5 E-5 F2 F3 E-4 C#4,?,?
1984.5,B-6 B-5 B-4 B-3 F#4 F1 F5 F#5 F2 F3 F4 E-4 C#4,?,?
1984.625,B-6 B-5 B-4 B-3 F#4 F1 F#5 F5 F2 F3 F4 E-4 C#4,?,?
1984.75,B-6 B-5 B-4 B-3 F#4 F1 F#5 F5 F2 F3 F4 E-4 C#4,?,?
1984.875,B-6 B-5 B-3 B-4 F#4 F2 F1 F#5 F5 C#4 F3 F4 E-4,?,?
1985.0,B-6 B-5 B-3 B-4 F#4 F2 E-5 F#5 C#4 F3 E-4,?,?
1985.125,B-6 B-5 B-4 F#4 F#5 E-5 F2 F3 E-4 B-3 C#4,?,?
1985.25,B-6 B-5 B-4 F#4 F#5 E-5 F2 F3 E-4 B-3 C#4,?,?
1985.375,B-6 B-5 B-4 B-3 F#4 F#5 E-5 F2 F3 E-4 C#4,?,?
1985.5,B-6 B-5 B-4 B-3 F#4 C#3 F5 F#5 F2 C#4 F4,?,?
1985.625,B-6 B-5 B-4 B-3 C#3 F#5 F5 F2 F4 F#4 C#4,?,?
1985.75,B-6 B-5 B-4 B-3 C#3 F#5 F5 F2 F4 F#4 C#4,?,?
1985.875,B-6 B-5 B-3 B-4 F2 C#3 F#5 F5 F4 F#4 C#4,?,?
1986.0,B-6 B-5 B-3 B-4 F2 B-2 F#5 E-5 C#4 F#4 E-4,?,?
1986.125,B-6 B-5 B-2 F#5 E-5 F2 B-3 F#4 E-4 B-4 C#4,?,?
1986.25,B-6 B-5 B-2 F#5 E-5 F2 B-3 F#4 E-4 B-4 C#4,?,?
1986.375,B-6 B-5 B-4 F#4 B-2 F#5 E-5 F2 B-3 E-4 C#4,?,?
1986.5,E-6 E-5 B-4 F#4 B-2 F#5 C#6 F2 B-3 C#5 C#4,?,?
1986.625,E-6 E-5 B-4 F#4 B-2 F#5 C#6 F2 B-3 C#5 C#4,?,?
1986.75,E-6 E-5 B-4 F#4 B-2 F#5 C#6 F2 B-3 C#5 C#4,?,?
1986.875,E-6 E-5 B-3 B-4 F#4 F2 B-2 F#5 C#6 C#4 C#5,?,?
1987.0,B-5 B-4 B-3 F2 F#3 F#5 C6 C#4 F#4 C5,?,?
1987.125,B-5 B-4 B-3 F#3 F#5 C6 F2 F#4 C5 C#4,?,?
1987.25,B-5 B-4 B-3 F#3 F#5 C6 F2 F#4 C5 C#4,?,?
1987.375,B-5 B-4 F#4 B-3 F#3 F#5 C6 F2 C5 C#4,?,?
1987.5,E-6 E-5 B-4 B-3 F#3 F#5 B-5 F2 F#4 C#4,?,?
1987.625,E-6 E-5 B-3 F#3 F#5 B-5 F2 F#4 B-4 C#4,?,?
1987.75,E-6 E-5 B-3 F#3 F#5 B-5 F2 F#4 B-4 C#4,?,?
1987.875,E-6 E-5 B-3 B-4 F2 F#3 F#5 B-5 C#4 F#4,?,?
1988.0,B-6 B-5 B-3 B-4 F#4 F2 F1 E-5 F#5 C#4 F3 E-4 C#5,?,?
1988.125,B-6 B-5 B-3 F#4 F1 F#5 E-5 F2 F3 E-4 B-4 C#5 C#4,?,?
1988.25,B-6 B-5 B-3 F#4 F1 F#5 E-5 F2 F3 E-4 B-4 C#5 C#4,?,?
1988.375,B-6 B-5 B-4 B-3 F#4 F1 F#5 E-5 F2 F3 E-4 C#5 C#4,?,?
1988.5,E-6 B-5 E-5 B-4 B-3 F#4 F1 F5 F#5 F2 F3 F4 C#5 C#4,?,?
1988.625,E-6 B-5 E-5 B-4 B-3 F#4 F1 F#5 F5 F2 F3 F4 C#5 C#4,?,?
1988.75,E-6 B-5 E-5 B-4 B-3 F#4 F1 F#5 F5 F2 F3 F4 C#5 C#4,?,?
1988.875,E-6 B-5 E-5 B-4 B-3 F#4 F1 F#5 F5 F2 F3 F4 C#5 C#4,?,?
1989.0,B-5 B-4 F#4 B-3 E-5 F#5 F2 F3 E-4 C#5 C#4,?,?
1989.125,B-5 B-4 B-3 F#4 F#5 E-5 F2 F3 E-4 C#5 C#4,?,?
1989.25,B-5 B-4 B-3 F#4 F#5 E-5 F2 F3 E-4 C#5 C#4,?,?
1989.375,B-5 B-4 F#4 B-3 F#5 E-5 F2 F3 E-4 C#5 C#4,?,?
1989.5,E-6 B-5 E-5 B-4 B-3 F#4 C#3 F5 F#5 F2 C#4 F4 C#5,?,?
1989.625,E-6 B-5 E-5 B-4 B-3 F#4 C#3 F#5 F5 F2 F4 C#5 C#4,?,?
1989.75,E-6 B-5 E-5 B-4 B-3 F#4 C#3 F#5 F5 F2 F4 C#5 C#4,?,?
1989.875,E-6 B-5 E-5 B-4 B-3 F#4 C#3 F#5 F5 F2 C#4 F4 C#5,?,?
1990.0,B-6 B-5 B-4 B-3 F#4 B-2 F#5 E-5 F2 E-4 C#5 C#4,?,?
1990.125,B-6 B-5 B-4 B-2 F#5 E-5 F2 B-3 F#4 E-4 C#5 C#4,?,?
1990.25,B-6 B-5 B-4 B-2 F#5 E-5 F2 B-3 F#4 E-4 C#5 C#4,?,?
1990.375,B-6 B-5 B-4 F#4 B-2 F#5 E-5 F2 B-3 E-4 C#5 C#4,?,?
1990.5,E-6 B-5 E-5 B-4 F#4 B-2 F#5 C#6 F2 B-3 C#5 C#4,?,?
1990.625,E-6 B-5 E-5 B-4 F#4 B-2 F#5 C#6 F2 B-3 C#5 C#4,?,?
1990.75,E-6 B-5 E-5 B-4 F#4 B-2 F#5 C#6 F2 B-3 C#5 C#4,?,?
1990.875,E-6 B-5 E-5 B-4 B-3 F#4 B-2 F#5 C#6 F2 C#5 C#4,?,?
1991.0,B-5 B-4 B-3 F#3 F#5 C6 F2 F#4 C5 C#5 C#4,?,?
1991.125,B-5 B-4 B-3 F#3 F#5 C6 F2 F#4 C5 C#5 C#4,?,?
1991.25,B-5 B-4 B-3 F#3 F#5 C6 F2 F#4 C5 C#5 C#4,?,?
1991.375,B-5 B-4 F#4 B-3 F#3 F#5 C6 F2 C5 C#5 C#4,?,?
1991.5,E-6 B-5 E-5 B-4 B-3 F#3 F#5 F2 F#4 C#5 C#4,?,?
1991.625,E-6 E-5 B-3 F#3 F#5 B-5 F2 F#4 B-4 C#5 C#4,?,?
1991.75,E-6 E-5 B-3 F#3 F#5 B-5 F2 F#4 B-4 C#5 C#4,?,?
1991.875,E-6 B-5 E-5 B-4 B-3 F#4 F#3 F#5 F2 C#5 C#4,?,?
1992.0,B-6 B-5 B-4 B-3 F#4 F1 E-5 F#5 F2 F3 E-4 C#5 C#4,?,?
1992.125,B-6 B-5 B-3 F#4 F1 F#5 E-5 F2 F3 E-4 B-4 C#5 C#4,?,?
1992.25,B-6 B-5 B-3 F#4 F1 F#5 E-5 F2 F3 E-4 B-4 C#5 C#4,?,?
1992.375,B-6 B-5 B-4 B-3 F#4 F1 F#5 E-5 F2 F3 E-4 C#5 C#4,?,?
1992.5,E-6 B-5 E-5 B-4 B-3 F#4 F1 F5 F#5 F2 F3 F4 C#5 C#4,?,?
1992.625,E-6 B-5 E-5 B-4 B-3 F#4 F1 F#5 F5 F2 F3 F4 C#5 C#4,?,?
1992.75,E-6 B-5 E-5 B-4 B-3 F#4 F1 F#5 F5 F2 F3 F4 C#5 C#4,?,?
1992.875,E-6 B-5 E-5 B-3 B-4 F#4 F2 F1 F#5 F5 C#4 F3 F4 C#5,?,?
1993.0,B-5 B-4 B-3 F#4 F2 F5 E-5 F#5 C#4 F3 E-4 C#5,?,?
1993.125,B-5 B-4 B-3 F#4 F#5 F5 E-5 F2 F3 E-4 C#5 C#4,?,?
1993.25,B-5 B-4 B-3 F#4 F#5 F5 E-5 F2 F3 E-4 C#5 C#4,?,?
1993.375,B-5 B-4 F#4 B-3 F#5 F5 E-5 F2 F3 E-4 C#5 C#4,?,?
1993.5,E-6 B-5 E-5 B-4 B-3 F#4 C#3 F5 F#5 F2 C#4 F4 C#5,?,?
1993.625,E-6 B-5 E-5 B-4 B-3 F#4 C#3 F#5 F5 F2 F4 C#5 C#4,?,?
1993.75,E-6 B-5 E-5 B-4 B-3 F#4 C#3 F#5 F5 F2 F4 C#5 C#4,?,?
1993.875,E-6 B-5 E-5 B-3 B-4 F#4 F2 C#3 F#5 F5 F4 C#5 C#4,?,?
1994.0,B-6 B-5 B-3 B-4 F2 B-2 F#5 E-5 C#4 F#4 E-4 C#5,?,?
1994.125,B-6 B-5 B-4 B-2 F#5 E-5 F2 B-3 F#4 E-4 C#5 C#4,?,?
1994.25,B-6 B-5 B-4 B-2 F#5 E-5 F2 B-3 F#4 E-4 C#5 C#4,?,?
1994.375,B-6 B-5 B-4 F#4 B-2 F#5 E-5 F2 B-3 E-4 C#5 C#4,?,?
1994.5,E-6 B-5 E-5 B-4 F#4 B-2 F#5 C#6 F2 B-3 C#5 C#4,?,?
1994.625,E-6 B-5 E-5 B-4 F#4 B-2 F#5 C#6 F2 B-3 C#5 C#4,?,?
1994.75,E-6 B-5 E-5 B-4 F#4 B-2 F#5 C#6 F2 B-3 C#5 C#4,?,?
1994.875,E-6 B-5 E-5 B-3 B-4 F#4 F2 B-2 F#5 C#6 C#4 C#5,?,?
1995.0,B-5 B-4 B-3 F2 F#3 F#5 C6 C#4 F#4 C5 C#5,?,?
1995.125,B-5 B-4 B-3 F#3 F#5 C6 F2 F#4 C5 C#5 C#4,?,?
1995.25,B-5 B-4 B-3 F#3 F#5 C6 F2 F#4 C5 C#5 C#4,?,?
1995.375,B-5 B-4 F#4 B-3 F#3 F#5 C6 F2 C5 C#5 C#4,?,?
1995.5,E-6 B-5 E-5 B-4 B-3 F#3 F#5 F2 F#4 C#5 C#4,?,?
1995.625,E-6 E-5 B-3 F#3 F#5 B-5 F2 F#4 B-4 C#5 C#4,?,?
1995.75,E-6 E-5 B-3 F#3 F#5 B-5 F2 F#4 B-4 C#5 C#4,?,?
1995.875,E-6 B-5 E-5 B-3 B-4 F2 F#3 F#5 C#4 F#4 C#5,?,?
1996.0,B-6 B-5 B-3 B-4 F#4 F2 F1 E-5 F#5 C#4 F3 E-4 C#5,?,?
1996.125,B-6 B-5 B-3 F#4 F1 F#5 E-5 F2 F3 E-4 C#5 B-4 C#4,?,?
1996.25,B-6 B-5 B-3 F#4 F1 F#5 E-5 F2 F3 E-4 C#5 B-4 C#4,?,?
1996.375,B-6 B-5 B-4 B-3 F#4 F1 F#5 E-5 F2 F3 E-4 C#5 C#4,?,?
1996.5,B-6 B-5 B-4 B-3 F#4 F1 F5 F#5 F2 F3 F4 C#5 C#4,?,?
1996.625,B-6 B-5 B-4 B-3 F#4 F1 F#5 F5 F2 F3 F4 C#5 C#4,?,?
1996.75,B-6 B-5 B-4 B-3 F#4 F1 F#5 F5 F2 F3 F4 C#5 C#4,?,?
1996.875,B-6 B-5 B-4 B-3 F#4 F1 F#5 F5 F2 F3 F4 C#5 C#4,?,?
1997.0,E-6 B-5 B-4 B-3 F#4 E-5 F#5 F2 F3 E-4 C#5 C#4,?,?
1997.125,E-6 B-5 B-4 B-3 F#4 F#5 E-5 F2 F3 E-4 C#5 C#4,?,?
1997.25,E-6 B-5 B-4 B-3 F#4 F#5 E-5 F2 F3 E-4 C#5 C#4,?,?
1997.375,E-6 B-5 E-5 B-4 B-3 F#4 F#5 F2 F3 E-4 C#5 C#4,?,?
1997.5,E-6 B-5 E-5 B-4 B-3 F#4 C#3 F5 F#5 F2 C#4 F4 C#5,?,?
1997.625,E-6 B-5 E-5 B-4 B-3 F#4 C#3 F#5 F5 F2 F4 C#5 C#4,?,?
1997.75,E-6 B-5 E-5 B-4 B-3 F#4 C#3 F#5 F5 F2 F4 C#5 C#4,?,?
1997.875,E-6 B-5 E-5 B-4 B-3 F#4 C#3 F#5 F5 F2 C#4 F4 C#5,?,?
1998.0,B-5 B-4 B-3 B-2 F#5 E-5 F2 F#4 C#5 E-4 C#4,?,?
1998.125,B-5 B-4 B-2 F#5 E-5 F2 B-3 F#4 C#5 E-4 C#4,?,?
1998.25,B-5 B-4 B-2 F#5 E-5 F2 B-3 F#4 C#5 E-4 C#4,?,?
1998.375,B-5 B-4 F#4 B-2 F#5 E-5 F2 B-3 C#5 E-4 C#4,?,?
1998.5,B-5 B-4 F#4 B-2 F#5 C#6 F2 B-3 C#5 C#4,?,?
1998.625,B-5 B-4 F#4 B-2 F#5 C#6 F2 B-3 C#5 C#4,?,?
1998.75,B-5 B-4 F#4 B-2 F#5 C#6 F2 B-3 C#5 C#4,?,?
1998.875,B-5 B-4 F#4 B-3 B-2 F#5 C#6 F2 C#5 C#4,?,?
1999.0,E-6 B-5 E-5 B-4 B-3 F#4 F#3 F#5 C6 F2 C#5 C5 C#4,?,?
1999.125,E-6 B-5 E-5 B-4 B-3 F#3 F#5 C6 F2 F#4 C#5 C5 C#4,?,?
1999.25,E-6 B-5 E-5 B-4 B-3 F#3 F#5 C6 F2 F#4 C#5 C5 C#4,?,?
1999.375,E-6 B-5 E-5 B-4 B-3 F#3 F#5 C6 F2 F#4 C#5 C5 C#4,?,?
1999.5,E-6 B-5 E-5 B-4 B-3 F#3 F#5 F2 F#4 C#5 C#4,?,?
1999.625,E-6 E-5 B-3 F#3 F#5 B-5 F2 F#4 C#5 B-4 C#4,?,?
1999.75,E-6 E-5 B-3 F#3 F#5 B-5 F2 F#4 C#5 B-4 C#4,?,?
1999.875,E-6 B-5 E-5 B-4 B-3 F#4 F#3 F#5 F2 C#5 C#4,?,?
2000.0,B-6 B-5 B-4 B-3 F#4 F1 E-5 F#5 F2 F3 E-4 C#5 C#4,?,?
2000.125,B-6 B-5 B-3 F#4 F1 F#5 E-5 F2 F3 E-4 C#5 B-4 C#4,?,?
2000.25,B-6 B-5 B-3 F#4 F1 F#5 E-5 F2 F3 E-4 C#5 B-4 C#4,?,?
2000.375,B-6 B-5 B-4 B-3 F#4 F1 F#5 E-5 F2 F3 E-4 C#5 C#4,?,?
2000.5,B-6 B-5 B-4 B-3 F#4 F1 F5 F#5 F2 F3 F4 C#5 C#4,?,?
2000.625,B-6 B-5 B-4 B-3 F#4 F1 F#5 F5 F2 F3 F4 C#5 C#4,?,?
2000.75,B-6 B-5 B-4 B-3 F#4 F1 F#5 F5 F2 F3 F4 C#5 C#4,?,?
2000.875,B-6 B-5 B-3 B-4 F#4 F2 F1 F#5 F5 C#4 F3 F4 C#5,?,?
2001.0,E-6 B-5 B-3 B-4 F#4 F2 E-5 F#5 C#4 F3 E-4 C#5,?,?
2001.125,E-6 B-5 B-4 B-3 F#4 F#5 E-5 F2 F3 E-4 C#5 C#4,?,?
2001.25,E-6 B-5 B-4 B-3 F#4 F#5 E-5 F2 F3 E-4 C#5 C#4,?,?
2001.375,E-6 B-5 E-5 B-4 B-3 F#4 F#5 F2 F3 E-4 C#5 C#4,?,?
2001.5,E-6 B-5 E-5 B-4 B-3 F#4 C#3 F5 F#5 F2 C#4 F4 C#5,?,?
2001.625,E-6 B-5 E-5 B-4 B-3 F#4 C#3 F#5 F5 F2 F4 C#5 C#4,?,?
2001.75,E-6 B-5 E-5 B-4 B-3 F#4 C#3 F#5 F5 F2 F4 C#5 C#4,?,?
2001.875,E-6 B-5 E-5 B-3 B-4 F#4 F2 C#3 F#5 F5 F4 C#5 C#4,?,?
2002.0,B-5 B-4 B-3 F2 B-2 F#5 E-5 C#4 F#4 C#5 E-4,?,?
2002.125,B-5 B-4 B-2 F#5 E-5 F2 B-3 F#4 C#5 E-4 C#4,?,?
2002.25,B-5 B-4 B-2 F#5 E-5 F2 B-3 F#4 C#5 E-4 C#4,?,?
2002.375,B-5 B-4 F#4 B-2 F#5 E-5 F2 B-3 C#5 E-4 C#4,?,?
2002.5,B-5 B-4 F#4 B-2 F#5 C#6 F2 B-3 C#5 C#4,?,?
2002.625,B-5 B-4 F#4 B-2 F#5 C#6 F2 B-3 C#5 C#4,?,?
2002.75,B-5 B-4 F#4 B-2 F#5 C#6 F2 B-3 C#5 C#4,?,?
2002.875,B-5 B-4 B-3 F#4 F2 B-2 F#5 C#6 C#4 C#5,?,?
2003.0,E-6 B-5 E-5 B-3 B-4 F2 F#3 F#5 C6 C#4 F#4 C#5 C5,?,?
2003.125,E-6 B-5 E-5 B-4 B-3 F#3 F#5 C6 F2 F#4 C#5 C5 C#4,?,?
2003.25,E-6 B-5 E-5 B-4 B-3 F#3 F#5 C6 F2 F#4 C#5 C5 C#4,?,?
2003.375,E-6 B-5 E-5 B-4 B-3 F#3 F#5 C6 F2 F#4 C#5 C5 C#4,?,?
2003.5,E-6 B-5 E-5 B-4 B-3 F#3 F#5 F2 F#4 C#5 C#4,?,?
2003.625,E-6 E-5 B-3 F#3 F#5 B-5 F2 F#4 C#5 B-4 C#4,?,?
2003.75,E-6 E-5 B-3 F#3 F#5 B-5 F2 F#4 C#5 B-4 C#4,?,?
2003.875,E-6 B-5 E-5 B-3 B-4 F2 F#3 F#5 C#4 F#4 C#5,?,?
2004.0,B-6 B-5 B-3 B-4 E-5 F2 F1 F#5 C#4 F#4 C#5,?,?
2004.125,B-6 B-5 E-5 F1 F#5 F2 F#4 B-3 B-4 C#5 C#4,?,?
2004.25,B-6 B-5 E-5 F1 F#5 F2 F#4 B-3 B-4 C#5 C#4,?,?
2004.375,B-6 B-5 E-5 F1 F#5 F2 F#4 B-3 B-4 C#5 C#4,?,?
2004.5,B-6 B-5 F5 F1 F#5 F2 F#4 B-3 B-4 C#5 C#4,?,?
2004.625,B-6 B-5 F5 F1 F#5 F2 F#4 B-3 B-4 C#5 C#4,?,?
2004.75,B-6 B-5 F5 F1 F#5 F2 F#4 B-3 B-4 C#5 C#4,?,?
2004.875,B-6 B-5 F5 F1 F#5 F2 F#4 B-3 B-4 C#5 C#4,?,?
2005.0,B-6 B-5 E-5 F3 F#5 F2 F#4 B-3 B-4 C#5 C#4,?,?
2005.125,B-6 B-5 E-5 F3 F#5 F2 F#4 B-3 B-4 C#5 C#4,?,?
2005.25,B-6 B-5 E-5 F3 F#5 F2 F#4 B-3 B-4 C#5 C#4,?,?
2005.375,B-6 B-5 E-5 F3 F#5 F2 F#4 B-3 B-4 C#5 C#4,?,?
2005.5,B-6 B-5 F5 C#4 C#3 F#5 F2 F#4 B-3 B-4 C#5,?,?
2005.625,B-6 B-5 F5 C#3 F#5 F2 F#4 B-3 B-4 C#5 C#4,?,?
2005.75,B-6 B-5 F5 C#3 F#5 F2 F#4 B-3 B-4 C#5 C#4,?,?
2005.875,B-6 B-5 F5 C#4 C#3 F#5 F2 F#4 B-3 B-4 C#5,?,?
2006.0,B-6 B-5 B-2 F#5 F2 F#4 B-3 B-4 C#5 C#4,?,?
2006.125,B-6 B-5 B-2 F#5 F2 F#4 B-3 B-4 C#5 C#4,?,?
2006.25,B-6 B-5 B-2 F#5 F2 F#4 B-3 B-4 C#5 C#4,?,?
2006.375,B-6 B-5 B-2 F#5 F2 F#4 B-3 B-4 C#5 C#4,?,?
2006.5,B-6 B-5 B-2 F#5 F2 F#4 B-3 B-4 C#5 C#4,?,?
2006.625,B-6 B-5 B-2 F#5 F2 F#4 B-3 B-4 C#5 C#4,?,?
2006.75,B-6 B-5 B-2 F#5 F2 F#4 B-3 B-4 C#5 C#4,?,?
2006.875,B-6 B-5 B-2 F#5 F2 F#4 B-3 B-4 C#5 C#4,?,?
2007.0,B-6 B-5 F#3 F#5 F2 F#4 B-3 B-4 C#5 C#4,?,?
2007.125,B-6 B-5 F#3 F#5 F2 F#4 B-3 B-4 C#5 C#4,?,?
2007.25,B-6 B-5 F#3 F#5 F2 F#4 B-3 B-4 C#5 C#4,?,?
2007.375,B-6 B-5 F#3 F#5 F2 F#4 B-3 B-4 C#5 C#4,?,?
2007.5,B-6 B-5 F#3 F#5 F2 F#4 B-3 B-4 C#5 C#4,?,?
2007.625,B-6 B-5 F#3 F#5 F2 F#4 B-3 B-4 C#5 C#4,?,?
2007.75,B-6 B-5 F#3 F#5 F2 F#4 B-3 B-4 C#5 C#4,?,?
2007.875,B-6 B-5 F#3 F#5 F2 F#4 B-3 B-4 C#5 C#4,?,?
2008.0,B-6 B-5 E-5 F1 F#5 F2 F#4 B-3 B-4 C#5 C#4,?,?
2008.125,B-6 B-5 E-5 F1 F#5 F2 F#4 B-3 B-4 C#5 C#4,?,?
2008.25,B-6 B-5 E-5 F1 F#5 F2 F#4 B-3 B-4 C#5 C#4,?,?
2008.375,B-6 B-5 E-5 F1 F#5 F2 F#4 B-3 B-4 C#5 C#4,?,?
2008.5,B-6 B-5 F5 F1 F#5 F2 F#4 B-3 B-4 C#5 C#4,?,?
2008.625,B-6 B-5 F5 F1 F#5 F2 F#4 B-3 B-4 C#5 C#4,?,?
2008.75,B-6 B-5 F5 F1 F#5 F2 F#4 B-3 B-4 C#5 C#4,?,?
2008.875,B-6 B-5 F5 F1 F#5 F2 F#4 B-3 B-4 C#5 C#4,?,?
2009.0,B-6 B-5 E-5 F3 F#5 F2 F#4 B-3 B-4 C#5 C#4,?,?
2009.125,B-6 B-5 E-5 F3 F#5 F2 F#4 B-3 B-4 C#5 C#4,?,?
2009.25,B-6 B-5 E-5 F3 F#5 F2 F#4 B-3 B-4 C#5 C#4,?,?
2009.375,B-6 B-5 E-5 F3 F#5 F2 F#4 B-3 B-4 C#5 C#4,?,?
2009.5,B-6 B-5 F5 C#4 C#3 F#5 F2 F#4 B-3 B-4 C#5,?,?
2009.625,B-6 B-5 F5 C#3 F#5 F2 F#4 B-3 B-4 C#5 C#4,?,?
2009.75,B-6 B-5 F5 C#3 F#5 F2 F#4 B-3 B-4 C#5 C#4,?,?
2009.875,B-6 B-5 F5 C#4 C#3 F#5 F2 F#4 B-3 B-4 C#5,?,?
2010.0,B-6 B-5 B-2 F#5 F2 F#4 B-3 B-4 C#5 C#4,?,?
2010.125,B-6 B-5 B-2 F#5 F2 F#4 B-3 B-4 C#5 C#4,?,?
2010.25,B-6 B-5 B-2 F#5 F2 F#4 B-3 B-4 C#5 C#4,?,?
2010.375,B-6 B-5 B-2 F#5 F2 F#4 B-3 B-4 C#5 C#4,?,?
2010.5,B-6 B-5 B-2 F#5 F2 F#4 B-3 B-4 C#5 C#4,?,?
2010.625,B-6 B-5 B-2 F#5 F2 F#4 B-3 B-4 C#5 C#4,?,?
2010.75,B-6 B-5 B-2 F#5 F2 F#4 B-3 B-4 C#5 C#4,?,?
2010.875,B-6 B-5 B-2 F#5 F2 F#4 B-3 B-4 C#5 C#4,?,?
2011.0,B-6 B-5 F#3 F#5 F2 F#4 B-3 B-4 C#5 C#4,?,?
2011.125,B-6 B-5 F#3 F#5 F2 F#4 B-3 B-4 C#5 C#4,10,m
2011.25,B-6 B-5 F#3 F#5 F2 F#4 B-3 B-4 C#5 C#4,10,m
2011.375,B-6 B-5 F#3 F#5 F2 F#4 B-3 B-4 C#5 C#4,10,m
2011.5,B-6 B-5 F#3 F#5 F2 F#4 B-3 B-4 C#5 C#4,10,m
2011.625,B-6 B-5 F#3 F#5 F2 F#4 B-3 B-4 C#5 C#4,10,m
2011.75,B-6 B-5 F#3 F#5 F2 F#4 B-3 B-4 C#5 C#4,10,m
2011.875,B-6 B-5 F#4 F2 F#3 F#5 B-3 B-4 C#5 C#4,10,m
2012.0,B-6 B-5 F#4 F2 F1 F#5 F3 B-3 B-4 C#5 C#4,10,m
2013.0,F3,10,m
2014.0,F3,10,m
2015.0,C#4,10,m
2016.0,B-3,3,m
2018.0,F#4,3,m
2020.0,F#5 E-4 A4 E-5 C4,3,m
2022.0,F5 F4 A4 G#4 B-4 D4,3,m
2024.0,F5 F#4 B-4 E-4,3,m
2026.0,B-3 E-5 F#4 F#3,1,m
2028.0,E5 C#4 G4 C#5 B-3,1,m
2030.0,E-5 E-4 F#4 A4 C4,1,m
2032.0,E-5 E4 G#4 C#4,1,m
2034.0,C#5 G#3 E4 G#4 E3,1,m
2038.0,G#4 F4 D5 B-3 D4,1,m
2040.0,A4 F#4 D5 A3 D4,2,m
2042.0,G4 B-4 B-3 D4,2,m
2043.0,G4 B-3 E4,2,m
2044.0,D4 E3 B1 G#3 F4 B2,2,m
2046.0,E4 G3 A3 C#2 C#3,2,m
2048.0,F4 G3 A3 D2 F3 E4 D3,2,m
2050.0,F4 F3 B3 G#1 D4 G#2,2,m
2052.0,E4 E3 D4 A1 A3 A2,2,m
2060.0,E4 E3 C#4 A1 A3 A2,9,M
2068.0,D3,9,M
2068.125,D3,?,?
2068.25,D3,?,?
2068.375,D3,?,?
2068.5,D3,?,?
2068.625,D3,?,?
2068.75,D3,?,?
2068.875,D3,?,?
2069.0,D3,?,?
2069.125,D3,?,?
2069.25,D3,?,?
2069.375,D3,?,?
2069.5,D3,?,?
2069.625,D3,?,?
2069.75,D3,?,?
2069.875,D3,?,?
2070.0,D3,?,?
2070.125,D3,?,?
2070.25,D3,?,?
2070.375,D3,?,?
2070.5,D3,?,?
2070.625,D3,?,?
2070.75,D3,?,?
2070.875,D3,?,?
2071.0,D3,?,?
2071.125,D3,?,?
2071.25,D3,?,?
2071.375,D3,?,?
2071.5,D3,?,?
2071.625,D3,?,?
2071.75,D3,?,?
2071.875,D3,?,?
2072.0,D3,?,?
2072.125,D3,?,?
2072.25,D3,?,?
2072.375,D3,?,?
2072.5,D3,?,?
2072.625,D3,?,?
2072.75,D3,?,?
2072.875,D3,?,?
2073.0,D3,?,?
2073.125,D3,2,m
2073.25,D3,2,m
2073.375,D3,2,m
2073.5,D3,2,m
2073.625,D3,2,m
2073.75,D3,2,m
2073.875,D3,2,m
2074.0,D3,2,m
2074.125,D3,2,m
2074.25,D3,2,m
2074.375,D3,2,m
2074.5,D3,2,m
2074.625,D3,2,m
2074.75,D3,2,m
2074.875,D3,2,m
2075.0,D3 C6,2,m
2075.125,D3 C6,2,m
2075.25,D3 C6,2,m
2075.3333333333335,B5 D3,2,m
2075.375,D3 B5,2,m
2075.5,D3 B5,2,m
2075.625,D3 B5,2,m
2075.6666666666665,D3 B-5,2,m
2075.75,D3 B-5,2,m
2075.875,D3 B-5,2,m
2076.0,D5 D6 D3 A5 A3 A2 D2,2,m
2076.125,D5 D6 D3 A5 A3 A2 D2,2,m
2076.25,D5 D6 D3 A5 A3 A2 D2,2,m
2076.375,D5 D6 D3 A5 A3 A2 D2,2,m
2076.5,D5 D6 D3 A5 A3 A2 D2,2,m
2076.625,D5 D6 D3 A5 A3 A2 D2,2,m
2076.6666666666665,D5 D6 D3 A3 A2 D2,2,m
2076.75,D5 D6 D3 A3 A2 D2,2,m
2076.875,D5 D6 D3 A3 A2 D2,2,m
2077.0,D5 D6 D3 A4 E4 A3 A2 D2,2,m
2077.125,D5 D6 D3 A4 E4 A3 A2 D2,2,m
2077.25,D5 D6 D3 A4 E4 A3 A2 D2,2,m
2077.3333333333335,F4 D5 D6 D3 A4 A3 A2 D2,2,m
2077.375,D5 D6 D3 A4 F4 A3 A2 D2,2,m
2077.5,D5 D6 D3 A4 F4 A3 A2 D2,2,m
2077.625,D5 D6 D3 A4 F4 A3 A2 D2,2,m
2077.6666666666665,D5 D6 D3 G4 A3 A2 D2,2,m
2077.75,D5 D6 D3 G4 A3 A2 D2,2,m
2077.875,D5 D6 D3 G4 A3 A2 D2,2,m
2078.0,D5 D6 D3 A4 A3 A2 D2,2,m
2078.125,D5 D6 D3 A4 A3 A2 D2,2,m
2078.25,D5 D6 D3 A4 A3 A2 D2,2,m
2078.375,D5 D6 D3 A4 A3 A2 D2,2,m
2078.5,D5 D6 D3 A3 A2 D2,2,m
2078.625,D6 D3 D5 A3 A2 D2,2,m
2078.75,D6 D3 D5 A3 A2 D2,2,m
2078.875,D5 D6 D3 A3 A2 D2,2,m
2079.0,D5 D6 D3 G5 A3 A2 D2,2,m
2079.125,D5 D6 D3 G5 A3 A2 D2,2,m
2079.25,D5 D6 D3 G5 A3 A2 D2,2,m
2079.3333333333335,F5 D5 D6 D3 A3 A2 D2,2,m
2079.375,D5 D6 D3 F5 A3 A2 D2,2,m
2079.5,D5 D6 D3 F5 A3 A2 D2,2,m
2079.625,D5 D6 D3 F5 A3 A2 D2,2,m
2079.6666666666665,D5 D6 D3 E5 A3 A2 D2,2,m
2079.75,D5 D6 D3 E5 A3 A2 D2,2,m
2079.875,D5 D6 D3 E5 A3 A2 D2,2,m
2080.0,D5 D6 D3 A3 A2 D2,2,m
2080.125,D6 D3 D5 A3 A2 D2,2,m
2080.25,D6 D3 D5 A3 A2 D2,2,m
2080.375,D6 D3 D5 A3 A2 D2,2,m
2080.5,D6 D3 D5 A3 A2 D2,2,m
2080.625,D5 D6 D3 A3 A2 D2,2,m
2080.6666666666665,D5 D6 D3 A3 A2 D2,2,m
2080.75,D5 D6 D3 A3 A2 D2,2,m
2080.875,D5 D6 D3 A3 A2 D2,2,m
2081.0,D5 D6 D3 D4 E4 A3 A2 D2,2,m
2081.125,D5 D6 D3 D4 E4 A3 A2 D2,2,m
2081.25,D5 D6 D3 D4 E4 A3 A2 D2,2,m
2081.3333333333335,F4 D5 D6 D3 D4 A3 A2 D2,2,m
2081.375,D5 D6 D3 D4 F4 A3 A2 D2,2,m
2081.5,D5 D6 D3 D4 F4 A3 A2 D2,2,m
2081.625,D5 D6 D3 D4 F4 A3 A2 D2,2,m
2081.6666666666665,D5 D6 D3 G4 A3 A2 D2,2,m
2081.75,D5 D6 D3 G4 A3 A2 D2,2,m
2081.875,D5 D6 D3 G4 A3 A2 D2,2,m
2082.0,D5 D6 D3 A4 A3 A2 D2,2,m
2082.125,D5 D6 D3 A4 A3 A2 D2,2,m
2082.25,D5 D6 D3 A4 A3 A2 D2,2,m
2082.375,D5 D6 D3 A4 A3 A2 D2,2,m
2082.5,D5 D6 D3 A3 A2 D2,2,m
2082.625,D6 D3 D5 A3 A2 D2,2,m
2082.75,D6 D3 D5 A3 A2 D2,2,m
2082.875,D5 D6 D3 A3 A2 D2,2,m
2083.0,D5 D6 D3 C6 A3 A2 D2,2,m
2083.125,D5 D6 D3 C6 A3 A2 D2,2,m
2083.25,D5 D6 D3 C6 A3 A2 D2,2,m
2083.3333333333335,B5 D5 D6 D3 A3 A2 D2,2,m
2083.375,D5 D6 D3 B5 A3 A2 D2,2,m
2083.5,D5 D6 D3 B5 A3 A2 D2,2,m
2083.625,D5 D6 D3 B5 A3 A2 D2,2,m
2083.6666666666665,D5 D6 B-5 A3 D3 A2 D2,2,m
2083.75,D5 D4 B-5 A3 D3 A2 D2,2,m
2083.875,D5 D4 B-5 A3 D3 A2 D2,2,m
2084.0,D4 A5 A3 D3 A2 D2 D5,2,m
2084.125,D4 A5 A3 D3 A2 D2 D5,2,m
2084.25,D4 A5 A3 D3 A2 D2 D5,2,m
2084.375,D4 A5 A3 D3 A2 D2 D5,2,m
2084.5,D4 A5 A3 D3 A2 D2 D5,2,m
2084.625,D4 A5 A3 D3 A2 D2 D5,2,m
2084.6666666666665,D4 A3 D3 A2 D2 D5,2,m
2084.75,D4 A3 D3 A2 D2 D5,2,m
2084.875,D4 A3 D3 A2 D2 D5,2,m
2085.0,D4 A4 E4 A3 D3 A2 D2 D5,2,m
2085.125,D4 A4 E4 A3 D3 A2 D2 D5,2,m
2085.25,D4 A4 E4 A3 D3 A2 D2 D5,2,m
2085.3333333333335,F4 D4 A4 A3 D3 A2 D2 D5,2,m
2085.375,D4 A4 F4 A3 D3 A2 D2 D5,2,m
2085.5,D4 A4 F4 A3 D3 A2 D2 D5,2,m
2085.625,D4 A4 F4 A3 D3 A2 D2 D5,2,m
2085.6666666666665,D4 G4 D3 A2 D2 D5 A3,2,m
2085.75,D4 G4 A3 D3 A2 D2 D5 A4,2,m
2085.875,D4 G4 A3 D3 A2 D2 D5 A4,2,m
2086.0,D4 A3 D3 A2 D2 D5 A4,2,m
2086.125,D4 A3 D3 A2 D2 D5 A4,2,m
2086.25,D4 A3 D3 A2 D2 D5 A4,2,m
2086.375,D4 A4 A3 D3 A2 D2 D5,2,m
2086.5,D4 A3 D3 A2 D2 D5 A4,2,m
2086.625,D4 A3 D3 A2 D2 D5 A4,2,m
2086.75,D4 A3 D3 A2 D2 D5 A4,2,m
2086.875,D4 A3 D3 A2 D2 D5 A4,2,m
2087.0,D4 G5 A3 D3 A2 D2 D5 A4,2,m
2087.125,D4 G5 A3 D3 A2 D2 D5 A4,2,m
2087.25,D4 G5 A3 D3 A2 D2 D5 A4,2,m
2087.3333333333335,F5 D4 A3 D3 A2 D2 D5 A4,2,m
2087.375,D4 F5 A3 D3 A2 D2 D5 A4,2,m
2087.5,D4 F5 A3 D3 A2 D2 D5 A4,2,m
2087.625,D4 F5 A3 D3 A2 D2 D5 A4,2,m
2087.6666666666665,D5 D4 E5 A3 D3 A2 D2 A4,2,m
2087.75,D5 D4 E5 A3 D3 A2 D2 A4,2,m
2087.875,D5 D4 E5 A3 D3 A2 D2 A4,2,m
2088.0,D5 D4 A3 D3 A2 D2 A4,2,m
2088.125,D5 A3 D3 A2 D2 D4 A4,2,m
2088.25,D5 A3 D3 A2 D2 D4 A4,2,m
2088.375,D5 A3 D3 A2 D2 D4 A4,2,m
2088.5,D5 A3 D3 A2 D2 D4 A4,2,m
2088.625,D5 A3 D3 A2 D2 D4 A4,2,m
2088.75,D5 A3 D3 A2 D2 D4 A4,2,m
2088.875,D5 A3 D3 A2 D2 D4 A4,2,m
2089.0,D5 E4 A3 D3 A2 D2 D4 A4,2,m
2089.125,D5 E4 A3 D3 A2 D2 D4 A4,2,m
2089.25,D5 E4 A3 D3 A2 D2 D4 A4,2,m
2089.3333333333335,F4 D5 A3 D3 A2 D2 D4 A4,2,m
2089.375,D5 F4 A3 D3 A2 D2 D4 A4,2,m
2089.5,D5 F4 A3 D3 A2 D2 D4 A4,2,m
2089.625,D5 F4 A3 D3 A2 D2 D4 A4,2,m
2089.6666666666665,D5 G4 A3 D3 A2 D2 D4 A4,2,m
2089.75,D5 G4 A3 D3 A2 D2 D4 A4,2,m
2089.875,D5 G4 A3 D3 A2 D2 D4 A4,2,m
2090.0,A4 A3 D3 A2 D2 F4,2,m
2090.125,A4 A3 D3 A2 D2 F4,2,m
2090.25,A4 A3 D3 A2 D2 F4,2,m
2090.375,A4 A3 D3 A2 D2 F4,2,m
2090.5,D5 A3 D3 A2 D2 F4,2,m
2090.625,D5 A3 D3 A2 D2 F4,2,m
2090.75,D5 A3 D3 A2 D2 F4,2,m
2090.875,D5 A3 D3 A2 D2 F4,2,m
2091.0,C6 A3 D3 A2 D2 F4,2,m
2091.125,C6 A3 D3 A2 D2 F4,2,m
2091.25,C6 A3 D3 A2 D2 F4,2,m
2091.3333333333335,B5 A3 D3 A2 D2 F4,2,m
2091.375,B5 A3 D3 A2 D2 F4,2,m
2091.5,B5 A3 D3 A2 D2 F4,2,m
2091.625,B5 A3 D3 A2 D2 F4,2,m
2091.6666666666665,B-5 A3 D3 A2 D2 F4,2,m
2091.75,B-5 A3 D3 A2 D2 A4,2,m
2091.875,B-5 A3 D3 A2 D2 A4,2,m
2092.0,D5 D6 D3 A5 A3 A2 D2 F5,2,m
2092.125,D5 D6 D3 A5 A3 A2 D2 F5,2,m
2092.25,D5 D6 D3 A5 A3 A2 D2 F5,2,m
2092.375,D5 D6 D3 A5 A3 A2 D2 F5,2,m
2092.5,D5 D6 D3 A5 A3 A2 D2 F5,2,m
2092.625,D5 D6 D3 A5 A3 A2 D2 F5,2,m
2092.75,D5 D6 D3 A5 A3 A2 D2 F5,2,m
2092.875,D5 D6 D3 A5 A3 A2 D2 F5,2,m
2093.0,D5 D6 D3 A4 E4 A3 A2 D2 F5,2,m
2093.125,D5 D6 D3 A4 E4 A3 A2 D2 F5,2,m
2093.25,D5 D6 D3 A4 E4 A3 A2 D2 F5,2,m
2093.3333333333335,F4 D5 D6 D3 A4 A3 A2 D2 F5,2,m
2093.375,D5 D6 D3 A4 F4 A3 A2 D2 F5,2,m
2093.5,D5 D6 D3 A4 F4 A3 A2 D2 F5,2,m
2093.625,D5 D6 D3 A4 F4 A3 A2 D2 F5,2,m
2093.6666666666665,D5 D6 D3 A4 G4 A3 A2 D2 F5,2,m
2093.75,D5 D6 D3 A4 G4 A3 A2 D2 F5,2,m
2093.875,D5 D6 D3 A4 G4 A3 A2 D2 F5,2,m
2094.0,D5 D6 D3 A4 A3 A2 D2,2,m
2094.125,D5 D6 D3 A4 A3 A2 D2,2,m
2094.25,D5 D6 D3 A4 A3 A2 D2,2,m
2094.375,D5 D6 D3 A4 A3 A2 D2,2,m
2094.5,D5 D6 D3 A3 A2 D2,2,m
2094.625,D6 D3 D5 A3 A2 D2,2,m
2094.75,D6 D3 D5 A3 A2 D2,2,m
2094.875,D5 D6 D3 A3 A2 D2,2,m
2095.0,D5 D6 D3 B-5 A3 A2 D2,2,m
2095.125,D5 D6 D3 B-5 A3 A2 D2,2,m
2095.25,D5 D6 D3 B-5 A3 A2 D2,2,m
2095.3333333333335,A5 D5 D6 D3 A3 A2 D2,2,m
2095.375,D5 D6 D3 A5 A3 A2 D2,2,m
2095.5,D5 D6 D3 A5 A3 A2 D2,2,m
2095.625,D5 D6 D3 A5 A3 A2 D2,2,m
2095.6666666666665,D5 D6 D3 G5 A3 A2 D2,2,m
2095.75,D5 D6 D3 G5 A3 A2 D2,2,m
2095.875,D5 D6 D3 G5 A3 A2 D2,2,m
2096.0,D5 D6 D3 F5 A3 A2 D2 D4,2,m
2096.125,D5 D6 D3 F5 A3 A2 D2 D4,2,m
2096.25,D5 D6 D3 F5 A3 A2 D2 D4,2,m
2096.375,D5 D6 D3 F5 A3 A2 D2 D4,2,m
2096.5,D5 D6 D3 F5 A3 A2 D2 D4,2,m
2096.625,D5 D6 D3 F5 A3 A2 D2 D4,2,m
2096.75,D5 D6 D3 F5 A3 A2 D2 D4,2,m
2096.875,D5 D6 D3 F5 A3 A2 D2 D4,2,m
2097.0,D5 D6 D3 A4 E4 A3 A2 D2 D4,2,m
2097.125,D5 D6 D3 A4 E4 A3 A2 D2 D4,2,m
2097.25,D5 D6 D3 A4 E4 A3 A2 D2 D4,2,m
2097.3333333333335,F4 D5 D6 D3 A4 A3 A2 D2 D4,2,m
2097.375,D5 D6 D3 A4 F4 A3 A2 D2 D4,2,m
2097.5,D5 D6 D3 A4 F4 A3 A2 D2 D4,2,m
2097.625,D5 D6 D3 A4 F4 A3 A2 D2 D4,2,m
2097.6666666666665,D5 D6 D3 A4 G4 A3 A2 D2 D4,2,m
2097.75,D5 D6 D3 A4 G4 A3 A2 D2 D4,2,m
2097.875,D5 D6 D3 A4 G4 A3 A2 D2 D4,2,m
2098.0,D5 D6 D3 A4 A3 A2 D2 D4,2,m
2098.125,D5 D6 D3 A4 A3 A2 D2 D4,2,m
2098.25,D5 D6 D3 A4 A3 A2 D2 D4,2,m
2098.375,D5 D6 D3 A4 A3 A2 D2 D4,2,m
2098.5,D5 D6 D3 A3 A2 D2 D4,2,m
2098.625,D6 D3 D5 A3 A2 D2 D4,2,m
2098.75,D6 D3 D5 A3 A2 D2 D4,2,m
2098.875,D5 D6 D3 A3 A2 D2 D4,2,m
2099.0,D5 D6 D3 G5 A3 A2 D2 D4,2,m
2099.125,D5 D6 D3 G5 A3 A2 D2 D4,2,m
2099.25,D5 D6 D3 G5 A3 A2 D2 D4,2,m
2099.3333333333335,F5 D5 D6 D3 A3 A2 D2 D4,2,m
2099.375,D5 D6 D3 F5 A3 A2 D2 D4,2,m
2099.5,D5 D6 D3 F5 A3 A2 D2 D4,2,m
2099.625,D5 D6 D3 F5 A3 A2 D2 D4,2,m
2099.6666666666665,D5 D6 E5 A3 D3 A2 D2 D4,2,m
2099.75,D5 D4 E5 A3 D3 A2 D2,2,m
2099.875,D5 D4 E5 A3 D3 A2 D2,2,m
2100.0,D5 D4 E-5 A3 D3 A2 D2,2,m
2100.125,D5 E-5 A3 D3 A2 D2 D4,2,m
2100.25,D5 E-5 A3 D3 A2 D2 D4,2,m
2100.375,D5 E-5 A3 D3 A2 D2 D4,2,m
2100.5,D5 E-5 A3 D3 A2 D2 D4,2,m
2100.625,D5 E-5 A3 D3 A2 D2 D4,2,m
2100.75,D5 E-5 A3 D3 A2 D2 D4,2,m
2100.875,D5 E-5 A3 D3 A2 D2 D4,2,m
2101.0,D5 F#4 E-4 A3 D3 A2 D2 D4,2,m
2101.125,D5 F#4 E-4 A3 D3 A2 D2 D4,7,m
2101.25,D5 F#4 E-4 A3 D3 A2 D2 D4,7,m
2101.3333333333335,D4 D5 F#4 A3 D3 A2 D2,7,m
2101.375,D5 F#4 A3 D3 A2 D2 D4,7,m
2101.5,D5 F#4 A3 D3 A2 D2 D4,7,m
2101.625,D5 F#4 A3 D3 A2 D2 D4,7,m
2101.6666666666665,D5 F#4 C#4 A3 D3 A2 D2 D4,7,m
2101.75,D5 F#4 C#4 A3 D3 A2 D2 D4,7,m
2101.875,D5 F#4 C#4 A3 D3 A2 D2 D4,7,m
2102.0,D5 C4 A3 D3 A2 D2 D4,7,m
2102.125,D5 C4 A3 D3 A2 D2 D4,7,m
2102.25,D5 C4 A3 D3 A2 D2 D4,7,m
2102.375,D5 C4 A3 D3 A2 D2 D4,7,m
2102.5,D5 A4 A3 D3 A2 D2 D4,7,m
2102.625,D5 A4 A3 D3 A2 D2 D4,7,m
2102.75,D5 A4 A3 D3 A2 D2 D4,7,m
2102.875,D5 A4 A3 D3 A2 D2 D4,7,m
2103.0,D5 E-5 A3 D3 A2 D2 D4,7,m
2103.125,D5 E-5 A3 D3 A2 D2 D4,7,m
2103.25,D5 E-5 A3 D3 A2 D2 D4,7,m
2103.3333333333335,D5 A3 D3 A2 D2 D4,7,m
2103.375,D5 A3 D3 A2 D2 D4,7,m
2103.5,D5 A3 D3 A2 D2 D4,7,m
2103.625,D5 A3 D3 A2 D2 D4,7,m
2103.6666666666665,D5 D4 C5 A3 D3 A2 D2,7,m
2103.75,D5 D4 C5 A3 D3 A2 D2,7,m
2103.875,D5 D4 C5 A3 D3 A2 D2,7,m
2104.0,D5 D4 B4 A3 D3 A2 D2,7,m
2104.125,D4 B4 A3 D3 A2 D2 D5,7,m
2104.25,D4 B4 A3 D3 A2 D2 D5,7,m
2104.375,D4 B4 A3 D3 A2 D2 D5,7,m
2104.5,D4 B4 A3 D3 A2 D2 D5,7,m
2104.625,D4 B4 A3 D3 A2 D2 D5,7,m
2104.75,D4 B4 A3 D3 A2 D2 D5,7,m
2104.875,D4 B4 A3 D3 A2 D2 D5,7,m
2105.0,D4 A3 D3 A2 D2 D5,7,m
2105.125,D4 A3 D3 A2 D2 D5,7,m
2105.25,D4 A3 D3 A2 D2 D5,7,m
2105.3333333333335,C#4 D4 A3 D3 A2 D2 D5,7,m
2105.375,D4 C#4 A3 D3 A2 D2 D5,7,m
2105.5,D4 C#4 A3 D3 A2 D2 D5,7,m
2105.625,D4 C#4 A3 D3 A2 D2 D5,7,m
2105.6666666666665,D4 C4 A3 D3 A2 D2 D5,7,m
2105.75,D4 C4 A3 D3 A2 D2 D5,7,m
2105.875,D4 C4 A3 D3 D2 A2 D5,7,m
2106.0,B-3 D3 D2,7,m
2106.125,B-3 D3 D2,7,m
2106.25,B-3 D3 D2,7,m
2106.375,B-3 D3 D2,7,m
2106.5,G4 B-3 D3 D2,7,m
2106.625,G4 B-3 D3 D2,7,m
2106.75,G4 B-3 D3 D2,7,m
2106.875,G4 B-3 D3 D2,7,m
2107.0,C6 B-3 D3 D2,7,m
2107.125,C6 B-3 D3 D2,7,m
2107.25,C6 B-3 D3 D2,7,m
2107.3333333333335,B-5 B-3 D3 D2,7,m
2107.375,B-5 B-3 D3 D2,7,m
2107.5,B-5 B-3 D3 D2,7,m
2107.625,B-5 B-3 D3 D2,7,m
2107.6666666666665,A5 B-3 D3 D2,7,m
2107.75,A5 B-3 D3 D2 D5,7,m
2107.875,A5 B-3 D3 D2 D5,7,m
2108.0,D6 D3 G5 D5 G4 E-4,7,m
2108.125,D6 D3 G5 D5 G4 E-4,7,m
2108.25,D6 D3 G5 D5 G4 E-4,7,m
2108.375,D6 D3 G5 D5 G4 E-4,7,m
2108.5,D6 D3 G5 D5 G4 E-4,7,m
2108.625,D6 D3 G5 D5 G4 E-4,7,m
2108.75,D6 D3 G5 D5 G4 E-4,7,m
2108.875,D6 D3 G5 D5 G4 E-4,7,m
2109.0,D6 D3 A4 F5 D5 G4 E-4,7,m
2109.125,D6 D3 A4 F5 D5 G4 E-4,7,m
2109.25,D6 D3 A4 F5 D5 G4 E-4,7,m
2109.3333333333335,E-5 D6 D3 A4 D5 G4 E-4,7,m
2109.375,D6 D3 A4 E-5 D5 G4 E-4,7,m
2109.5,D6 D3 A4 E-5 D5 G4 E-4,7,m
2109.625,D6 D3 A4 E-5 D5 G4 E-4,7,m
2109.6666666666665,D6 D3 A4 D5 G4 E-4,7,m
2109.75,D6 D3 A4 D5 G4 E-4,7,m
2109.875,D6 D3 A4 D5 G4 E-4,7,m
2110.0,C4 D6 D3 D5 G4 E-4 G5,7,m
2110.125,C4 D6 D3 D5 G4 E-4 G5,7,m
2110.25,C4 D6 D3 D5 G4 E-4 G5,7,m
2110.375,C4 D6 D3 D5 G4 E-4 G5,7,m
2110.5,C4 D6 D3 G4 D5 E-4 G5,7,m
2110.625,C4 D6 D3 G4 D5 E-4 G5,7,m
2110.75,C4 D6 D3 G4 D5 E-4 G5,7,m
2110.875,C4 D6 D3 G4 D5 E-4 G5,7,m
2111.0,C4 D6 D3 C6 D5 G4 E-4 G5,7,m
2111.125,C4 D6 D3 C6 D5 G4 E-4 G5,7,m
2111.25,C4 D6 D3 C6 D5 G4 E-4 G5,7,m
2111.3333333333335,B-5 C4 D6 D3 D5 G4 E-4 G5,7,m
2111.375,C4 D6 D3 B-5 D5 G4 E-4 G5,7,m
2111.5,C4 D6 D3 B-5 D5 G4 E-4 G5,7,m
2111.625,C4 D6 D3 B-5 D5 G4 E-4 G5,7,m
2111.6666666666665,C4 D6 D3 A5 D5 G4 E-4 G5,7,m
2111.75,C4 D6 D3 A5 D5 G4 E-4 G5,7,m
2111.875,C4 D6 D3 A5 D5 G4 E-4 G5,7,m
2112.0,C4 D6 D3 G5 D5 G4 E-4,7,m
2112.125,C4 D6 D3 D5 G4 E-4 G5,7,m
2112.25,C4 D6 D3 D5 G4 E-4 G5,7,m
2112.375,C4 D6 D3 D5 G4 E-4 G5,7,m
2112.5,C4 D6 D3 D5 G4 E-4 G5,7,m
2112.625,C4 D6 D3 D5 G4 E-4 G5,7,m
2112.75,C4 D6 D3 D5 G4 E-4 G5,7,m
2112.875,C4 D6 D3 G5 D5 G4 E-4,7,m
2113.0,C4 D6 D3 A4 F5 D5 G4 E-4 G5,7,m
2113.125,C4 D6 D3 A4 F5 D5 G4 E-4 G5,7,m
2113.25,C4 D6 D3 A4 F5 D5 G4 E-4 G5,7,m
2113.3333333333335,E-5 C4 D6 D3 A4 D5 G4 E-4 G5,7,m
2113.375,C4 D6 D3 A4 E-5 D5 G4 E-4 G5,7,m
2113.5,C4 D6 D3 A4 E-5 D5 G4 E-4 G5,7,m
2113.625,C4 D6 D3 A4 E-5 D5 G4 E-4 G5,7,m
2113.6666666666665,C4 D6 D3 A4 D5 G4 E-4 G5,7,m
2113.75,A4 D6 D3 D5 G4 E-4,7,m
2113.875,D6 D3 A4 D5 G4 E-4,7,m
2114.0,A4 D6 D3 D5 G4 E-4,7,m
2114.125,A4 D6 D3 D5 G4 E-4,7,m
2114.25,A4 D6 D3 D5 G4 E-4,7,m
2114.375,A4 D6 D3 D5 G4 E-4,7,m
2114.5,A4 D6 D3 G4 D5 E-4,7,m
2114.625,A4 D6 D3 D5 E-4 G4,7,m
2114.75,A4 D6 D3 D5 E-4 G4,7,m
2114.875,A4 D6 D3 D5 E-4 G4,7,m
2115.0,D6 D3 C6 D5 G4 E-4,7,m
2115.125,D6 D3 C6 D5 G4 E-4,7,m
2115.25,D6 D3 C6 D5 G4 E-4,7,m
2115.3333333333335,B-5 D6 D3 D5 G4 E-4,7,m
2115.375,D6 D3 B-5 D5 G4 E-4,7,m
2115.5,D6 D3 B-5 D5 G4 E-4,7,m
2115.625,D6 D3 B-5 D5 G4 E-4,7,m
2115.6666666666665,D6 D3 A5 D5 E-4 G4,7,m
2115.75,D5 D3 A5 G4 E-4,7,m
2115.875,D5 D3 A5 G4 E-4,7,m
2116.0,D5 D3 G5 G4 E-4 A3,7,m
2116.125,D5 D3 G5 G4 E-4 A3,7,m
2116.25,D5 D3 G5 G4 E-4 A3,7,m
2116.375,D5 D3 G5 G4 E-4 A3,7,m
2116.5,D5 D3 G5 G4 E-4 A3,7,m
2116.625,D5 D3 G5 G4 E-4 A3,7,m
2116.75,D5 D3 G5 G4 E-4 A3,7,m
2116.875,D5 D3 G5 G4 E-4 A3,7,m
2117.0,D5 D3 A4 F5 G4 E-4 A3,7,m
2117.125,D5 D3 A4 F5 G4 E-4 A3,7,m
2117.25,D5 D3 A4 F5 G4 E-4 A3,7,m
2117.3333333333335,E-5 D5 D3 A4 G4 E-4 A3,7,m
2117.375,D5 D3 A4 E-5 G4 E-4 A3,7,m
2117.5,D5 D3 A4 E-5 G4 E-4 A3,7,m
2117.625,D5 D3 A4 E-5 G4 E-4 A3,7,m
2117.6666666666665,D5 D3 A4 G4 E-4 A3,7,m
2117.75,D3 A4 D5 G4 E-4 A3,7,m
2117.875,D3 A4 D5 G4 E-4 A3,7,m
2118.0,D3 D5 G4 E-4 A3,7,m
2118.125,D3 D5 G4 E-4 A3,7,m
2118.25,D3 D5 G4 E-4 A3,7,m
2118.375,D3 D5 G4 E-4 A3,7,m
2118.5,D3 G4 D5 E-4 A3,7,m
2118.625,D3 G4 D5 E-4 A3,7,m
2118.75,D3 G4 D5 E-4 A3,7,m
2118.875,D3 G4 D5 E-4 A3,7,m
2119.0,D3 C6 D5 G4 E-4 A3,7,m
2119.125,D3 C6 D5 G4 E-4 A3,7,m
2119.25,D3 C6 D5 G4 E-4 A3,7,m
2119.3333333333335,B-5 D3 D5 G4 E-4 A3,7,m
2119.375,D3 B-5 D5 G4 E-4 A3,7,m
2119.5,D3 B-5 D5 G4 E-4 A3,7,m
2119.625,D3 B-5 D5 G4 E-4 A3,7,m
2119.6666666666665,D3 A5 D5 G4 E-4 A3,7,m
2119.75,D3 A5 D5 G4 E-4 A3,7,m
2119.875,D3 A5 D5 G4 E-4 A3,7,m
2120.0,D3 G5 D5 G4 E-4,7,m
2120.125,D3 G5 D5 G4 E-4,7,m
2120.25,D3 G5 D5 G4 E-4,7,m
2120.375,D3 G5 D5 G4 E-4,7,m
2120.5,D3 G5 D5 G4 E-4,7,m
2120.625,D3 G5 D5 G4 E-4,7,m
2120.75,D3 G5 D5 G4 E-4,7,m
2120.875,D3 G5 D5 G4 E-4,7,m
2121.0,D3 A4 F5 D5 G4 E-4,7,m
2121.125,D3 A4 F5 D5 G4 E-4,2,m
2121.25,D3 A4 F5 D5 G4 E-4,2,m
2121.3333333333335,E-5 D3 A4 D5 G4 E-4,2,m
2121.375,D3 A4 E-5 D5 G4 E-4,2,m
2121.5,D3 A4 E-5 D5 G4 E-4,2,m
2121.625,D3 A4 E-5 D5 G4 E-4,2,m
2121.6666666666665,D3 A4 D5 G4 E-4,2,m
2121.75,D3 A4 D5 G4 E-4,2,m
2121.875,D3 A4 D5 G4 E-4,2,m
2122.0,D3 C#5 E-5 B-4 F#4,2,m
2122.125,D3 C#5 E-5 B-4 F#4,2,m
2122.25,D3 C#5 E-5 B-4 F#4,2,m
2122.375,D3 C#5 E-5 B-4 F#4,2,m
2122.5,D3 B-4 E-5 F#4,2,m
2122.625,D3 E-5 F#4 B-4,2,m
2122.75,D3 E-5 F#4 B-4,2,m
2122.875,D3 B-4 E-5 F#4,2,m
2123.0,D3 F#5 E-5 B-4 F#4,2,m
2123.125,D3 F#5 E-5 B-4 F#4,2,m
2123.25,D3 F#5 E-5 B-4 F#4,2,m
2123.3333333333335,F5 D3 E-5 B-4 F#4,2,m
2123.375,D3 F5 E-5 B-4 F#4,2,m
2123.5,D3 F5 E-5 B-4 F#4,2,m
2123.625,D3 F5 E-5 B-4 F#4,2,m
2123.6666666666665,D3 E-5 B-4 F#4,2,m
2123.75,D3 E-5 B-4 F#4,2,m
2123.875,D3 E-5 B-4 F#4,2,m
2124.0,D6 D4 D3 A4 F4 D2 D5,2,m
2124.125,D6 D4 D3 A4 F4 D2 D5,2,m
2124.25,D6 D4 D3 A4 F4 D2 D5,2,m
2124.375,D6 D4 D3 A4 F4 D2 D5,2,m
2124.5,D6 D4 D3 A4 F4 D2 D5,2,m
2124.625,D6 D4 D3 A4 F4 D2 D5,2,m
2124.6666666666665,D6 D4 D3 A4 F4 D2 D5,2,m
2124.75,D6 D4 D3 A4 F4 D2 D5,2,m
2124.875,D6 D4 D3 A4 F4 D2 D5,2,m
2125.0,D6 D4 E4 A4 F4 D2 D5,2,m
2125.125,D6 D4 E4 A4 F4 D2 D5,2,m
2125.25,D6 D4 E4 A4 F4 D2 D5,2,m
2125.3333333333335,F4 D2 D6 D4 A4 D5,2,m
2125.375,D6 D4 F4 A4 D2 D5,2,m
2125.5,D6 D4 F4 A4 D2 D5,2,m
2125.625,D6 D4 F4 A4 D2 D5,2,m
2125.6666666666665,D6 D4 G4 A4 F4 D2 D5,2,m
2125.75,D6 D4 G4 A4 F4 D2 D5,2,m
2125.875,D6 D4 G4 A4 F4 D2 D5,2,m
2126.0,D6 F4 D3 A4 A2 D2 D5 A3 D4 F3,2,m
2126.125,D6 F4 D3 A4 A2 D2 D5 A3 D4 F3,2,m
2126.25,D6 F4 D3 A4 A2 D2 D5 A3 D4 F3,2,m
2126.375,D6 F4 D3 A4 A2 D2 D5 A3 D4 F3,2,m
2126.5,D6 F4 D3 A2 D2 D5 A3 D4 F3,2,m
2126.625,D6 F4 D3 A2 D2 D5 A3 D4 F3,2,m
2126.6666666666665,D6 F4 D3 A2 D2 D5 A3 D4 F3,2,m
2126.75,D6 F4 D3 A2 D2 D5 A3 D4 F3,2,m
2126.875,D6 F4 D3 A2 D2 D5 A3 D4 F3,2,m
2127.0,F4 D3 A4 A2 D2 D5 A3 D4 F3,2,m
2127.125,F4 D3 A4 A2 D2 D5 A3 D4 F3,2,m
2127.25,F4 D3 A4 A2 D2 D5 A3 D4 F3,2,m
2127.3333333333335,E5 A2 D2 F4 D3 D5 A3 D4 F3,2,m
2127.375,F4 D3 E5 A2 D2 D5 A3 D4 F3,2,m
2127.5,F4 D3 E5 A2 D2 D5 A3 D4 F3,2,m
2127.625,F4 D3 E5 A2 D2 D5 A3 D4 F3,2,m
2127.6666666666665,D3 F4 F5 A2 D2 D5 A3 D4 F3,2,m
2127.75,F4 D3 F5 A2 D2 D4 A3 F3,2,m
2127.875,F4 D3 F5 A2 D2 D4 A3 F3,2,m
2128.0,F4 D3 D5 A2 D2 D4 A3 F3,2,m
2128.125,F4 D3 D5 A2 D2 A3 D4 F3,2,m
2128.25,F4 D3 D5 A2 D2 A3 D4 F3,2,m
2128.375,F4 D3 D5 A2 D2 A3 D4 F3,2,m
2128.5,F4 D3 D5 A2 D2 A3 D4 F3,2,m
2128.625,F4 D3 D5 A2 D2 A3 D4 F3,2,m
2128.6666666666665,F4 D3 D5 A2 D2 A3 D4 F3,2,m
2128.75,F4 D3 D5 A2 D2 A3 D4 F3,2,m
2128.875,F4 D3 D5 A2 D2 A3 D4 F3,2,m
2129.0,F4 D3 A4 A2 D2 A3 D4 E4 F3,2,m
2129.125,F4 D3 A4 A2 D2 A3 D4 E4 F3,2,m
2129.25,F4 D3 A4 A2 D2 A3 D4 E4 F3,2,m
2129.3333333333335,B-4 A2 D2 F4 D3 A4 A3 D4 E4 F3,2,m
2129.375,F4 D3 A4 B-4 A2 D2 A3 D4 E4 F3,2,m
2129.5,F4 D3 A4 B-4 A2 D2 A3 D4 E4 F3,2,m
2129.625,F4 D3 A4 B-4 A2 D2 A3 D4 E4 F3,2,m
2129.6666666666665,F4 D3 A4 A2 D2 A3 D4 E4 F3,2,m
2129.75,F4 D3 A4 A2 D2 A3 D4 E4 F3,2,m
2129.875,F4 D3 A4 A2 D2 A3 D4 E4 F3,2,m
2130.0,D3 C#5 B-2 B-1 B-3 D4 F4 F3,2,m
2130.125,D3 C#5 B-2 B-1 B-3 D4 F4 F3,2,m
2130.25,D3 C#5 B-2 B-1 B-3 D4 F4 F3,2,m
2130.375,D3 C#5 B-2 B-1 B-3 D4 F4 F3,2,m
2130.5,D3 D5 B-2 B-1 B-3 D4 F4 F3,2,m
2130.625,D3 B-2 D5 F3 B-1 B-3 D4 F4,2,m
2130.6666666666665,D3 B-2 D5 F3 B-1 B-3 D4 F4,2,m
2130.75,D3 D5 B-2 B-1 B-3 D4 F4 F3,2,m
2130.875,D3 D5 B-2 B-1 B-3 D4 F4 F3,2,m
2131.0,D3 G5 B-2 B-1 B-3 D4 F4 F3,2,m
2131.125,D3 G5 B-2 B-1 B-3 D4 F4 F3,2,m
2131.25,D3 B-2 G5 F3 B-1 B-3 D4 F4,2,m
2131.3333333333335,F5 B-2 F3 B-1 D3 B-3 D4 F4,2,m
2131.375,D3 F5 B-2 B-1 B-3 D4 F4 F3,2,m
2131.5,D3 F5 B-2 B-1 B-3 D4 F4 F3,2,m
2131.625,D3 F5 B-2 B-1 B-3 D4 F4 F3,2,m
2131.6666666666665,D3 E5 B-2 B-1 B-3 D4 F4 F3,2,m
2131.75,D3 E5 B-2 B-1 B-3 D4 F4 F3,2,m
2131.875,D3 E5 B-2 B-1 B-3 D4 F4 F3,2,m
2132.0,F4 G#3 D5 F2 F1 C4 G#4 C3,2,m
2132.125,F4 G#3 D5 F2 F1 C4 G#4 C3,?,?
2132.25,F4 G#3 D5 F2 F1 C4 G#4 C3,?,?
2132.375,F4 G#3 D5 F2 F1 C4 G#4 C3,?,?
2132.5,F4 G#3 D5 F2 F1 C4 G#4 C3,?,?
2132.625,F4 G#3 F2 D5 C3 F1 C4 G#4,?,?
2132.6666666666665,F4 G#3 F2 D5 C3 F1 C4 G#4,?,?
2132.75,F4 G#3 D5 F2 F1 C4 G#4 C3,?,?
2132.875,F4 G#3 D5 F2 F1 C4 G#4 C3,?,?
2133.0,F4 G#3 D4 F2 F1 C4 G#4 C3,?,?
2133.125,G#3 D4 F4 F2 F1 C4 G#4 C3,?,?
2133.25,F4 G#3 F2 D4 C3 F1 C4 G#4,?,?
2133.3333333333335,G4 F2 C3 F1 F4 G#3 D4 C4 G#4,?,?
2133.375,F4 G#3 D4 G4 F2 F1 C4 G#4 C3,?,?
2133.5,F4 G#3 D4 G4 F2 F1 C4 G#4 C3,?,?
2133.625,F4 G#3 D4 G4 F2 F1 C4 G#4 C3,?,?
2133.6666666666665,F4 G#3 D4 F2 F1 C4 G#4 C3,?,?
2133.75,G#3 D4 F4 F2 F1 C4 G#4 C3,?,?
2133.875,F4 G#3 F2 D4 C3 F1 C4 G#4,?,?
2134.0,F4 G#3 F2 E5 C3 F1 D4 C4 G#4,?,?
2134.125,F4 G#3 E5 F2 F1 D4 C4 G#4 C3,0,m
2134.25,F4 G#3 E5 F2 F1 D4 C4 G#4 C3,0,m
2134.375,F4 G#3 E5 F2 F1 D4 C4 G#4 C3,0,m
2134.5,F4 G#3 D5 F2 F1 D4 C4 G#4 C3,0,m
2134.625,F4 G#3 F2 D5 C3 F1 D4 C4 G#4,0,m
2134.6666666666665,F4 G#3 F2 D5 C3 F1 D4 C4 G#4,0,m
2134.75,F4 G#3 D5 F2 F1 D4 C4 G#4 C3,0,m
2134.875,F4 G#3 D5 F2 F1 C4 G#4 C3,0,m
2135.0,F4 G#3 G5 F2 F1 C4 G#4 C3,0,m
2135.125,F4 G#3 G5 F2 F1 C4 G#4 C3,0,m
2135.25,F4 G#3 F2 G5 C3 F1 C4 G#4,0,m
2135.3333333333335,F5 F2 C3 F1 F4 G#3 C4 G#4,0,m
2135.375,F4 G#3 F5 F2 F1 C4 G#4 C3,0,m
2135.5,F4 G#3 F5 F2 F1 C4 G#4 C3,0,m
2135.625,F4 G#3 F5 F2 F1 C4 G#4 C3,0,m
2135.6666666666665,F4 G#3 B4 F2 F1 C4 G#4 C3,0,m
2135.75,F4 G#3 B4 F2 F1 C4 G#4 C3,0,m
2135.875,F4 G#3 B4 F2 C3 F1 C4 G#4,0,m
2136.0,E3 D5 C3 G3 C2 C4 E4 G4,0,m
2136.125,E3 D5 G3 C2 C4 E4 G4 C3,8,m
2136.25,E3 D5 G3 C2 C4 E4 G4 C3,8,m
2136.375,E3 D5 G3 C2 C4 E4 G4 C3,8,m
2136.5,E3 D5 G3 C2 C4 E4 G4 C3,8,m
2136.625,E3 D5 G3 C2 C4 E4 G4 C3,8,m
2136.6666666666665,E3 D5 G3 C2 C4 E4 G4 C3,8,m
2136.75,E3 D5 G3 C2 C4 E4 G4 C3,8,m
2136.875,E3 D5 G3 C2 C4 E4 G4 C3,8,m
2137.0,E3 C5 D4 G3 C2 C4 E4 G4 C3,8,m
2137.125,E3 C5 D4 G3 C2 C4 E4 G4 C3,8,m
2137.25,E3 C5 D4 G3 C2 C4 E4 G4 C3,8,m
2137.3333333333335,G4 C3 G3 C2 E3 C5 C4 E4,8,m
2137.375,E3 C5 G3 C2 C4 E4 G4 C3,8,m
2137.5,E3 C5 G3 C2 C4 E4 G4 C3,8,m
2137.625,E3 C5 G3 C2 C4 E4 G4 C3,8,m
2137.6666666666665,E3 C5 G#4 G3 C2 C4 E4 G4 C3,8,m
2137.75,E3 C5 G#4 G3 C2 C4 E4 G4 C3,8,m
2137.875,E3 C5 G#4 G3 C2 C4 E4 G4 C3,8,m
2138.0,B4 C4 E3 C3 G3 C2,8,m
2138.125,B4 C4 E3 C3 G3 C2,8,m
2138.25,B4 C4 E3 C3 G3 C2,8,m
2138.375,B4 C4 E3 C3 G3 C2,8,m
2138.5,C5 C4 E3 C3 G3 C2,8,m
2138.625,C5 C4 E3 C3 G3 C2,8,m
2138.6666666666665,C5 C4 E3 C3 G3 C2,8,m
2138.75,C5 C4 E3 C3 G3 C2,8,m
2138.875,C5 C4 E3 C3 G3 C2,8,m
2139.0,B-5 C4 E3 C3 G3 C2,8,m
2139.125,B-5 C4 E3 C3 G3 C2,8,m
2139.25,B-5 C4 E3 C3 G3 C2,8,m
2139.3333333333335,G#5 C3 G3 C2 C4 E3,8,m
2139.375,G#5 C4 E3 C3 G3 C2,8,m
2139.5,G#5 C4 E3 C3 G3 C2,8,m
2139.625,G#5 C4 E3 C3 G3 C2,8,m
2139.6666666666665,G5 C4 E3 C3 G3 C2,8,m
2139.75,G5 C4 E3 C3 G3 C2,8,m
2139.875,G5 C4 E3 C3 G3 C2,8,m
2140.0,E-6 E-4 G#5 B3 G#3 G#2 E-3 G#1 E-5,8,m
2140.125,E-6 E-4 G#5 B3 G#3 G#2 E-3 G#1 E-5,8,m
2140.25,E-6 E-4 G#5 B3 G#3 G#2 E-3 G#1 E-5,8,m
2140.375,E-6 E-4 G#5 B3 G#3 G#2 E-3 G#1 E-5,8,m
2140.5,E-6 E-4 G#5 B3 G#3 G#2 E-3 G#1 E-5,8,m
2140.625,E-6 E-4 G#5 B3 G#3 G#2 E-3 G#1 E-5,8,m
2140.6666666666665,E-6 E-4 G#5 B3 G#3 G#2 E-3 G#1 E-5,8,m
2140.75,E-6 E-4 G#5 B3 G#3 G#2 E-3 G#1 E-5,8,m
2140.875,E-6 E-4 G#5 B3 G#3 G#2 E-3 G#1 E-5,8,m
2141.0,E-6 E-4 B4 B-4 B3 G#3 G#2 E-3 G#1 E-5,8,m
2141.125,E-6 E-4 B4 B-4 B3 G#3 G#2 E-3 G#1 E-5,8,m
2141.25,E-6 E-4 B4 B-4 B3 G#3 G#2 E-3 G#1 E-5,8,m
2141.3333333333335,G#4 G#2 E-3 G#1 E-6 E-4 B4 B3 G#3 E-5,8,m
2141.375,E-6 E-4 B4 G#4 B3 G#3 G#2 E-3 G#1 E-5,8,m
2141.5,E-6 E-4 B4 G#4 B3 G#3 G#2 E-3 G#1 E-5,8,m
2141.625,E-6 E-4 B4 G#4 B3 G#3 G#2 E-3 G#1 E-5,8,m
2141.6666666666665,E-6 E-4 B4 G4 B3 G#3 G#2 E-3 G#1 E-5,8,m
2141.75,E-5 B4 G4 B3 G#3 G#2 E-3 G#1 E-4,8,m
2141.875,E-5 B4 G4 B3 G#3 G#2 E-3 G#1 E-4,8,m
2142.0,G#3 G#2 G#1 E-5 B3 E-4 G#4 E-3,8,m
2142.125,G#3 G#2 G#1 E-5 B3 E-4 G#4 E-3,8,m
2142.25,G#3 G#2 G#1 E-5 B3 E-4 G#4 E-3,8,m
2142.375,G#3 G#2 G#1 E-5 B3 E-4 G#4 E-3,8,m
2142.5,G#3 G#2 G#1 E-5 B3 E-4 G#4 E-3,8,m
2142.625,G#3 G#2 G#1 E-5 B3 E-4 G#4 E-3,8,m
2142.6666666666665,G#3 G#2 G#1 E-5 B3 E-4 G#4 E-3,8,m
2142.75,G#3 G#2 G#1 E-5 B3 E-4 G#4 E-3,8,m
2142.875,E-5 G#3 G#2 G#1 B3 E-4 G#4 E-3,8,m
2143.0,G#3 B-5 G#2 G#1 E-5 B3 E-4 G#4 E-3,8,m
2143.125,G#3 B-5 G#2 G#1 E-5 B3 E-4 G#4 E-3,8,m
2143.25,G#3 G#2 B-5 G#1 E-5 B3 E-4 G#4 E-3,8,m
2143.3333333333335,G#5 G#2 E-3 G#1 G#3 E-5 B3 E-4 G#4,8,m
2143.375,G#3 G#5 G#2 G#1 E-5 B3 E-4 G#4 E-3,8,m
2143.5,G#3 G#5 G#2 G#1 E-5 B3 E-4 G#4 E-3,8,m
2143.625,G#3 G#5 G#2 G#1 E-5 B3 E-4 G#4 E-3,8,m
2143.6666666666665,E-3 G#3 G5 G#2 G#1 E-5 B3 E-4 G#4,8,m
2143.75,G#3 G5 G#2 G#1 E-4 B3 G#4 E-3,8,m
2143.875,G#3 G#2 G5 E-3 G#1 E-4 B3 G#4,8,m
2144.0,G#3 G#2 G#5 E-3 G#1 E-4 B3 G#4,8,m
2144.125,G#3 G#5 G#2 G#1 B3 E-4 G#4 E-3,8,m
2144.25,G#3 G#5 G#2 G#1 B3 E-4 G#4 E-3,8,m
2144.375,G#3 G#5 G#2 G#1 B3 E-4 G#4 E-3,8,m
2144.5,G#3 G#5 G#2 G#1 B3 E-4 G#4 E-3,8,m
2144.625,G#3 G#2 G#5 E-3 G#1 B3 E-4 G#4,8,m
2144.6666666666665,G#3 G#2 G#5 E-3 G#1 B3 E-4 G#4,8,m
2144.75,G#3 G#5 G#2 G#1 B3 E-4 G#4 E-3,8,m
2144.875,G#4 G#3 G#5 G#2 G#1 E-4 B3 E-3,8,m
2145.0,G#4 G#3 B4 G#2 G#1 B3 E-4 B-4 E-3,8,m
2145.125,G#4 G#3 B4 G#2 G#1 B3 E-4 B-4 E-3,8,m
2145.25,G#4 G#3 G#2 B4 B-4 E-3 G#1 B3 E-4,8,m
2145.3333333333335,G#4 G#2 E-3 G#1 G#3 B4 B3 E-4 B-4,8,m
2145.375,G#3 B4 G#4 G#2 G#1 B3 E-4 B-4 E-3,8,m
2145.5,G#3 B4 G#4 G#2 G#1 B3 E-4 B-4 E-3,8,m
2145.625,G#4 G#3 B4 G#2 G#1 B3 E-4 B-4 E-3,8,m
2145.6666666666665,G#4 G#3 B4 G4 G#2 G#1 B3 E-4 B-4 E-3,8,m
2145.75,G#4 G#3 B4 G4 G#2 G#1 B3 E-4 B-4 E-3,8,m
2145.875,G#4 G#3 B4 G4 G#2 G#1 B3 E-4 B-4 E-3,8,m
2146.0,G#4 E3 E2 B3 E4 B4 G#3,8,m
2146.125,G#4 E3 E2 B3 E4 B4 G#3,8,m
2146.25,G#4 E3 E2 B3 E4 B4 G#3,8,m
2146.375,G#4 E3 E2 B3 E4 B4 G#3,8,m
2146.5,G#4 E3 E2 B3 E4 B4 G#3,8,m
2146.625,E3 G#4 E2 B3 E4 B4 G#3,8,m
2146.6666666666665,E3 G#4 E2 B3 E4 B4 G#3,8,m
2146.75,G#4 E3 E2 B3 E4 B4 G#3,8,m
2146.875,G#4 E3 E2 B3 E4 B4 G#3,8,m
2147.0,G#4 B-5 E3 E2 B3 E4 B4 G#3,8,m
2147.125,G#4 B-5 E3 E2 B3 E4 B4 G#3,11,m
2147.25,G#4 E3 B-5 E2 B3 E4 B4 G#3,11,m
2147.3333333333335,G#5 E3 G#3 E2 G#4 B3 E4 B4,11,m
2147.375,G#4 G#5 E3 E2 B3 E4 B4 G#3,11,m
2147.5,G#4 G#5 E3 E2 B3 E4 B4 G#3,11,m
2147.625,G#4 G#5 E3 E2 B3 E4 B4 G#3,11,m
2147.6666666666665,G#4 G5 E3 E2 B3 E4 B4 G#3,11,m
2147.75,G#4 G5 E3 E2 B3 E4 B4 G#3,11,m
2147.875,G#4 G5 E3 E2 B3 E4 B4 G#3,11,m
2148.0,F#4 B4 D3 G#5 B2 B1 B3 D4 D5 F#3,11,m
2148.125,F#4 B4 D3 G#5 B2 B1 B3 D4 D5 F#3,11,m
2148.25,F#4 B4 D3 G#5 B2 B1 B3 D4 D5 F#3,11,m
2148.375,F#4 B4 D3 G#5 B2 B1 B3 D4 D5 F#3,11,m
2148.5,F#4 B4 D3 G#5 B2 B1 B3 D4 D5 F#3,11,m
2148.625,F#4 B4 D3 B2 G#5 F#3 B1 B3 D4 D5,11,m
2148.6666666666665,F#4 B4 D3 B2 G#5 F#3 B1 B3 D4 D5,11,m
2148.75,F#4 B4 D3 G#5 B2 B1 B3 D4 D5 F#3,11,m
2148.875,F#4 B4 D3 G#5 B2 B1 B3 D4 D5 F#3,11,m
2149.0,F#4 B4 D3 B-4 B2 B1 B3 D4 D5 F#3,11,m
2149.125,F#4 D3 B4 B-4 B2 B1 B3 D4 D5 F#3,11,m
2149.25,F#4 D3 B2 B4 B-4 F#3 B1 B3 D4 D5,11,m
2149.3333333333335,G#4 B2 F#3 B1 F#4 D3 B4 B3 D4 D5,11,m
2149.375,F#4 D3 B4 G#4 B2 B1 B3 D4 D5 F#3,11,m
2149.5,F#4 D3 B4 G#4 B2 B1 B3 D4 D5 F#3,11,m
2149.625,F#4 D3 B4 G#4 B2 B1 B3 D4 D5 F#3,11,m
2149.6666666666665,F#4 D3 B4 G4 B2 B1 B3 D4 D5 F#3,11,m
2149.75,F#4 D3 B4 G4 B2 B1 B3 D4 D5 F#3,11,m
2149.875,F#4 B4 D3 B2 G4 F#3 B1 B3 D4 D5,11,m
2150.0,F#4 B4 D3 B2 F#3 B1 G#4 B3 D4 D5,11,m
2150.125,F#4 B4 D3 B2 B1 G#4 B3 D4 D5 F#3,11,m
2150.25,F#4 B4 D3 B2 B1 G#4 B3 D4 D5 F#3,11,m
2150.375,F#4 B4 D3 B2 B1 G#4 B3 D4 D5 F#3,11,m
2150.5,F#4 B4 D3 B2 B1 G#4 B3 D4 D5 F#3,11,m
2150.625,F#4 B4 D3 B2 F#3 B1 G#4 B3 D4 D5,11,m
2150.6666666666665,F#4 B4 D3 B2 F#3 B1 G#4 B3 D4 D5,11,m
2150.75,F#4 B4 D3 G#4 B2 B1 B3 D4 D5 F#3,11,m
2150.875,F#4 B4 D3 G#4 B2 B1 G#5 B3 D4 D5 F#3,11,m
2151.0,F#4 B4 D3 B-5 B2 B1 B3 D4 D5 F#3,11,m
2151.125,F#4 B4 D3 B-5 B2 B1 B3 D4 D5 F#3,11,m
2151.25,F#4 B4 D3 B2 B-5 F#3 B1 B3 D4 D5,11,m
2151.3333333333335,G#5 B2 F#3 B1 F#4 B4 D3 B3 D4 D5,11,m
2151.375,F#4 B4 D3 G#5 B2 B1 B3 D4 D5 F#3,11,m
2151.5,F#4 B4 D3 G#5 B2 B1 B3 D4 D5 F#3,11,m
2151.625,F#4 B4 D3 G#5 B2 B1 B3 D4 D5 F#3,11,m
2151.6666666666665,F#4 B4 D3 F5 B2 B1 B3 D4 D5 F#3,11,m
2151.75,F#4 B4 D3 F5 B2 B1 B3 D4 D5 F#3,11,m
2151.875,F#4 B4 D3 F5 B2 F#3 B1 B3 D4 D5,11,m
2152.0,B-4 B-3 C#6 F#2 F#3 F#1 C#4 F#4 C#5,11,m
2152.125,B-4 B-3 C#6 F#2 F#1 C#4 F#4 C#5 F#3,11,m
2152.25,B-4 B-3 C#6 F#2 F#1 C#4 F#4 C#5 F#3,11,m
2152.375,B-4 B-3 C#6 F#2 F#1 C#4 F#4 C#5 F#3,11,m
2152.5,B-4 B-3 C#6 F#2 F#1 C#4 F#4 C#5 F#3,11,m
2152.625,B-4 B-3 F#2 C#6 F#3 F#1 C#4 F#4 C#5,11,m
2152.6666666666665,B-4 B-3 F#2 C#6 F#3 F#1 C#4 F#4 C#5,11,m
2152.75,B-4 B-3 C#6 F#2 F#1 C#4 F#4 C#5 F#3,11,m
2152.875,B-4 B-3 C#6 F#2 F#1 C#4 F#4 C#5 F#3,11,m
2153.0,B-4 B-3 C#5 F#2 F#1 C#4 F#4 F#3,11,m
2153.125,B-3 B-4 F#2 F#1 C#4 F#4 C#5 F#3,11,m
2153.25,B-4 B-3 F#2 F#3 F#1 C#4 F#4 C#5,11,m
2153.3333333333335,G#4 F#2 F#3 F#1 B-4 B-3 C#4 F#4 C#5,11,m
2153.375,B-4 B-3 G#4 F#2 F#1 C#4 F#4 C#5 F#3,11,m
2153.5,B-4 B-3 G#4 F#2 F#1 C#4 F#4 C#5 F#3,11,m
2153.625,B-4 B-3 G#4 F#2 F#1 C#4 F#4 C#5 F#3,11,m
2153.6666666666665,B-4 B-3 F4 F#2 F#1 C#4 F#4 C#5 F#3,11,m
2153.75,B-4 B-3 F4 F#2 F#1 C#4 F#4 C#5 F#3,11,m
2153.875,B-4 B-3 F4 F#2 F#1 C#4 F#4 C#5 F#3,11,m
2154.0,C#5 C#4 B-3 F#2 F#3 F#1,11,m
2154.125,C#5 C#4 B-3 F#2 F#3 F#1,11,m
2154.25,C#5 C#4 B-3 F#2 F#3 F#1,11,m
2154.375,C#5 C#4 B-3 F#2 F#3 F#1,11,m
2154.5,C#5 C#4 B-3 F#2 F#3 F#1,11,m
2154.625,C#5 C#4 B-3 F#2 F#3 F#1,11,m
2154.6666666666665,C#5 C#4 B-3 F#2 F#3 F#1,11,m
2154.75,C#5 C#4 B-3 F#2 F#3 F#1,11,m
2154.875,C#5 C#4 B-3 F#2 F#3 F#1,11,m
2155.0,E6 C#4 B-3 F#2 F#3 F#1,11,m
2155.125,E6 C#4 B-3 F#2 F#3 F#1,11,m
2155.25,C#4 B-3 F#2 F#3 F#1,11,m
2155.3333333333335,E-6 F#2 F#3 F#1 C#4 B-3,11,m
2155.375,E-6 C#4 B-3 F#2 F#3 F#1,11,m
2155.5,E-6 C#4 B-3 F#2 F#3 F#1,11,m
2155.5833333333335,C#4 B-3 F#2 F#3 F#1,11,m
2155.625,C#4 B-3 F#2 F#3 F#1,11,m
2155.6666666666665,E6 C#4 B-3 F#2 F#3 F#1,11,m
2155.75,E6 C#4 B-3 F#2 F#3 F#1,11,m
2155.875,E6 C#4 B-3 F#2 F#3 F#1,11,m
2155.9166666666665,C#4 B-3 F#2 F#3 F#1,11,m
2156.0,G4 G3 E3 B3 E2 E6,11,m
2156.125,G4 G3 E3 B3 E2 E6,11,m
2156.25,G4 G3 E3 B3 E2 E6,11,m
2156.375,G4 G3 E3 B3 E2 E6,11,m
2156.5,G4 G3 E3 B3 E2 E6,11,m
2156.625,G4 G3 E3 B3 E2 E6,11,m
2156.6666666666665,G4 G3 E3 B3 E2 E6,11,m
2156.75,G4 G3 E3 B3 E2 E6,11,m
2156.875,G4 G3 E3 B3 E2 E6,11,m
2157.0,E5 G4 G3 E3 B3 E2 E6,11,m
2157.125,E5 G4 G3 E3 B3 E2 E6,11,m
2157.25,E5 G4 G3 E3 B3 E2 E6,11,m
2157.3333333333335,E-5 E3 B3 E2 E5 G4 G3 E6,11,m
2157.375,E5 E-5 G4 G3 E3 B3 E2 E6,11,m
2157.5,E5 E-5 G4 G3 E3 B3 E2 E6,11,m
2157.5833333333335,E5 G4 G3 E3 B3 E2 E6,11,m
2157.625,E5 G4 G3 E3 B3 E2 E6,11,m
2157.6666666666665,E6 E5 G4 G3 E3 B3 E2,11,m
2157.75,E6 E5 G4 G3 E3 B3 E2,11,m
2157.875,E5 G4 G3 E3 B3 E2 E6,11,m
2157.9166666666665,E6 G4 G3 E3 B3 E2,11,m
2158.0,E6 G3 G4 E3 E2 E5 E4 B3,11,m
2158.125,G3 G4 E3 E2 E6 E5 E4 B3,11,m
2158.25,G3 G4 E3 E2 E6 E5 E4 B3,11,m
2158.375,G3 G4 E3 E2 E6 E5 E4 B3,11,m
2158.5,G3 G4 E3 E2 E6 E5 E4 B3,11,m
2158.625,G3 G4 E3 B3 E2 E6 E5 E4,11,m
2158.6666666666665,G3 G4 E3 B3 E2 E6 E5 E4,11,m
2158.75,G3 G4 E3 E2 E6 E5 E4 B3,11,m
2158.875,E6 G3 G4 E3 E2 E5 E4 B3,11,m
2159.0,G3 G4 E6 F4 E3 E2 E5 E4 B3,11,m
2159.125,G3 G4 E6 F4 E3 E2 E5 E4 B3,4,m
2159.25,G3 G4 E3 F4 B3 E2 E6 E5 E4,4,m
2159.3333333333335,E-6 E3 B3 E2 G3 G4 F4 E6 E5 E4,4,m
2159.375,G3 G4 E-6 F4 E3 E2 E6 E5 E4 B3,4,m
2159.5,G3 G4 E-6 F4 E3 E2 E6 E5 E4 B3,4,m
2159.5833333333335,G3 G4 F4 E3 E2 E6 E5 E4 B3,4,m
2159.625,G3 G4 F4 E3 E2 E6 E5 E4 B3,4,m
2159.6666666666665,G3 G4 E6 F4 E3 E2 E5 E4 B3,4,m
2159.75,G3 G4 F4 E3 E2 E6 E5 E4 B3,4,m
2159.875,G3 G4 E6 E3 E2 E5 E4 B3,4,m
2159.9166666666665,G3 G4 E3 B3 E2 E6 E5 E4,4,m
2160.0,G3 G4 E3 E6 B3 E2 E5 E4,4,m
2160.125,G3 G4 E3 E2 E6 E5 E4 B3,4,m
2160.25,G3 G4 E3 E2 E6 E5 E4 B3,4,m
2160.375,G3 G4 E3 E2 E6 E5 E4 B3,4,m
2160.5,G3 G4 E3 E2 E6 E5 E4 B3,4,m
2160.625,G3 G4 E3 B3 E2 E6 E5 E4,4,m
2160.6666666666665,G3 G4 E3 B3 E2 E6 E5 E4,4,m
2160.75,G3 G4 E6 E3 E2 E5 E4 B3,4,m
2160.875,E4 E5 G3 G4 E3 E2 E6 B3,4,m
2161.0,E5 G3 G4 E3 E2 E6 F5 F4 E4 B3,4,m
2161.125,G3 G4 E5 E3 E2 E6 F5 E4 F4 B3,4,m
2161.25,G3 G4 E3 E5 B3 E2 E6 F5 E4 F4,4,m
2161.3333333333335,E-5 E3 B3 E2 G3 G4 E5 E6 F5 E4 F4,4,m
2161.375,G3 G4 E5 E-5 E3 E2 E6 F5 E4 F4 B3,4,m
2161.5,G3 G4 E5 E-5 E3 E2 E6 F5 E4 F4 B3,4,m
2161.5833333333335,G3 G4 E5 E3 E2 E6 F5 E4 F4 B3,4,m
2161.625,G3 G4 E5 E3 E2 E6 F5 E4 F4 B3,4,m
2161.6666666666665,G3 G4 E5 E3 E2 E6 F5 E4 F4 B3,4,m
2161.75,G3 G4 E5 E3 E2 E6 F5 E4 F4 B3,4,m
2161.875,E5 G3 G4 E3 E2 E6 F5 E4 F4 B3,4,m
2161.9166666666665,E5 G4 G3 E3 E2 E6 F5 E4 F4 B3,4,m
2162.0,C4 E5 C3 C2 E6 G5 G4 E4 G3,4,m
2162.125,C4 E5 C3 C2 E6 G5 G4 E4 G3,4,m
2162.25,C4 E5 C3 C2 E6 G5 G4 E4 G3,4,m
2162.375,C4 E5 C3 C2 E6 G5 G4 E4 G3,4,m
2162.5,C4 E5 C3 C2 E6 G5 G4 E4 G3,4,m
2162.625,C4 C3 E5 G3 C2 E6 G5 G4 E4,4,m
2162.6666666666665,C4 C3 E5 G3 C2 E6 G5 G4 E4,4,m
2162.75,E5 C4 C3 C2 E6 G5 G4 E4 G3,4,m
2162.875,E5 C4 C3 C2 E6 G5 G4 E4 G3,4,m
2163.0,E5 C4 E6 C3 C2 G5 G4 E4 G3,4,m
2163.125,E5 C4 E6 C3 C2 G5 G4 E4 G3,0,M
2163.25,E5 C4 C3 G3 C2 E6 G5 G4 E4,0,M
2163.3333333333335,E-6 C3 G3 C2 E5 C4 E6 G5 G4 E4,0,M
2163.375,E5 C4 E-6 C3 C2 E6 G5 G4 E4 G3,0,M
2163.5,E5 C4 E-6 C3 C2 E6 G5 G4 E4 G3,0,M
2163.5833333333335,E5 C4 C3 C2 E6 G5 G4 E4 G3,0,M
2163.625,E5 C4 C3 C2 E6 G5 G4 E4 G3,0,M
2163.6666666666665,E5 C4 E6 C3 C2 G5 G4 E4 G3,0,M
2163.75,E5 C4 C3 C2 E6 G5 G4 E4 G3,0,M
2163.875,E5 C4 E6 C3 C2 G5 G4 E4 G3,0,M
2163.9166666666665,E5 C4 C3 C2 E6 G5 G4 E4 G3,0,M
2164.0,B-3 G4 D3 E6 G1 B-5 G2 B-4 D4,0,M
2164.125,B-3 G4 D3 G1 E6 B-5 G2 B-4 D4,0,M
2164.25,B-3 G4 D3 G1 E6 B-5 G2 B-4 D4,0,M
2164.375,B-3 G4 D3 G1 E6 B-5 G2 B-4 D4,0,M
2164.5,B-3 G4 D3 G1 E6 B-5 G2 B-4 D4,0,M
2164.625,B-3 G4 D3 D4 G1 E6 B-5 G2 B-4,0,M
2164.6666666666665,B-3 G4 D3 D4 G1 E6 B-5 G2 B-4,0,M
2164.75,B-3 G4 D3 G1 E6 B-5 G2 B-4 D4,0,M
2164.875,B-3 G4 D3 G1 E6 B-5 G2 B-4 D4,0,M
2165.0,B-3 G4 D3 E5 G1 E6 B-5 G2 B-4 D4,0,M
2165.125,B-3 G4 D3 E5 G1 E6 B-5 G2 B-4 D4,0,M
2165.25,B-3 G4 D3 E5 D4 G1 E6 B-5 G2 B-4,0,M
2165.3333333333335,E-5 D4 G2 G1 B-3 G4 D3 E5 E6 B-5 B-4,0,M
2165.375,B-3 G4 D3 E5 E-5 G1 E6 B-5 G2 B-4 D4,0,M
2165.5,E5 B-3 G4 D3 E-5 G1 E6 B-5 G2 E4 B-4 D4,0,M
2165.5833333333335,B-3 G4 D3 E5 G1 E6 B-5 G2 B-4 E4 D4,0,M
2165.625,B-3 G4 D3 E5 G1 E6 B-5 G2 B-4 E4 D4,0,M
2165.6666666666665,E6 E5 B-3 G4 D3 G1 B-5 G2 B-4 E4 D4,0,M
2165.75,E6 E5 B-3 G4 D3 G1 B-5 G2 E4 B-4 D4,0,M
2165.875,E5 B-3 G4 D3 G1 E6 B-5 G2 B-4 E4 D4,0,M
2165.9166666666665,E6 E5 B-3 G4 D3 D4 G1 B-5 G2 B-4 E4,0,M
2166.0,E6 B-3 G4 E5 D4 G1 B-5 D6 G2 D3 E4 B-4,0,M
2166.125,B-3 G4 E5 G1 E6 B-5 D6 G2 D3 B-4 E4 D4,0,M
2166.25,B-3 G4 E5 G1 E6 B-5 D6 G2 D3 B-4 E4 D4,0,M
2166.375,E5 B-3 G4 G1 E6 B-5 D6 G2 D3 B-4 E4 D4,0,M
2166.5,B-3 G4 E5 G1 E6 B-5 D6 G2 D3 B-4 D4,0,M
2166.625,B-3 G4 E5 G1 E6 B-5 D6 G2 D3 B-4 D4,0,M
2166.6666666666665,B-3 G4 E5 G1 E6 B-5 D6 G2 D3 B-4 D4,0,M
2166.75,B-3 G4 E5 G1 E6 B-5 D6 G2 D3 B-4 D4,0,M
2166.875,E6 B-3 G4 G1 B-5 D6 G2 D3 B-4 D4,0,M
2167.0,B-3 G4 E6 E4 G1 B-5 D6 G2 D3 B-4 D4,0,M
2167.125,B-3 G4 E6 E4 G1 B-5 D6 G2 D3 B-4 D4,0,M
2167.25,B-3 G4 E4 G1 E6 B-5 D6 G2 D3 B-4 D4,0,M
2167.3333333333335,E-6 D4 G2 G1 B-3 G4 E4 E6 B-5 D6 D3 B-4,0,M
2167.375,B-3 G4 E-6 E4 G1 E6 B-5 D6 G2 D3 B-4 D4,0,M
2167.5,E5 B-3 G4 E-6 E4 G1 E6 B-5 D6 G2 D3 B-4 D4,0,M
2167.5833333333335,E5 B-3 G4 G1 E6 B-5 D6 G2 D3 B-4 E4 D4,0,M
2167.625,E5 B-3 G4 G1 E6 B-5 D6 G2 D3 B-4 E4 D4,0,M
2167.6666666666665,E5 B-3 G4 E6 E4 G1 B-5 D6 G2 D3 B-4 D4,0,M
2167.75,E5 B-3 G4 E4 G1 E6 B-5 D6 G2 D3 B-4 D4,0,M
2167.875,E5 B-3 G4 E6 G1 B-5 D6 G2 D3 B-4 E4 D4,0,M
2167.9166666666665,E5 B-3 G4 G1 E6 B-5 D6 G2 D3 B-4 E4 D4,0,M
2168.0,E5 B-3 G4 E6 G1 B-5 D6 G2 D3 E4 B-4 D4,0,M
2168.125,E5 B-3 G4 G1 E6 B-5 D6 G2 D3 B-4 E4 D4,0,M
2168.25,E5 B-3 G4 G1 E6 B-5 D6 G2 D3 B-4 E4 D4,0,M
2168.375,E5 B-3 G4 G1 E6 B-5 D6 G2 D3 B-4 E4 D4,0,M
2168.5,B-3 G4 G1 E6 B-5 D6 G2 D3 B-4 D4,0,M
2168.625,B-3 G4 G1 E6 B-5 D6 G2 D3 B-4 D4,0,M
2168.6666666666665,B-3 G4 G1 E6 B-5 D6 G2 D3 B-4 D4,0,M
2168.75,B-3 G4 E6 G1 B-5 D6 G2 D3 B-4 D4,0,M
2168.875,D4 B-3 G4 G1 E6 B-5 D6 G2 D3 B-4,0,M
2169.0,G4 B-3 D3 E5 G1 E6 B-5 G2 G3 B-4 D4,0,M
2169.125,B-3 G4 D3 E5 G1 E6 B-5 G2 G3 B-4 D4,7,m
2169.25,B-3 G4 D3 E5 D4 G1 E6 B-5 G2 G3 B-4,7,m
2169.3333333333335,E-5 D4 G2 G1 B-3 G4 D3 E5 E6 B-5 G3 B-4,7,m
2169.375,B-3 G4 D3 E5 E-5 G1 E6 B-5 G2 G3 B-4 D4,7,m
2169.5,B-3 G4 D3 E5 E-5 G1 E6 B-5 G2 G3 B-4 D4,7,m
2169.5833333333335,B-3 G4 D3 E5 G1 E6 B-5 G2 G3 B-4 D4,7,m
2169.625,B-3 G4 D3 E5 G1 E6 B-5 G2 G3 B-4 D4,7,m
2169.6666666666665,B-3 G4 D3 E5 G1 E6 B-5 G2 G3 B-4 D4,7,m
2169.75,B-3 G4 D3 E5 G1 E6 B-5 G2 G3 B-4 D4,7,m
2169.875,B-3 G4 D3 E5 G1 E6 B-5 G2 G3 B-4 D4,7,m
2169.9166666666665,B-3 D3 G4 D4 G1 E6 B-5 G2 G3 B-4,7,m
2170.0,B-4 G4 D3 D4 G1 E6 E5 G2 B-3 E4,7,m
2170.125,B-4 G4 D3 G1 E6 E5 G2 B-3 E4 D4,7,m
2170.25,B-4 G4 D3 G1 E6 E5 G2 B-3 E4 D4,7,m
2170.375,B-4 G4 D3 G1 E6 E5 G2 B-3 E4 D4,7,m
2170.5,B-4 G4 D3 G1 E6 E5 G2 B-3 E4 D4,7,m
2170.625,B-4 G4 D3 D4 G1 E6 E5 G2 B-3 E4,7,m
2170.6666666666665,B-4 G4 D3 E5 D4 G1 E6 F5 G2 B-3 F4,7,m
2170.75,B-4 G4 D3 E5 G1 E6 F5 G2 B-3 F4 D4,7,m
2170.875,B-4 G4 D3 G1 E6 F5 G2 B-3 F4 D4,7,m
2171.0,B-4 G4 D3 E6 E4 G1 F5 G2 B-3 F4 D4,7,m
2171.125,B-4 G4 D3 E6 E4 G1 F5 G2 B-3 F4 D4,7,m
2171.25,B-4 G4 D3 E4 D4 G1 E6 F5 G2 B-3 F4,7,m
2171.3333333333335,E-6 D4 G2 G1 G5 G4 B-4 D3 E4 E6 B-3,7,m
2171.375,B-4 D3 E-6 E4 G1 E6 G5 G2 B-3 G4 D4,7,m
2171.5,B-4 D3 E-6 E4 G1 E6 G5 G2 B-3 G4 D4,7,m
2171.5833333333335,B-4 D3 E4 G1 E6 G5 G2 B-3 G4 D4,7,m
2171.625,B-4 D3 E4 G1 E6 G5 G2 B-3 G4 D4,7,m
2171.6666666666665,B-4 D3 E6 E4 G1 G5 G2 B-3 G4 D4,7,m
2171.75,B-4 D3 E4 G1 E6 G5 G2 B-3 G4 D4,7,m
2171.875,B-4 D3 E6 G1 G5 G2 B-3 G4 D4,7,m
2171.9166666666665,B-4 D3 D4 G1 E6 G5 G2 B-3 G4,7,m
2172.0,D5 B-3 G4 D3 E6 G1 B-5 G2 D4 B-4,7,m
2172.125,D5 B-3 G4 D3 G1 E6 B-5 G2 B-4 D4,7,m
2172.25,D5 B-3 G4 D3 G1 E6 B-5 G2 B-4 D4,7,m
2172.375,D5 B-3 G4 D3 G1 E6 B-5 G2 B-4 D4,7,m
2172.5,D5 B-3 G4 D3 G1 E6 B-5 G2 B-4 D4,7,m
2172.625,D5 B-3 G4 D3 G1 E6 B-5 G2 B-4 D4,7,m
2172.6666666666665,D5 B-3 G4 D3 G1 E6 B-5 G2 B-4 D4,7,m
2172.75,D5 B-3 G4 D3 G1 E6 B-5 G2 B-4 D4,7,m
2172.875,D5 B-3 G4 D3 G1 E6 B-5 G2 B-4 D4,7,m
2173.0,D5 B-3 G4 D3 E5 G1 E6 B-5 G2 B-4 D4,7,m
2173.125,D5 B-3 G4 D3 E5 G1 E6 B-5 G2 B-4 D4,7,m
2173.25,D5 B-3 G4 D3 E5 G1 E6 B-5 G2 B-4 D4,7,m
2173.3333333333335,E-5 D4 G2 G1 D5 B-3 G4 D3 E5 E6 B-5 B-4,7,m
2173.375,D5 B-3 G4 D3 E5 E-5 G1 E6 B-5 G2 B-4 D4,7,m
2173.5,D5 E5 B-3 G4 D3 E-5 G1 E6 B-5 G2 E4 B-4 D4,7,m
2173.5833333333335,D5 B-3 G4 D3 E5 G1 E6 B-5 G2 B-4 E4 D4,7,m
2173.625,D5 B-3 G4 D3 E5 G1 E6 B-5 G2 B-4 E4 D4,7,m
2173.6666666666665,E6 D5 E5 B-3 G4 D3 G1 B-5 G2 B-4 E4 D4,7,m
2173.75,E6 D5 E5 B-3 G4 D3 G1 B-5 G2 E4 B-4 D4,7,m
2173.875,D5 E5 B-3 G4 D3 G1 E6 B-5 G2 B-4 E4 D4,7,m
2173.9166666666665,E6 D5 E5 B-3 G4 D3 G1 B-5 G2 D4 B-4 E4,7,m
2174.0,E6 B-3 G4 E5 D4 G1 B-5 D6 G2 D3 E4 B-4,7,m
2174.125,B-3 G4 E5 G1 E6 B-5 D6 G2 D3 B-4 E4 D4,7,m
2174.25,B-3 G4 E5 G1 E6 B-5 D6 G2 D3 B-4 E4 D4,7,m
2174.375,E5 B-3 G4 G1 E6 B-5 D6 G2 D3 B-4 E4 D4,7,m
2174.5,B-3 G4 E5 G1 E6 B-5 D6 G2 D3 B-4 D4,7,m
2174.625,B-3 G4 E5 D4 G1 E6 B-5 D6 G2 D3 B-4,7,m
2174.6666666666665,G4 B-3 D3 E5 D4 G1 E6 B-5 D6 G2 G3 B-4,7,m
2174.75,B-3 G4 D3 E5 G1 E6 B-5 D6 G2 G3 B-4 D4,7,m
2174.875,E6 B-3 G4 D3 G1 B-5 D6 G2 G3 B-4 D4,7,m
2175.0,B-3 G4 D3 E6 E4 G1 B-5 D6 G2 G3 B-4 D4,7,m
2175.125,B-3 G4 D3 E4 G1 E6 B-5 D6 G2 G3 B-4 D4,7,m
2175.25,G4 B-3 D3 E6 E4 D4 G1 B-5 D6 G2 G3 B-4,7,m
2175.3333333333335,B-4 E-6 D4 G2 G1 B-3 G4 D3 E4 E6 B-5 D6,7,m
2175.375,G4 D3 E-6 E4 G1 E6 B-5 D6 G2 B-3 B-4 D4,7,m
2175.5,E5 G4 D3 E-6 E4 G1 E6 B-5 D6 G2 B-3 B-4 D4,7,m
2175.625,E5 G4 D3 E-6 G1 E6 B-5 D6 G2 B-3 B-4 E4 D4,7,m
2175.6666666666665,E5 G4 D3 E6 E4 G1 B-5 D6 G2 B-3 B-4 D4,7,m
2175.75,E5 G4 D3 E4 G1 E6 B-5 D6 G2 B-3 B-4 D4,7,m
2175.875,E5 G4 D3 E6 D4 G1 B-5 D6 G2 B-3 B-4 E4,7,m
2176.0,D5 E5 B-3 G4 D3 E6 G1 B-5 D6 G2 D4 E4 B-4,7,m
2176.125,D5 E5 B-3 G4 D3 G1 E6 B-5 D6 G2 B-4 E4 D4,7,m
2176.25,D5 E5 B-3 G4 D3 G1 E6 B-5 D6 G2 B-4 E4 D4,7,m
2176.375,D5 E5 B-3 G4 D3 G1 E6 B-5 D6 G2 B-4 E4 D4,7,m
2176.5,D5 B-3 G4 D3 G1 E6 B-5 D6 G2 B-4 D4,7,m
2176.625,D5 B-3 G4 D3 G1 E6 B-5 D6 G2 B-4 D4,7,m
2176.6666666666665,D5 B-3 G4 D3 G1 E6 B-5 D6 G2 B-4 D4,7,m
2176.75,D5 B-3 G4 D3 G1 E6 B-5 D6 G2 B-4 D4,7,m
2176.875,D5 B-3 G4 D3 G1 E6 B-5 D6 G2 B-4 D4,7,m
2177.0,D5 B-3 G4 D3 E5 G1 E6 B-5 G2 B-4 D4,7,m
2177.125,D5 B-3 G4 D3 E5 G1 E6 B-5 G2 B-4 D4,7,m
2177.25,D5 B-3 G4 D3 E5 G1 E6 B-5 G2 B-4 D4,7,m
2177.3333333333335,E-5 D4 G2 G1 D5 B-3 G4 D3 E5 E6 B-5 B-4,7,m
2177.375,D5 B-3 G4 D3 E5 E-5 G1 E6 B-5 G2 B-4 D4,7,m
2177.5,D5 B-3 G4 D3 E5 E-5 G1 E6 B-5 G2 B-4 D4,7,m
2177.625,D5 B-3 G4 D3 E5 E-5 G1 E6 B-5 G2 B-4 D4,7,m
2177.6666666666665,E6 D5 B-3 G4 D3 E5 G1 B-5 G2 B-4 D4,7,m
2177.75,E6 D5 B-3 G4 D3 E5 G1 B-5 G2 B-4 D4,7,m
2177.875,E6 D5 B-3 G4 D3 E5 G1 B-5 G2 B-4 D4,7,m
2178.0,E6 D5 B-3 G4 D3 G1 E5 D6 G2 E4 D4,7,m
2178.125,D5 B-3 G4 D3 G1 E6 E5 D6 G2 E4 D4,7,m
2178.25,D5 B-3 G4 D3 G1 E6 E5 D6 G2 E4 D4,7,m
2178.375,D5 B-3 G4 D3 G1 E6 E5 D6 G2 E4 D4,7,m
2178.5,D5 B-3 G4 D3 G1 E6 E5 D6 G2 E4 D4,7,m
2178.625,D5 B-3 G4 D3 G1 E6 E5 D6 G2 E4 D4,7,m
2178.6666666666665,D5 B-3 G4 D3 E5 G1 E6 F5 D6 G2 F4 D4,7,m
2178.75,D5 B-3 G4 D3 E5 G1 E6 F5 D6 G2 F4 D4,7,m
2178.875,E6 D5 B-3 G4 D3 E5 G1 F5 D6 G2 F4 D4,7,m
2179.0,D5 B-3 G4 D3 E6 E4 G1 F5 D6 G2 F4 D4,7,m
2179.125,D5 B-3 G4 D3 E4 G1 E6 F5 D6 G2 F4 D4,7,m
2179.25,D5 B-3 G4 D3 E6 E4 G1 F5 D6 G2 F4 D4,7,m
2179.3333333333335,E-6 D4 G2 G1 G5 G4 D5 B-3 D3 E4 E6 D6,7,m
2179.375,D5 B-3 D3 E-6 E4 G1 E6 G5 D6 G2 G4 D4,7,m
2179.5,D5 B-3 D3 E-6 E4 G1 E6 G5 D6 G2 G4 D4,7,m
2179.625,D5 B-3 D3 E-6 E4 G1 E6 G5 D6 G2 G4 D4,7,m
2179.6666666666665,D5 B-3 D3 E6 E4 G1 G5 D6 G2 G4 D4,7,m
2179.75,D5 B-3 D3 E4 G1 E6 G5 D6 G2 G4 D4,7,m
2179.875,D5 B-3 D3 E6 E4 G2 G1 G5 D6 G4 D4,7,m
2180.0,B-3 G4 E6 G2 G1 B-5 D6 D3 B-4 D4,7,m
2180.125,B-3 G4 G1 E6 B-5 D6 G2 D3 B-4 D4,7,m
2180.25,B-3 G4 G1 E6 B-5 D6 G2 D3 B-4 D4,7,m
2180.375,B-3 G4 G1 E6 B-5 D6 G2 D3 B-4 D4,7,m
2180.5,B-3 G4 G1 E6 B-5 G2 D3 B-4 D4,7,m
2180.625,B-3 G4 D4 G1 E6 B-5 G2 D3 B-4,7,m
2180.6666666666665,G4 B-3 D3 D4 G1 E6 B-5 G2 G3 B-4,7,m
2180.75,E6 B-3 G4 D3 G1 B-5 G2 G3 B-4 D4,7,m
2180.875,E6 B-3 G4 D3 G1 B-5 G2 G3 B-4 D4,7,m
2181.0,B-3 G4 D3 E5 G1 E6 B-5 D6 G2 G3 B-4 D4,7,m
2181.125,B-3 G4 D3 E5 G1 E6 B-5 D6 G2 G3 B-4 D4,7,m
2181.25,G4 B-3 D3 E5 D4 G1 E6 B-5 D6 G2 G3 B-4,7,m
2181.3333333333335,B-4 E-5 D4 G2 G1 B-3 G4 D3 E5 E6 B-5 D6,7,m
2181.375,G4 D3 E5 E-5 G1 E6 B-5 D6 G2 B-3 B-4 D4,7,m
2181.5,E5 G4 D3 E-5 G1 E6 B-5 D6 G2 B-3 E4 B-4 D4,7,m
2181.625,G4 D3 E5 E-5 G1 E6 B-5 D6 G2 B-3 B-4 E4 D4,7,m
2181.6666666666665,E5 G4 D3 G1 E6 B-5 D6 G2 B-3 B-4 E4 D4,7,m
2181.75,E5 G4 D3 G1 E6 B-5 D6 G2 B-3 E4 B-4 D4,7,m
2181.875,G4 D3 E5 G2 G1 E6 B-5 D6 B-3 B-4 E4 D4,7,m
2182.0,E6 D5 B-3 G4 D3 G2 G1 E5 E4 D4,7,m
2182.125,D5 B-3 G4 D3 G1 E6 E5 G2 E4 D4,7,m
2182.25,D5 B-3 G4 D3 G1 E6 E5 G2 E4 D4,7,m
2182.375,D5 B-3 G4 D3 G1 E6 E5 G2 E4 D4,7,m
2182.5,D5 B-3 G4 D3 G1 E6 E5 G2 E4 D4,7,m
2182.625,D5 B-3 G4 D3 G1 E6 E5 G2 E4 D4,7,m
2182.6666666666665,D5 B-3 G4 D3 E5 G1 E6 F5 G2 F4 D4,7,m
2182.75,E6 D5 B-3 G4 D3 E5 G1 F5 G2 F4 D4,7,m
2182.875,E6 D5 B-3 G4 D3 E5 G1 F5 G2 F4 D4,7,m
2183.0,D5 B-3 G4 D3 E6 E4 G1 F5 D6 G2 F4 D4,7,m
2183.125,D5 B-3 G4 D3 E4 G1 E6 F5 D6 G2 F4 D4,7,m
2183.25,D5 B-3 G4 D3 E6 E4 G1 F5 D6 G2 F4 D4,7,m
2183.3333333333335,E-6 D4 G2 G1 G5 G4 D5 B-3 D3 E4 E6 D6,7,m
2183.375,D5 B-3 D3 E-6 E4 G1 E6 G5 D6 G2 G4 D4,7,m
2183.5,D5 E5 B-3 D3 E-6 E4 G1 E6 G5 D6 G2 G4 D4,7,m
2183.625,D5 E5 B-3 D3 E-6 G1 E6 G5 D6 G2 G4 E4 D4,7,m
2183.6666666666665,D5 E5 B-3 D3 E6 E4 G1 G5 D6 G2 G4 D4,7,m
2183.75,D5 E5 B-3 D3 E4 G1 E6 G5 D6 G2 G4 D4,7,m
2183.875,D5 E5 B-3 D3 E6 G2 G1 G5 D6 G4 E4 D4,7,m
2184.0,E5 B-3 G4 E6 G2 G1 B-5 D3 B-4 E4 D4,7,m
2184.125,E5 B-3 G4 G1 E6 B-5 G2 D3 B-4 E4 D4,7,m
2184.25,E5 B-3 G4 G1 E6 B-5 G2 D3 B-4 E4 D4,7,m
2184.375,E5 B-3 G4 G1 E6 B-5 G2 D3 B-4 E4 D4,7,m
2184.5,B-3 G4 G1 E6 B-5 G2 D3 B-4 D4,7,m
2184.625,B-3 G4 D4 G1 E6 B-5 G2 D3 B-4,7,m
2184.6666666666665,G4 B-3 D3 D4 G1 E6 B-5 G2 G3 B-4,7,m
2184.75,E6 B-3 G4 D3 G1 B-5 G2 G3 B-4 D4,7,m
2184.875,E6 B-3 G4 D3 G1 B-5 G2 G3 B-4 D4,7,m
2185.0,B-3 G4 D3 E5 G1 E6 B-5 D6 G2 G3 B-4 D4,7,m
2185.125,B-3 G4 D3 E5 G1 E6 B-5 D6 G2 G3 B-4 D4,7,m
2185.25,G4 B-3 D3 E5 D4 G1 E6 B-5 D6 G2 G3 B-4,7,m
2185.3333333333335,B-4 E-5 D4 G2 G1 B-3 G4 D3 E5 E6 B-5 D6,7,m
2185.375,G4 D3 E5 E-5 G1 E6 B-5 D6 G2 B-3 B-4 D4,7,m
2185.5,E5 G4 D3 E-5 G1 E6 B-5 D6 G2 B-3 E4 B-4 D4,7,m
2185.625,G4 D3 E5 E-5 G1 E6 B-5 D6 G2 B-3 B-4 E4 D4,7,m
2185.6666666666665,E5 G4 D3 G1 E6 B-5 D6 G2 B-3 B-4 E4 D4,7,m
2185.75,E5 G4 D3 G1 E6 B-5 D6 G2 B-3 E4 B-4 D4,7,m
2185.875,G4 D3 E5 G2 G1 E6 B-5 D6 B-3 B-4 E4 D4,7,m
2186.0,E6 D5 B-3 G4 D3 G2 G1 E5 E4 D4,7,m
2186.125,D5 B-3 G4 D3 G1 E6 E5 G2 E4 D4,7,m
2186.25,D5 B-3 G4 D3 G1 E6 E5 G2 E4 D4,7,m
2186.375,D5 B-3 G4 D3 G1 E6 E5 G2 E4 D4,7,m
2186.5,D5 B-3 G4 D3 G1 E6 E5 G2 E4 D4,7,m
2186.625,D5 B-3 G4 D3 G1 E6 E5 G2 E4 D4,7,m
2186.6666666666665,D5 B-3 G4 D3 E5 G1 E6 F5 G2 F4 D4,7,m
2186.75,E6 D5 B-3 G4 D3 E5 G1 F5 G2 F4 D4,7,m
2186.875,E6 D5 B-3 G4 D3 E5 G1 F5 G2 F4 D4,7,m
2187.0,D5 B-3 G4 D3 E6 E5 G1 F5 D6 G2 F4 D4,7,m
2187.125,D5 B-3 G4 D3 E5 G1 E6 F5 D6 G2 F4 D4,7,m
2187.25,D5 B-3 G4 D3 E6 E5 G1 F5 D6 G2 F4 D4,7,m
2187.3333333333335,E-6 E-5 D4 G2 G1 G5 G4 D5 B-3 D3 E6 D6,7,m
2187.375,D5 B-3 D3 E-6 E-5 G1 E6 G5 D6 G2 G4 D4,7,m
2187.5,D5 E5 B-3 D3 E-6 E-5 G1 E6 G5 D6 G2 E4 G4 D4,7,m
2187.625,D5 E5 B-3 D3 E-6 E-5 G1 E6 G5 D6 G2 G4 E4 D4,7,m
2187.6666666666665,D5 E5 B-3 D3 E6 G1 G5 D6 G2 G4 E4 D4,7,m
2187.75,D5 E5 B-3 D3 G1 E6 G5 D6 G2 E4 G4 D4,7,m
2187.875,D5 B-3 D3 E6 E5 G2 G1 G5 D6 G4 E4 D4,7,m
2188.0,B-3 G4 E6 E5 G2 G1 B-5 D3 B-4 E4 D4,7,m
2188.125,B-3 G4 E5 G1 E6 B-5 G2 D3 B-4 E4 D4,7,m
2188.25,E5 B-3 G4 G1 E6 B-5 G2 D3 B-4 E4 D4,7,m
2188.3333333333335,E-6 E-5 E5 B-3 G4 G1 E6 B-5 G2 D3 B-4 E4 D4,7,m
2188.375,E5 B-3 G4 E-6 E-5 G1 E6 B-5 G2 D3 B-4 E4 D4,7,m
2188.5,B-3 G4 E-6 E-5 G1 E6 B-5 G2 D3 B-4 D4,7,m
2188.625,B-3 G4 E-6 E-5 D4 G1 E6 B-5 G2 D3 B-4,7,m
2188.6666666666665,G4 B-3 D3 E5 D4 G1 E6 B-5 G2 G3 B-4,7,m
2188.75,E6 B-3 G4 D3 E5 G1 B-5 G2 G3 B-4 D4,7,m
2188.875,E6 G4 B-3 G2 D3 E5 D4 G1 B-5 G3 B-4,7,m
2189.0,G4 B-3 G2 D3 E6 E5 D4 G1 B-5 D6 G3 B-4,7,m
2189.125,B-3 G4 D3 E5 G1 E6 B-5 D6 G2 G3 B-4 D4,7,m
2189.25,G4 B-3 D3 E6 E5 D4 G1 B-5 D6 G2 G3 B-4,7,m
2189.3333333333335,D5 E-6 E-5 G2 G1 D4 B-3 G4 D3 E6 B-5 D6 B-4,7,m
2189.375,D5 B-3 G4 D3 E-6 E-5 G1 E6 B-5 D6 G2 B-4 D4,7,m
2189.5,D5 E5 B-3 G4 D3 E-6 E-5 G1 E6 B-5 D6 G2 E4 B-4 D4,7,m
2189.625,D5 E5 B-3 G4 D3 E-6 E-5 G1 E6 B-5 D6 G2 B-4 E4 D4,7,m
2189.6666666666665,D5 E5 B-3 G4 D3 E6 G1 B-5 D6 G2 B-4 E4 D4,7,m
2189.75,D5 E5 B-3 G4 D3 G1 E6 B-5 D6 G2 E4 B-4 D4,7,m
2189.875,D5 B-3 G4 D3 E6 E5 G2 G1 B-5 D6 B-4 E4 D4,7,m
2190.0,B-3 G4 E6 E5 G2 G1 B-5 D3 E4 B-4 D4,7,m
2190.125,B-3 G4 E5 G1 E6 B-5 G2 D3 B-4 E4 D4,7,m
2190.25,E5 B-3 G4 G1 E6 B-5 G2 D3 B-4 E4 D4,7,m
2190.3333333333335,E-6 E-5 E5 B-3 G4 G1 E6 B-5 G2 D3 B-4 E4 D4,7,m
2190.375,E5 B-3 G4 E-6 E-5 G1 E6 B-5 G2 D3 B-4 E4 D4,7,m
2190.5,B-3 G4 E-6 E-5 G1 E6 B-5 G2 D3 B-4 D4,7,m
2190.625,B-3 G4 E-6 E-5 D4 G1 E6 B-5 G2 D3 B-4,7,m
2190.6666666666665,G4 B-3 D3 E5 D4 G1 E6 B-5 G2 G3 B-4,7,m
2190.75,E6 B-3 G4 D3 E5 G1 B-5 G2 G3 B-4 D4,7,m
2190.875,E6 G4 B-3 G2 D3 E5 D4 G1 B-5 G3 B-4,7,m
2191.0,G4 B-3 G2 D3 E6 E5 D4 G1 B-5 D6 G3 B-4,7,m
2191.125,B-3 G4 D3 E5 G1 E6 B-5 D6 G2 G3 B-4 D4,7,m
2191.25,G4 B-3 D3 E6 E5 D4 G1 B-5 D6 G2 G3 B-4,7,m
2191.3333333333335,D5 E-6 E-5 G2 G1 D4 B-3 G4 D3 E6 B-5 D6 B-4,7,m
2191.375,D5 B-3 G4 D3 E-6 E-5 G1 E6 B-5 D6 G2 B-4 D4,7,m
2191.5,D5 E5 B-3 G4 D3 E-6 E-5 G1 E6 B-5 D6 G2 E4 B-4 D4,7,m
2191.625,D5 E5 B-3 G4 D3 E-6 E-5 G1 E6 B-5 D6 G2 B-4 E4 D4,7,m
2191.6666666666665,D5 E5 B-3 G4 D3 E6 G1 B-5 D6 G2 B-4 E4 D4,7,m
2191.75,D5 E5 B-3 G4 D3 G1 E6 B-5 D6 G2 E4 B-4 D4,7,m
2191.875,D5 B-3 G4 D3 E6 E5 G2 G1 B-5 D6 B-4 E4 D4,7,m
2192.0,D4 E6 E5 B-3 G4 G2 G1 B-5 D3 E4 B-4,7,m
2192.5,D4 D3,7,m
2192.6666666666665,G4 G3,7,m
2193.3333333333335,D5 D4,7,m
2194.0,B-5 B-1 B-4 B-3 B-2,7,m
2194.6666666666665,D6 D2 D5 D4 D3,7,m
2195.3333333333335,F6 F2 F5 F4 F3,7,m
2196.0,G6 G5 G2 G4 G3,7,m
2200.0,A6 A5 A2 A4 A3,?,?
2203.75,D4 A6 A5 A2 D3 A4 A3,?,?
2204.0,D6 D5 D2 D3 D4,?,?
2204.125,D6 D5 D2 D3 D4,7,m
2204.25,D6 D5 D2 D3 D4,7,m
2204.375,D6 D5 D2 D3 D4,7,m
2204.5,D6 D5 D2 D3 D4,7,m
2204.625,D6 D5 D2 D3 D4,7,m
2204.75,D6 D5 D2 D3 D4,7,m
2204.875,D6 D5 D4 D2 D3,7,m
2205.0,D6 D5 D4 D2 D3,7,m
2205.125,D6 D5 D4 D2 D3,7,m
2205.25,D6 D5 D4 D2 D3,7,m
2205.375,D6 D5 D4 D2 D3,7,m
2205.5,D6 D4 D2 D5 D3,7,m
2205.625,D6 D4 D2 D5 D3,7,m
2205.75,D6 D5 D4 A4 D2 D3 A3,7,m
2205.875,D6 D5 A4 D4 D2 D3 A3,7,m
2206.0,D6 D4 D2 D3 D5,7,m
2206.125,D6 D2 D3 D5 D4,7,m
2206.25,D6 D2 D3 D5 D4,7,m
2206.375,D6 D2 D3 D5 D4,7,m
2206.5,D6 D2 D3 D5 D4,7,m
2206.625,D6 D2 D3 D5 D4,7,m
2206.75,D6 D2 D3 D5 D4,7,m
2206.875,D6 D2 D3 D5 D4,7,m
2207.0,D6 D2 D3 D5 D4,7,m
2207.125,D6 D2 D3 D5 D4,7,m
2207.25,D6 D2 D3 D5 D4,7,m
2207.375,D6 D2 D3 D5 D4,7,m
2207.5,D6 D2 D3 D5 D4,7,m
2207.625,D6 D5 D2 D3 D4,7,m
2207.75,D6 A5 D2 D3 D5 D4,7,m
2207.875,D6 A5 D2 D3 D5 D4,7,m
2208.0,D6 D2 D3 D5 D4,7,m
2208.125,D6 D2 D3 D5 D4,7,m
2208.25,D6 D2 D3 D5 D4,7,m
2208.375,D6 D2 D3 D5 D4,7,m
2208.5,D6 D2 D3 D5 D4,7,m
2208.625,D6 D2 D3 D5 D4,7,m
2208.75,D6 D2 D3 D5 D4,7,m
2208.875,D6 D2 D3 D5 D4,7,m
2209.0,D6 D2 D3 D5 D4,7,m
2209.125,D6 D2 D3 D5 D4,7,m
2209.25,D6 D2 D3 D5 D4,7,m
2209.375,D6 D2 D3 D5 D4,7,m
2209.5,D6 D2 D3 D5 D4,7,m
2209.625,D6 D2 D3 D5 D4,7,m
2209.75,D6 D2 D3 D5 D4,7,m
2209.875,D6 D4 D5 D2 D3,7,m
2210.0,D6 D4 A4 D2 D5 D3 A3,7,m
2210.125,D6 A4 D4 D2 D5 D3 A3,7,m
2210.25,D6 A4 D4 D2 D5 D3 A3,7,m
2210.375,D6 A4 D4 D2 D5 D3 A3,7,m
2210.5,D6 A4 D4 D2 D5 D3 A3,7,m
2210.625,D6 A4 D4 D2 D5 D3 A3,7,m
2210.75,D6 A4 D4 D2 D5 D3 A3,7,m
2210.875,D6 A4 D4 D2 D5 D3 A3,7,m
2211.0,D6 A4 D4 D2 D5 D3 A3,7,m
2211.125,D6 A4 D4 D2 D5 D3 A3,7,m
2211.25,D6 A4 D4 D2 D5 D3 A3,7,m
2211.375,D6 A4 D4 D2 D5 D3 A3,7,m
2211.5,D6 A4 D4 D2 D5 D3 A3,7,m
2211.625,D6 D4 A4 D2 D5 D3 A3,7,m
2211.75,D6 D2 D3 D5 D4,7,m
2211.875,D6 D2 D3 D5 D4,7,m
2212.0,E-6 B-4 G3 B-3 D2 D6 D5 G4 D3 G5 B-5 E-4 D4,7,m
2212.125,E-6 B-4 G3 B-3 D2 D3 D6 D5 G4 G5 B-5 E-4 D4,7,m
2212.25,E-6 B-4 G3 B-3 D2 D6 D5 G4 D3 G5 B-5 E-4 D4,7,m
2212.375,E-6 B-4 G3 B-3 D2 D3 D6 D5 G4 G5 B-5 E-4 D4,7,m
2212.5,E-6 B-4 G3 B-3 D2 D6 D5 G4 D3 G5 B-5 E-4 D4,7,m
2212.625,E-6 B-4 G3 B-3 D2 D3 D6 D5 G4 G5 B-5 E-4 D4,7,m
2212.75,E-6 B-4 G3 B-3 D2 D6 D5 G4 D3 G5 B-5 E-4 D4,7,m
2212.875,E-6 B-4 G3 B-3 D2 D3 D6 D5 G4 G5 B-5 E-4 D4,7,m
2213.0,E-6 B-4 G3 B-3 D2 D6 D5 G4 D3 G5 B-5 E-4 D4,7,m
2213.125,E-6 B-4 G3 B-3 D2 D3 D6 D5 G4 G5 B-5 E-4 D4,7,m
2213.25,E-6 B-4 G3 B-3 D2 D6 D5 G4 D3 G5 B-5 E-4 D4,7,m
2213.375,E-6 B-4 G3 B-3 D2 D3 D6 D5 G4 G5 B-5 E-4 D4,7,m
2213.5,E-6 B-4 G3 B-3 D2 D6 D5 G4 D3 G5 B-5 E-4 D4,7,m
2213.625,E-6 B-4 E-4 G3 B-3 D2 D3 D6 D5 G4 G5 B-5 D4,7,m
2213.75,E-6 D4 B-4 G3 B-3 D2 D6 D5 G4 G5 B-5 E-4 D3,7,m
2213.875,E-6 D4 B-4 G3 B-3 D2 D6 D5 G4 G5 B-5 E-4 D3,7,m
2214.0,E-6 B-4 E-5 G3 B-3 D2 D6 D5 D4 G4 G5 B-5 E-4 D3,7,m
2214.125,E-6 B-4 E-5 G3 B-3 D2 D6 D5 D4 G4 G5 B-5 E-4 D3,7,m
2214.25,E-6 B-4 E-5 G3 B-3 D2 D6 D5 D4 G4 G5 B-5 E-4 D3,7,m
2214.375,E-6 B-4 E-5 G3 B-3 D2 D6 D5 D4 G4 G5 B-5 E-4 D3,7,m
2214.5,E-6 B-4 E-5 G3 B-3 D2 D6 D5 D4 G4 G5 B-5 E-4 D3,7,m
2214.625,E-6 B-4 E-5 G3 B-3 D2 D6 D5 D4 G4 G5 B-5 E-4 D3,7,m
2214.75,E-6 B-4 E-5 G3 B-3 D2 D6 D5 D4 G4 G5 B-5 E-4 D3,7,m
2214.875,E-6 B-4 E-5 G3 B-3 D2 D6 D5 D4 G4 G5 B-5 E-4 D3,7,m
2215.0,E-6 B-4 E-5 G3 B-3 D2 D6 D5 D4 G4 G5 B-5 E-4 D3,7,m
2215.125,E-6 B-4 E-5 G3 B-3 D2 D6 D5 D4 G4 G5 B-5 E-4 D3,7,m
2215.25,E-6 B-4 E-5 G3 B-3 D2 D6 D5 D4 G4 G5 B-5 E-4 D3,7,m
2215.375,E-6 B-4 E-5 G3 B-3 D2 D6 D5 D4 G4 G5 B-5 E-4 D3,7,m
2215.5,E-6 B-4 E-5 G3 B-3 D2 D6 D5 D4 G4 G5 B-5 E-4 D3,7,m
2215.625,E-6 B-4 E-5 G3 B-3 D2 D6 D5 D4 G4 G5 B-5 E-4 D3,7,m
2215.75,E-6 B-4 E-5 G3 B-3 D2 D6 D5 D4 G4 G5 B-5 E-4 D3,7,m
2215.875,E-6 B-4 E-5 G3 B-3 D2 D6 D5 D4 G4 G5 B-5 E-4 D3,7,m
2216.0,E-6 B-4 E-5 G3 B-3 D2 D6 D5 D4 G4 G5 B-5 E-4 D3,7,m
2216.125,E-6 B-4 E-5 G3 B-3 D2 D6 D5 D4 G4 G5 B-5 E-4 D3,7,m
2216.25,E-6 B-4 E-5 G3 B-3 D2 D6 D5 D4 G4 G5 B-5 E-4 D3,7,m
2216.375,E-6 B-4 E-5 G3 B-3 D2 D6 D5 D4 G4 G5 B-5 E-4 D3,7,m
2216.5,E-6 B-4 E-5 G3 B-3 D2 D6 D5 D4 G4 G5 B-5 E-4 D3,7,m
2216.625,E-6 B-4 E-5 G3 B-3 D2 D6 D5 D4 G4 G5 B-5 E-4 D3,7,m
2216.75,E-6 B-4 E-5 G3 B-3 D2 D6 D5 D4 G4 G5 B-5 E-4 D3,7,m
2216.875,E-6 B-4 E-5 G3 B-3 D2 D6 D5 D4 G4 G5 B-5 E-4 D3,7,m
2217.0,E-6 B-4 E-5 G3 B-3 D2 D6 D5 D4 G4 G5 B-5 E-4 D3,7,m
2217.125,E-6 B-4 E-5 G3 B-3 D2 D6 D5 D4 G4 G5 B-5 E-4 D3,7,m
2217.25,E-6 B-4 E-5 G3 B-3 D2 D6 D5 D4 G4 G5 B-5 E-4 D3,7,m
2217.375,E-6 B-4 E-5 G3 B-3 D2 D6 D5 D4 G4 G5 B-5 E-4 D3,7,m
2217.5,E-6 B-4 E-5 G3 B-3 D2 D6 D5 D4 G4 G5 B-5 E-4 D3,7,m
2217.625,E-6 B-4 E-5 G3 B-3 D2 D6 D5 D4 G4 G5 B-5 E-4 D3,7,m
2217.75,E-6 B-4 E-5 G3 B-3 D2 D6 D5 D4 G4 G5 B-5 E-4 D3,7,m
2217.875,E-6 B-4 E-5 G3 B-3 D2 D6 D5 D4 G4 G5 B-5 E-4 D3,7,m
2218.0,E-6 B-4 D5 G3 B-3 D2 D6 D4 G4 G5 B-5 E-4 D3,7,m
2218.125,E-6 B-4 D5 G3 B-3 D2 D6 D4 G4 G5 B-5 E-4 D3,7,m
2218.25,E-6 B-4 D5 G3 B-3 D2 D6 D4 G4 G5 B-5 E-4 D3,7,m
2218.375,E-6 B-4 D5 G3 B-3 D2 D6 D4 G4 G5 B-5 E-4 D3,7,m
2218.5,E-6 B-4 D5 G3 B-3 D2 D6 D4 G4 G5 B-5 E-4 D3,7,m
2218.625,E-6 B-4 D5 G3 B-3 D2 D6 D4 G4 G5 B-5 E-4 D3,7,m
2218.75,E-6 B-4 D5 G3 B-3 D2 D6 D4 G4 G5 B-5 E-4 D3,7,m
2218.875,E-6 B-4 D5 G3 B-3 D2 D6 D4 G4 G5 B-5 E-4 D3,7,m
2219.0,E-6 B-4 D5 G3 B-3 D2 D6 D4 G4 G5 B-5 E-4 D3,7,m
2219.125,E-6 B-4 D5 G3 B-3 D2 D6 D4 G4 G5 B-5 E-4 D3,7,m
2219.25,E-6 B-4 D5 G3 B-3 D2 D6 D4 G4 G5 B-5 E-4 D3,7,m
2219.375,E-6 B-4 D5 G3 B-3 D2 D6 D4 G4 G5 B-5 E-4 D3,7,m
2219.5,E-6 B-4 D5 G3 B-3 D2 D6 D4 G4 G5 B-5 E-4 D3,7,m
2219.625,E-6 B-4 D5 G3 B-3 D2 D6 D4 G4 G5 B-5 E-4 D3,7,m
2219.75,E-6 B-4 D4 D5 G3 B-3 D2 D6 G4 G5 B-5 E-4 D3,7,m
2219.875,E-6 B-4 D4 D5 G3 B-3 D2 D6 G4 G5 B-5 E-4 D3,7,m
2220.0,D6 C5 D4 D2 D5 D3,7,m
2220.125,D6 C5 D4 D2 D5 D3,7,m
2220.25,D6 C5 D4 D2 D5 D3,7,m
2220.375,D6 C5 D4 D2 D5 D3,7,m
2220.5,D6 C5 D4 D2 D5 D3,7,m
2220.625,D6 C5 D4 D2 D5 D3,7,m
2220.75,D6 C5 D4 D2 D5 D3,7,m
2220.875,D6 D3 C5 D4 D2 D5,7,m
2221.0,D6 D4 D2 D5 D3,7,m
2221.125,D6 D4 D2 D5 D3,7,m
2221.25,D6 D4 D2 D5 D3,7,m
2221.375,D6 D4 D2 D5 D3,7,m
2221.5,D6 D4 D2 D5 D3,7,m
2221.625,D6 D4 D2 D5 D3,7,m
2221.75,D6 D5 D4 A4 D2 D3 A3,7,m
2221.875,D6 D5 D4 A4 D2 D3 A3,7,m
2222.0,D6 D4 D5 D2 D3,7,m
2222.125,D6 D2 D3 D5 D4,7,m
2222.25,D6 D2 D3 D5 D4,7,m
2222.375,D6 D2 D3 D5 D4,7,m
2222.5,D6 D2 D3 D5 D4,7,m
2222.625,D6 D2 D3 D5 D4,7,m
2222.75,D6 D2 D3 D5 D4,7,m
2222.875,D6 D2 D3 D5 D4,7,m
2223.0,D6 D2 D3 D5 D4,7,m
2223.125,D6 D2 D3 D5 D4,7,m
2223.25,D6 D2 D3 D5 D4,7,m
2223.375,D6 D2 D3 D5 D4,7,m
2223.5,D6 D2 D3 D5 D4,7,m
2223.625,D6 D5 D2 D3 D4,7,m
2223.75,D6 A5 D2 D3 D5 D4,7,m
2223.875,D6 A5 D2 D3 D5 D4,7,m
2224.0,D6 D2 D3 D5 D4,7,m
2224.125,D6 D2 D3 D5 D4,7,m
2224.25,D6 D2 D3 D5 D4,7,m
2224.375,D6 D2 D3 D5 D4,7,m
2224.5,D6 D2 D3 D5 D4,7,m
2224.625,D6 D2 D3 D5 D4,7,m
2224.75,D6 D2 D3 D5 D4,7,m
2224.875,D6 D2 D3 D5 D4,7,m
2225.0,D6 D2 D3 D5 D4,7,m
2225.125,D6 D2 D3 D5 D4,7,m
2225.25,D6 D2 D3 D5 D4,7,m
2225.375,D6 D2 D3 D5 D4,7,m
2225.5,D6 D2 D3 D5 D4,7,m
2225.625,D6 D2 D3 D5 D4,7,m
2225.75,D6 D2 D3 D5 D4,7,m
2225.875,D6 D4 D5 D2 D3,7,m
2226.0,D6 D4 A4 D2 D5 D3 A3,7,m
2226.125,D6 A4 D4 D2 D5 D3 A3,7,m
2226.25,D6 A4 D4 D2 D5 D3 A3,7,m
2226.375,D6 A4 D4 D2 D5 D3 A3,7,m
2226.5,D6 A4 D4 D2 D5 D3 A3,7,m
2226.625,D6 A4 D4 D2 D5 D3 A3,7,m
2226.75,D6 A4 D4 D2 D5 D3 A3,7,m
2226.875,D6 A4 D4 D2 D5 D3 A3,7,m
2227.0,D6 A4 D4 D2 D5 D3 A3,7,m
2227.125,D6 A4 D4 D2 D5 D3 A3,7,m
2227.25,D6 A4 D4 D2 D5 D3 A3,7,m
2227.375,D6 A4 D4 D2 D5 D3 A3,7,m
2227.5,D6 A4 D4 D2 D5 D3 A3,7,m
2227.625,D6 D4 A4 D2 D5 D3 A3,7,m
2227.75,D6 D2 D3 D5 D4,7,m
2227.875,D6 D2 D3 D5 D4,7,m
2228.0,E-6 B-4 G3 B-3 D2 D6 D5 G4 D3 G5 B-5 E-4 D4,7,m
2228.125,E-6 B-4 G3 B-3 D2 D3 D6 D5 G4 G5 B-5 E-4 D4,7,m
2228.25,E-6 B-4 G3 B-3 D2 D6 D5 G4 D3 G5 B-5 E-4 D4,7,m
2228.375,E-6 B-4 G3 B-3 D2 D3 D6 D5 G4 G5 B-5 E-4 D4,7,m
2228.5,E-6 B-4 G3 B-3 D2 D6 D5 G4 D3 G5 B-5 E-4 D4,7,m
2228.625,E-6 B-4 G3 B-3 D2 D3 D6 D5 G4 G5 B-5 E-4 D4,7,m
2228.75,E-6 B-4 G3 B-3 D2 D6 D5 G4 D3 G5 B-5 E-4 D4,7,m
2228.875,E-6 B-4 G3 B-3 D2 D3 D6 D5 G4 G5 B-5 E-4 D4,7,m
2229.0,E-6 B-4 G3 B-3 D2 D6 D5 G4 D3 G5 B-5 E-4 D4,7,m
2229.125,E-6 B-4 G3 B-3 D2 D3 D6 D5 G4 G5 B-5 E-4 D4,7,m
2229.25,E-6 B-4 G3 B-3 D2 D6 D5 G4 D3 G5 B-5 E-4 D4,7,m
2229.375,E-6 B-4 G3 B-3 D2 D3 D6 D5 G4 G5 B-5 E-4 D4,7,m
2229.5,E-6 B-4 G3 B-3 D2 D6 D5 G4 D3 G5 B-5 E-4 D4,7,m
2229.625,E-6 B-4 E-4 G3 B-3 D2 D3 D6 D5 G4 G5 B-5 D4,7,m
2229.75,E-6 D4 B-4 G3 B-3 D2 D6 D5 G4 G5 B-5 E-4 D3,7,m
2229.875,E-6 D4 B-4 G3 B-3 D2 D6 D5 G4 G5 B-5 E-4 D3,7,m
2230.0,E-6 B-4 E-5 G3 B-3 D2 D6 D5 D4 G4 G5 B-5 E-4 D3,7,m
2230.125,E-6 B-4 E-5 G3 B-3 D2 D6 D5 D4 G4 G5 B-5 E-4 D3,7,m
2230.25,E-6 B-4 E-5 G3 B-3 D2 D6 D5 D4 G4 G5 B-5 E-4 D3,7,m
2230.375,E-6 B-4 E-5 G3 B-3 D2 D6 D5 D4 G4 G5 B-5 E-4 D3,7,m
2230.5,E-6 B-4 E-5 G3 B-3 D2 D6 D5 D4 G4 G5 B-5 E-4 D3,7,m
2230.625,E-6 B-4 E-5 G3 B-3 D2 D6 D5 D4 G4 G5 B-5 E-4 D3,7,m
2230.75,E-6 B-4 E-5 G3 B-3 D2 D6 D5 D4 G4 G5 B-5 E-4 D3,7,m
2230.875,E-6 B-4 E-5 G3 B-3 D2 D6 D5 D4 G4 G5 B-5 E-4 D3,7,m
2231.0,E-6 B-4 E-5 G3 B-3 D2 D6 D5 D4 G4 G5 B-5 E-4 D3,7,m
2231.125,E-6 B-4 E-5 G3 B-3 D2 D6 D5 D4 G4 G5 B-5 E-4 D3,7,m
2231.25,E-6 B-4 E-5 G3 B-3 D2 D6 D5 D4 G4 G5 B-5 E-4 D3,7,m
2231.375,E-6 B-4 E-5 G3 B-3 D2 D6 D5 D4 G4 G5 B-5 E-4 D3,7,m
2231.5,E-6 B-4 E-5 G3 B-3 D2 D6 D5 D4 G4 G5 B-5 E-4 D3,7,m
2231.625,E-6 B-4 E-5 G3 B-3 D2 D6 D5 D4 G4 G5 B-5 E-4 D3,7,m
2231.75,E-6 B-4 E-5 G3 B-3 D2 D6 D5 D4 G4 G5 B-5 E-4 D3,7,m
2231.875,E-6 B-4 E-5 G3 B-3 D2 D6 D5 D4 G4 G5 B-5 E-4 D3,7,m
2232.0,E-6 B-4 E-5 G3 B-3 D2 D6 D5 D4 G4 G5 B-5 E-4 D3,7,m
2232.125,E-6 B-4 E-5 G3 B-3 D2 D6 D5 D4 G4 G5 B-5 E-4 D3,7,m
2232.25,E-6 B-4 E-5 G3 B-3 D2 D6 D5 D4 G4 G5 B-5 E-4 D3,7,m
2232.375,E-6 B-4 E-5 G3 B-3 D2 D6 D5 D4 G4 G5 B-5 E-4 D3,7,m
2232.5,E-6 B-4 E-5 G3 B-3 D2 D6 D5 D4 G4 G5 B-5 E-4 D3,7,m
2232.625,E-6 B-4 E-5 G3 B-3 D2 D6 D5 D4 G4 G5 B-5 E-4 D3,7,m
2232.75,E-6 B-4 E-5 G3 B-3 D2 D6 D5 D4 G4 G5 B-5 E-4 D3,7,m
2232.875,E-6 B-4 E-5 G3 B-3 D2 D6 D5 D4 G4 G5 B-5 E-4 D3,7,m
2233.0,E-6 B-4 E-5 G3 B-3 D2 D6 D5 D4 G4 G5 B-5 E-4 D3,7,m
2233.125,E-6 B-4 E-5 G3 B-3 D2 D6 D5 D4 G4 G5 B-5 E-4 D3,7,m
2233.25,E-6 B-4 E-5 G3 B-3 D2 D6 D5 D4 G4 G5 B-5 E-4 D3,7,m
2233.375,E-6 B-4 E-5 G3 B-3 D2 D6 D5 D4 G4 G5 B-5 E-4 D3,7,m
2233.5,E-6 B-4 E-5 G3 B-3 D2 D6 D5 D4 G4 G5 B-5 E-4 D3,7,m
2233.625,E-6 B-4 E-5 G3 B-3 D2 D6 D5 D4 G4 G5 B-5 E-4 D3,7,m
2233.75,E-6 B-4 E-5 G3 B-3 D2 D6 D5 D4 G4 G5 B-5 E-4 D3,7,m
2233.875,E-6 B-4 E-5 G3 B-3 D2 D6 D5 D4 G4 G5 B-5 E-4 D3,7,m
2234.0,E-6 B-4 D5 G3 B-3 D2 D6 D4 G4 G5 B-5 E-4 D3,7,m
2234.125,E-6 B-4 D5 G3 B-3 D2 D6 D4 G4 G5 B-5 E-4 D3,?,?
2234.25,E-6 B-4 D5 G3 B-3 D2 D6 D4 G4 G5 B-5 E-4 D3,?,?
2234.375,E-6 B-4 D5 G3 B-3 D2 D6 D4 G4 G5 B-5 E-4 D3,?,?
2234.5,E-6 B-4 D5 G3 B-3 D2 D6 D4 G4 G5 B-5 E-4 D3,?,?
2234.625,E-6 B-4 D5 G3 B-3 D2 D6 D4 G4 G5 B-5 E-4 D3,?,?
2234.75,E-6 B-4 D5 G3 B-3 D2 D6 D4 G4 G5 B-5 E-4 D3,?,?
2234.875,E-6 B-4 D5 G3 B-3 D2 D6 D4 G4 G5 B-5 E-4 D3,?,?
2235.0,E-6 B-4 D5 G3 B-3 D2 D6 D4 G4 G5 B-5 E-4 D3,?,?
2235.125,E-6 B-4 D5 G3 B-3 D2 D6 D4 G4 G5 B-5 E-4 D3,?,?
2235.25,E-6 B-4 D5 G3 B-3 D2 D6 D4 G4 G5 B-5 E-4 D3,?,?
2235.375,E-6 B-4 D5 G3 B-3 D2 D6 D4 G4 G5 B-5 E-4 D3,?,?
2235.5,E-6 B-4 D5 G3 B-3 D2 D6 D4 G4 G5 B-5 E-4 D3,?,?
2235.625,E-6 B-4 D5 G3 B-3 D2 D6 D4 G4 G5 B-5 E-4 D3,?,?
2235.75,E-6 B-4 E-5 G3 B-3 D2 D6 D5 D4 G4 G5 B-5 E-4 D3,?,?
2235.875,E-6 B-4 E-5 G3 B-3 D2 D6 D5 D4 G4 G5 B-5 E-4 D3,?,?
2236.0,E-6 D3 B-4 D5 E-4 B-3 G6 D6 G5 E-5 B-5 D2 G4 D4,?,?
2236.125,E-6 D3 B-4 D5 B-3 G6 D6 G5 E-5 B-5 E-4 D2 G4 D4,?,?
2236.25,E-6 D3 B-4 D5 B-3 G6 D6 G5 E-5 B-5 E-4 D2 G4 D4,?,?
2236.375,E-6 D3 B-4 D5 B-3 D6 G5 E-5 B-5 E-4 D2 G4 D4,?,?
2236.5,E-6 D3 B-4 D5 B-3 G6 D6 G5 E-5 B-5 E-4 D2 G4 D4,?,?
2236.625,E-6 D3 B-4 D5 B-3 G6 D6 G5 E-5 B-5 E-4 D2 G4 D4,?,?
2236.75,E-6 D3 B-4 D5 B-3 G6 D6 G5 E-5 B-5 E-4 D2 G4 D4,?,?
2236.875,E-6 D3 B-4 D5 B-3 D6 G5 E-5 B-5 E-4 D2 G4 D4,?,?
2237.0,E-6 D3 B-4 D5 B-3 G6 D6 G5 E-5 B-5 E-4 D2 G4 D4,?,?
2237.125,E-6 D3 B-4 D5 B-3 G6 D6 G5 E-5 B-5 E-4 D2 G4 D4,?,?
2237.25,E-6 D3 B-4 D5 B-3 G6 D6 G5 E-5 B-5 E-4 D2 G4 D4,?,?
2237.375,E-6 D3 B-4 D5 B-3 D6 G5 E-5 B-5 E-4 D2 G4 D4,?,?
2237.5,E-6 D3 B-4 D5 B-3 G6 D6 G5 E-5 B-5 E-4 D2 G4 D4,?,?
2237.625,E-6 D3 B-4 D5 E-4 B-3 D2 G6 D6 G5 E-5 B-5 G4 D4,?,?
2237.75,E-6 D3 D5 B-4 B-3 D2 G6 D6 G5 E-5 B-5 E-4 G4,?,?
2237.875,E-6 D3 D5 B-4 B-3 D2 D6 G5 E-5 B-5 E-4 G4,?,?
2238.0,E-6 D3 B-4 D5 E-5 B-3 D2 G6 D6 G5 B-5 E-4 G4,?,?
2238.125,E-6 B-4 D5 E-5 B-3 G6 D6 G5 B-5 D2 E-4 G4 D3,?,?
2238.25,E-6 B-4 D5 E-5 B-3 G6 D6 G5 B-5 D2 E-4 G4 D3,?,?
2238.375,E-6 B-4 D5 E-5 B-3 D6 G5 B-5 D2 E-4 G4 D3,?,?
2238.5,E-6 B-4 D5 E-5 B-3 G6 D6 G5 B-5 D2 E-4 G4 D3,?,?
2238.625,E-6 B-4 D5 E-5 B-3 G6 D6 G5 B-5 D2 E-4 G4 D3,?,?
2238.75,E-6 B-4 D5 E-5 B-3 G6 D6 G5 B-5 D2 E-4 G4 D3,?,?
2238.875,E-6 B-4 D5 E-5 B-3 D6 G5 B-5 D2 E-4 G4 D3,?,?
2239.0,E-6 B-4 D5 E-5 B-3 G6 D6 G5 B-5 D2 E-4 G4 D3,?,?
2239.125,E-6 B-4 D5 E-5 B-3 G6 D6 G5 B-5 D2 E-4 G4 D3,?,?
2239.25,E-6 B-4 D5 E-5 B-3 G6 D6 G5 B-5 D2 E-4 G4 D3,?,?
2239.375,E-6 B-4 D5 E-5 B-3 D6 G5 B-5 D2 E-4 G4 D3,?,?
2239.5,E-6 B-4 D5 E-5 B-3 G6 D6 G5 B-5 D2 E-4 G4 D3,?,?
2239.625,E-6 B-4 D5 E-5 B-3 D2 G6 D6 G5 B-5 E-4 G4 D3,?,?
2239.75,E-6 B-4 D5 E-5 B-3 D2 G6 D6 G5 B-5 E-4 G3 G4 D3,?,?
2239.875,E-6 D3 B-4 D5 E-5 B-3 D2 G6 D6 G5 B-5 E-4 G3 G4,?,?
2240.0,E-6 D3 B-4 D5 E-4 B-3 D2 G5 E-5 B-5 G3 G4 D4,?,?
2240.125,E-6 D3 B-4 D5 B-3 G6 D6 G5 E-5 B-5 E-4 D2 G3 G4 D4,?,?
2240.25,E-6 D3 B-4 D5 B-3 G6 D6 G5 E-5 B-5 E-4 D2 G3 G4 D4,?,?
2240.375,E-6 D3 B-4 D5 B-3 D6 G5 E-5 B-5 E-4 D2 G3 G4 D4,?,?
2240.5,E-6 D3 B-4 D5 B-3 G6 D6 G5 E-5 B-5 E-4 D2 G3 G4 D4,?,?
2240.625,E-6 D3 B-4 D5 B-3 G6 D6 G5 E-5 B-5 E-4 D2 G3 G4 D4,?,?
2240.75,E-6 D3 B-4 D5 B-3 G6 D6 G5 E-5 B-5 E-4 D2 G3 G4 D4,?,?
2240.875,E-6 D3 B-4 D5 B-3 D6 G5 E-5 B-5 E-4 D2 G3 G4 D4,?,?
2241.0,E-6 D3 B-4 D5 B-3 G6 D6 G5 E-5 B-5 E-4 D2 G4 D4,?,?
2241.125,E-6 D3 B-4 D5 B-3 G6 D6 G5 E-5 B-5 E-4 D2 G4 D4,?,?
2241.25,E-6 D3 B-4 D5 B-3 G6 D6 G5 E-5 B-5 E-4 D2 G4 D4,?,?
2241.375,E-6 D3 B-4 D5 B-3 D6 G5 E-5 B-5 E-4 D2 G4 D4,?,?
2241.5,E-6 D3 B-4 D5 B-3 G6 D6 G5 E-5 B-5 E-4 D2 G4 D4,?,?
2241.625,E-6 D3 B-4 D5 E-4 B-3 D2 G6 D6 G5 E-5 B-5 G4 D4,?,?
2241.75,E-6 D3 D5 B-4 B-3 D2 G6 D6 G5 E-5 B-5 E-4 G4,?,?
2241.875,E-6 D3 D5 B-4 B-3 D2 D6 G5 E-5 B-5 E-4 G4,?,?
2242.0,E-6 D3 B-4 D5 E-5 B-3 D2 G6 D6 G5 B-5 E-4 G4,?,?
2242.125,E-6 B-4 D5 E-5 B-3 G6 D6 G5 B-5 D2 E-4 G4 D3,?,?
2242.25,E-6 B-4 D5 E-5 B-3 G6 D6 G5 B-5 D2 E-4 G4 D3,?,?
2242.375,E-6 B-4 D5 E-5 B-3 D6 G5 B-5 D2 E-4 G4 D3,?,?
2242.5,E-6 B-4 D5 E-5 B-3 G6 D6 G5 B-5 D2 E-4 G4 D3,?,?
2242.625,E-6 B-4 D5 E-5 B-3 G6 D6 G5 B-5 D2 E-4 G4 D3,?,?
2242.75,E-6 B-4 D5 E-5 B-3 G6 D6 G5 B-5 D2 E-4 G4 D3,?,?
2242.875,E-6 B-4 D5 E-5 B-3 D6 G5 B-5 D2 E-4 G4 D3,?,?
2243.0,E-6 B-4 D5 E-5 B-3 G6 D6 G5 B-5 D2 E-4 G4 D3,?,?
2243.125,E-6 B-4 D5 E-5 B-3 G6 D6 G5 B-5 D2 E-4 G4 D3,?,?
2243.25,E-6 B-4 D5 E-5 B-3 G6 D6 G5 B-5 D2 E-4 G4 D3,?,?
2243.375,E-6 B-4 D5 E-5 B-3 D6 G5 B-5 D2 E-4 G4 D3,?,?
2243.5,E-6 B-4 D5 E-5 B-3 G6 D6 G5 B-5 D2 E-4 G4 D3,?,?
2243.625,E-6 B-4 D5 E-5 B-3 D2 G6 D6 G5 B-5 E-4 G4 D3,?,?
2243.75,E-6 B-4 D5 E-5 B-3 D2 G6 D6 G5 B-5 E-4 G3 G4 D3,?,?
2243.875,E-6 D3 B-4 D5 E-5 B-3 D2 G6 D6 G5 B-5 E-4 G3 G4,?,?
2244.0,E-6 D3 B-4 D5 E-4 B-3 D2 G5 E-5 B-5 G3 G4 D4,?,?
2244.125,E-6 D3 B-4 D5 B-3 G6 D6 G5 E-5 B-5 E-4 D2 G3 G4 D4,?,?
2244.25,E-6 D3 B-4 D5 B-3 G6 D6 G5 E-5 B-5 E-4 D2 G3 G4 D4,?,?
2244.375,E-6 D3 B-4 D5 B-3 D6 G5 E-5 B-5 E-4 D2 G3 G4 D4,?,?
2244.5,E-6 D3 B-4 D5 B-3 G6 D6 G5 E-5 B-5 E-4 D2 G3 G4 D4,?,?
2244.625,E-6 D3 B-4 D5 B-3 G6 D6 G5 E-5 B-5 E-4 D2 G3 G4 D4,?,?
2244.75,E-6 D3 B-4 D5 B-3 G6 D6 G5 E-5 B-5 E-4 D2 G3 G4 D4,?,?
2244.875,E-6 D3 B-4 D5 B-3 D6 G5 E-5 B-5 E-4 D2 G3 G4 D4,?,?
2245.0,E-6 D3 B-4 D5 B-3 G6 D6 G5 E-5 B-5 E-4 D2 G4 D4,?,?
2245.125,E-6 D3 B-4 D5 B-3 G6 D6 G5 E-5 B-5 E-4 D2 G4 D4,7,m
2245.25,E-6 D3 B-4 D5 B-3 G6 D6 G5 E-5 B-5 E-4 D2 G4 D4,7,m
2245.375,E-6 D3 B-4 D5 B-3 D6 G5 E-5 B-5 E-4 D2 G4 D4,7,m
2245.5,E-6 D3 B-4 D5 B-3 G6 D6 G5 E-5 B-5 E-4 D2 G4 D4,7,m
2245.625,E-6 D3 B-4 D5 E-4 B-3 D2 G6 D6 G5 E-5 B-5 G4 D4,7,m
2245.75,E-6 D3 D5 B-4 B-3 D2 G6 D6 G5 E-5 B-5 E-4 G4,7,m
2245.875,E-6 D3 D5 B-4 B-3 D2 D6 G5 E-5 B-5 E-4 G4,7,m
2246.0,E-6 D3 B-4 D5 E-5 B-3 D2 G6 D6 G5 B-5 E-4 G4,7,m
2246.125,E-6 B-4 D5 E-5 B-3 G6 D6 G5 B-5 D2 E-4 G4 D3,7,m
2246.25,E-6 B-4 D5 E-5 B-3 G6 D6 G5 B-5 D2 E-4 G4 D3,7,m
2246.375,E-6 B-4 D5 E-5 B-3 D6 G5 B-5 D2 E-4 G4 D3,7,m
2246.5,E-6 B-4 D5 E-5 B-3 G6 D6 G5 B-5 D2 E-4 G4 D3,7,m
2246.625,E-6 B-4 D5 E-5 B-3 G6 D6 G5 B-5 D2 E-4 G4 D3,7,m
2246.75,E-6 B-4 D5 E-5 B-3 G6 D6 G5 B-5 D2 E-4 G4 D3,7,m
2246.875,E-6 B-4 D5 E-5 B-3 D6 G5 B-5 D2 E-4 G4 D3,7,m
2247.0,E-6 B-4 D5 E-5 B-3 G6 D6 G5 B-5 D2 E-4 G4 D3,7,m
2247.125,E-6 B-4 D5 E-5 B-3 G6 D6 G5 B-5 D2 E-4 G4 D3,7,m
2247.25,E-6 B-4 D5 E-5 B-3 G6 D6 G5 B-5 D2 E-4 G4 D3,7,m
2247.375,E-6 B-4 D5 E-5 B-3 D6 G5 B-5 D2 E-4 G4 D3,7,m
2247.5,E-6 B-4 D5 E-5 B-3 G6 D6 G5 B-5 D2 E-4 G4 D3,7,m
2247.625,E-6 B-4 D5 E-5 B-3 D2 G6 D6 G5 B-5 E-4 G4 D3,7,m
2247.75,E-6 B-4 D5 E-5 B-3 D2 G6 D6 G5 B-5 E-4 G3 G4 D3,7,m
2247.875,E-6 B-4 D5 E-5 B-3 D2 G6 D6 G5 B-5 E-4 G3 G4 D3,7,m
2248.0,E-6 B-4 D5 E-5 B-3 D2 G5 B-5 E-4 G4 D3,7,m
2248.125,E-6 B-4 D5 E-5 B-3 G6 D6 G5 B-5 D2 E-4 G4 D3,7,m
2248.25,E-6 B-4 D5 E-5 B-3 G6 D6 G5 B-5 D2 E-4 G4 D3,7,m
2248.375,E-6 B-4 D5 E-5 B-3 D6 G5 B-5 D2 E-4 G4 D3,7,m
2248.5,E-6 B-4 D5 E-5 B-3 G6 D6 G5 B-5 D2 E-4 G4 D3,7,m
2248.625,E-6 B-4 D5 E-5 B-3 G6 D6 G5 B-5 D2 E-4 G4 D3,7,m
2248.75,E-6 B-4 D5 E-5 B-3 G6 D6 G5 B-5 D2 E-4 G4 D3,7,m
2248.875,E-6 B-4 D5 E-5 B-3 D6 G5 B-5 D2 E-4 G4 D3,7,m
2249.0,E-6 B-4 D5 E-5 B-3 G6 D6 G5 B-5 D2 E-4 G4 D3,7,m
2249.125,E-6 B-4 D5 E-5 B-3 G6 D6 G5 B-5 D2 E-4 G4 D3,7,m
2249.25,E-6 B-4 D5 E-5 B-3 G6 D6 G5 B-5 D2 E-4 G4 D3,7,m
2249.375,E-6 B-4 D5 E-5 B-3 D6 G5 B-5 D2 E-4 G4 D3,7,m
2249.5,E-6 B-4 D5 E-5 B-3 G6 D6 G5 B-5 D2 E-4 G4 D3,7,m
2249.625,E-6 B-4 D5 E-5 B-3 D2 G6 D6 G5 B-5 E-4 G4 D3,7,m
2249.75,E-6 B-4 D5 E-5 B-3 D2 G6 D6 G5 B-5 E-4 G3 G4 D3,7,m
2249.875,E-6 B-4 D5 E-5 B-3 D2 D6 G5 B-5 E-4 G3 G4 D3,7,m
2250.0,E-6 B-4 D5 B-3 D2 G6 D6 G5 E-5 D3 B-5 E-4 G4 D4,7,m
2250.125,E-6 B-4 D5 B-3 D3 G6 D6 G5 E-5 B-5 D2 E-4 G4 D4,7,m
2250.25,E-6 B-4 D5 B-3 G6 D6 G5 E-5 D3 B-5 D2 E-4 G4 D4,7,m
2250.375,E-6 B-4 D5 B-3 D3 D6 G5 E-5 B-5 D2 E-4 G4 D4,7,m
2250.5,E-6 B-4 D5 B-3 G6 D6 G5 E-5 D3 B-5 D2 E-4 G4 D4,7,m
2250.625,E-6 B-4 D5 B-3 D3 G6 D6 G5 E-5 B-5 D2 E-4 G4 D4,7,m
2250.75,E-6 B-4 D5 B-3 G6 D6 G5 E-5 D3 B-5 D2 E-4 G4 D4,7,m
2250.875,E-6 B-4 D5 B-3 D3 D6 G5 E-5 B-5 D2 E-4 G4 D4,7,m
2251.0,E-6 B-4 D5 B-3 G6 D6 G5 E-5 D3 B-5 D2 E-4 G4 D4,7,m
2251.125,E-6 B-4 D5 B-3 D3 G6 D6 G5 E-5 B-5 D2 E-4 G4 D4,7,m
2251.25,E-6 B-4 D5 B-3 G6 D6 G5 E-5 D3 B-5 D2 E-4 G4 D4,7,m
2251.375,E-6 B-4 D5 B-3 D3 D6 G5 E-5 B-5 D2 E-4 G4 D4,7,m
2251.5,E-6 B-4 D5 B-3 G6 D6 G5 E-5 D3 B-5 D2 E-4 G4 D4,7,m
2251.625,E-6 D4 B-4 D5 B-3 D2 D3 G6 D6 G5 E-5 B-5 E-4 G4,7,m
2251.75,E-6 D4 D5 E-5 B-3 D2 G6 D6 G5 D3 B-5 E-4 B-4 G4,7,m
2251.875,E-6 D5 E-5 B-3 D3 G6 D6 G5 B-5 E-4 D2 B-4 G4 D4,7,m
2252.0,A6 D6 A4 G6 D2 A5 D3 D4 D5 A3,7,m
2252.125,A6 D6 A4 D2 A5 D3 D4 D5 A3,7,m
2252.25,A6 D6 A4 D2 A5 D3 D4 D5 A3,7,m
2252.375,A6 D6 A4 D2 A5 D3 D4 D5 A3,7,m
2252.5,A6 D6 A4 D2 A5 D3 D4 D5 A3,7,m
2252.625,A6 D6 A4 D2 A5 D3 D4 D5 A3,7,m
2252.75,A6 D6 A4 D2 A5 D3 D4 D5 A3,7,m
2252.875,A6 D6 A4 D2 A5 D3 D4 D5 A3,7,m
2253.0,A6 D6 A4 D2 A5 D3 D4 D5 A3,7,m
2253.125,A6 D6 A4 D2 A5 D3 D4 D5 A3,7,m
2253.25,A6 D6 A4 D2 A5 D3 D4 D5 A3,7,m
2253.375,A6 D6 A4 D2 A5 D3 D4 D5 A3,7,m
2253.5,A6 D6 A4 D2 A5 D3 D4 D5 A3,7,m
2253.625,A6 D6 A3 A4 D5 D3 D2 A5 D4,7,m
2253.75,A6 D6 A3 A4 D5 D3 D2 A5 D4,7,m
2253.875,A6 D6 A3 A4 D5 D3 D2 A5 D4,7,m
2254.0,A6 D6 A3 A4 D5 D3 D2 A5 D4,7,m
2254.125,A6 D6 A4 D2 A5 D3 D4 D5 A3,7,m
2254.25,A6 D6 A4 D2 A5 D3 D4 D5 A3,7,m
2254.375,A6 D6 A4 D2 A5 D3 D4 D5 A3,7,m
2254.5,A6 D6 A4 D2 A5 D3 D4 D5 A3,7,m
2254.625,A6 D6 A4 D2 A5 D3 D4 D5 A3,7,m
2254.75,A6 D6 A4 D2 A5 D3 D4 D5 A3,7,m
2254.875,A6 D6 A4 D2 A5 D3 D4 D5 A3,7,m
2255.0,A6 D6 A4 D2 A5 D3 D4 D5 A3,7,m
2255.125,A6 D6 A4 D2 A5 D3 D4 D5 A3,7,m
2255.25,A6 D6 A4 D2 A5 D3 D4 D5 A3,7,m
2255.375,A6 D6 A4 D2 A5 D3 D4 D5 A3,7,m
2255.5,A6 D6 A4 D2 A5 D3 D4 D5 A3,7,m
2255.625,A6 D6 A3 A4 D5 D3 D2 A5 D4,7,m
2255.75,A6 D6 A3 A4 D5 D3 D2 A5 D4,7,m
2255.875,A6 D6 A3 A4 D5 D3 D2 A5 D4,7,m
2256.0,A6 D6 A3 A4 D5 D3 D2 A5 D4,7,m
2256.125,A6 D6 A4 D2 A5 D3 D4 D5 A3,7,m
2256.25,A6 D6 A4 D2 A5 D3 D4 D5 A3,7,m
2256.375,A6 D6 A4 D2 A5 D3 D4 D5 A3,7,m
2256.5,A6 D6 A4 D2 A5 D3 D4 D5 A3,7,m
2256.625,A6 D6 A4 D2 A5 D3 D4 D5 A3,7,m
2256.75,A6 D6 A4 D2 A5 D3 D4 D5 A3,7,m
2256.875,A6 D6 A4 D2 A5 D3 D4 D5 A3,7,m
2257.0,A6 D6 A4 D2 A5 D3 D4 D5 A3,7,m
2257.125,A6 D6 A4 D2 A5 D3 D4 D5 A3,?,?
2257.25,A6 D6 A4 D2 A5 D3 D4 D5 A3,?,?
2257.375,A6 D6 A4 D2 A5 D3 D4 D5 A3,?,?
2257.5,A6 D6 A4 D2 A5 D3 D4 D5 A3,?,?
2257.625,A6 D6 A3 A4 D5 D3 D2 A5 D4,?,?
2257.75,A6 D6 A3 A4 D5 D3 D2 A5 D4,?,?
2257.875,A6 D6 A3 A4 D5 D3 D2 A5 D4,?,?
2258.0,A6 D6 A3 A4 D5 D3 D2 A5 D4,?,?
2258.125,A6 D6 A4 D2 A5 D3 D4 D5 A3,?,?
2258.25,A6 D6 A4 D2 A5 D3 D4 D5 A3,?,?
2258.375,A6 D6 A4 D2 A5 D3 D4 D5 A3,?,?
2258.5,A6 D6 A4 D2 A5 D3 D4 D5 A3,?,?
2258.625,A6 D6 A4 D2 A5 D3 D4 D5 A3,?,?
2258.75,A6 D6 A4 D2 A5 D3 D4 D5 A3,?,?
2258.875,A6 D6 A4 D2 A5 D3 D4 D5 A3,?,?
2259.0,A6 D6 A4 D2 A5 D3 D4 D5 A3,?,?
2259.125,A6 D6 A4 D2 A5 D3 D4 D5 A3,?,?
2259.25,A6 D6 A4 D2 A5 D3 D4 D5 A3,?,?
2259.375,A6 D6 A4 D2 A5 D3 D4 D5 A3,?,?
2259.5,A6 D6 A4 D2 A5 D3 D4 D5 A3,?,?
2259.625,A6 D6 A3 A4 A5 D3 D2 D4 D5,?,?
2259.75,A6 D6 A3 A4 D5 D3 A5 D2 D4,?,?
2259.875,A6 D6 A3 A4 D5 D3 A5 D2 D4,?,?
2260.0,A6 D6 A3 A4 D5 D3 A5 D2 D4,?,?
2260.125,A6 D6 A4 A5 D2 D5 D3 D4 A3,?,?
2260.25,A6 D6 A4 A5 D2 D5 D3 D4 A3,?,?
2260.375,A6 D6 A4 A5 D2 D5 D3 D4 A3,?,?
2260.5,A6 D6 A4 A5 D2 D5 D3 D4 A3,?,?
2260.625,A6 D6 A4 A5 D2 D5 D3 D4 A3,?,?
2260.75,A6 D6 A4 A5 D2 D5 D3 D4 A3,?,?
2260.875,A6 D6 A3 A4 D4 D3 A5 D2 D5,?,?
2261.0,A6 D6 A3 A4 A5 D4 D3 D2 D5,?,?
2261.125,A6 D6 A3 A4 D3 A5 D2 D5 D4,?,?
2261.25,A6 D6 A3 A4 A5 D4 D3 D2 D5,?,?
2261.375,A6 D6 A3 A4 D3 A5 D2 D5 D4,?,?
2261.5,A6 D6 A3 A4 A5 D4 D3 D2 D5,?,?
2261.625,A6 D6 A3 A4 D5 D3 A5 D2 D4,?,?
2261.75,A6 D6 A3 A4 D5 A5 D4 D3 D2,?,?
2261.875,A6 D6 A3 A4 D5 D3 A5 D2 D4,?,?
2262.0,A6 D6 A3 A4 D5 D3 A5 D2 D4,?,?
2262.125,A6 D6 A4 A5 D2 D5 D3 D4 A3,?,?
2262.25,A6 D6 A4 A5 D2 D5 D3 D4 A3,?,?
2262.375,A6 D6 A4 A5 D2 D5 D3 D4 A3,?,?
2262.5,A6 D6 A4 A5 D2 D5 D3 D4 A3,?,?
2262.625,A6 D6 A4 A5 D2 D5 D3 D4 A3,?,?
2262.75,A6 D6 A4 A5 D2 D5 D3 D4 A3,?,?
2262.875,A6 D6 A3 A4 D4 D3 A5 D2 D5,?,?
2263.0,A6 D6 A3 A4 A5 D4 D3 D2 D5,?,?
2263.125,A6 D6 A3 A4 D3 A5 D2 D5 D4,?,?
2263.25,A6 D6 A3 A4 A5 D4 D3 D2 D5,?,?
2263.375,A6 D6 A3 A4 D3 A5 D2 D5 D4,?,?
2263.5,A6 D6 A3 A4 A5 D4 D3 D2 D5,?,?
2263.625,A6 D6 A3 A4 D5 D3 A5 D2 D4,?,?
2263.75,A6 D6 A3 A4 D5 A5 D4 D3 D2,?,?
2263.875,A6 D6 A3 A4 D5 D3 A5 D2 D4,?,?
2264.0,A6 D6 A3 A4 D5 D3 A5 D2 D4,?,?
2264.125,A6 D6 A4 A5 D2 D5 D3 D4 A3,?,?
2264.25,A6 D6 A4 A5 D2 D5 D3 D4 A3,?,?
2264.375,A6 D6 A4 A5 D2 D5 D3 D4 A3,?,?
2264.5,A6 D6 A4 A5 D2 D5 D3 D4 A3,?,?
2264.625,A6 D6 A4 A5 D2 D5 D3 D4 A3,?,?
2264.75,A6 D6 A4 A5 D2 D5 D3 D4 A3,?,?
2264.875,A6 D6 A3 A4 D4 D3 A5 D2 D5,?,?
2265.0,A6 D6 A3 A4 A5 D4 D3 D2 D5,?,?
2265.125,A6 D6 A3 A4 D3 A5 D2 D5 D4,?,?
2265.25,A6 D6 A3 A4 A5 D4 D3 D2 D5,?,?
2265.375,A6 D6 A3 A4 D3 A5 D2 D5 D4,?,?
2265.5,A6 D6 A3 A4 A5 D4 D3 D2 D5,?,?
2265.625,A6 D6 A3 A4 D5 D3 A5 D2 D4,?,?
2265.75,A6 D6 A3 A4 D5 A5 D4 D3 D2,?,?
2265.875,A6 D6 A3 A4 D5 D3 A5 D2 D4,?,?
2266.0,A6 D6 A3 A4 D5 D3 A5 D2 D4,?,?
2266.125,A6 D6 A4 A5 D2 D5 D3 D4 A3,?,?
2266.25,A6 D6 A4 A5 D2 D5 D3 D4 A3,?,?
2266.375,A6 D6 A4 A5 D2 D5 D3 D4 A3,?,?
2266.5,A6 D6 A4 A5 D2 D5 D3 D4 A3,?,?
2266.625,A6 D6 A4 A5 D2 D5 D3 D4 A3,?,?
2266.75,A6 D6 A4 A5 D2 D5 D3 D4 A3,?,?
2266.875,A6 D6 A3 A4 D4 D3 A5 D2 D5,?,?
2267.0,A6 D6 A3 A4 A5 D4 D3 D2 D5,?,?
2267.125,A6 D6 A3 A4 D3 A5 D2 D5 D4,?,?
2267.25,A6 D6 A3 A4 A5 D4 D3 D2 D5,?,?
2267.375,A6 D6 A3 A4 D3 A5 D2 D5 D4,?,?
2267.5,A6 D6 A3 A4 A5 D4 D3 D2 D5,?,?
2267.625,A6 D6 A3 A4 D5 D3 A5 D2 D4,?,?
2267.75,A6 D6 A3 A4 D5 A5 D4 D3 D2,?,?
2267.875,A6 D6 A3 A4 D5 D3 A5 D2 D4,?,?
2268.0,A6 D6 A3 D5 A5 A4 D2 D4 D3,?,?
