1.0,A4,?,?
5.0,A4 A3 A2,2,M
6.0,A3 A2,2,M
9.0,E3 E2,2,M
11.0,F#3 F#2,2,M
13.0,C#3 C#2,6,m
21.0,A4,2,M
25.0,A5 D5 F#5 A4,2,M
26.0,A5 D5 F#5 A4,2,M
29.0,A5 D6 A4 D5 F#4,2,M
31.0,D6 F#6 D5 A4 F#5 A5 F#4 D4,2,M
32.875,D5 A4 F#4,2,M
33.0,A6 D6 A4 D5 E5 A5 E4 A3,2,M
35.0,C#6 A6 C#5 A4 E5 A5 E4 A3,2,M
36.0,B5 A6 B4 A4 E5 A5 E4 A3,2,M
37.0,C#6 A6 C#5 A4 E5 A5 E4 A3,9,M
41.0,A4,9,M
45.0,A4 G3 G2,7,m
46.0,G3 G2,7,m
49.0,C#3 C#2,7,m
51.0,D3 D2,7,m
53.0,B-2 B-1,7,m
56.0,B2 B1,7,m
57.0,D3 D2,2,m
58.0,C#3 C#2,2,m
59.0,D3 D2,2,m
60.0,E-3 E-2,2,m
61.0,F3 F2,2,m
62.0,E3 E2,2,m
63.0,F3 F2,2,m
64.0,F#3 F#2,2,m
65.0,A3 A2,2,m
66.0,G#3 G#2,6,m
67.0,A3 A2,2,M
68.0,B-3 B-2,2,M
69.0,C#4 C#3,2,M
70.0,B3 B2,2,M
71.0,B3 G3 G2,2,M
72.0,E3 C#4 E2,2,M
73.0,D3 F#3 A3 D4 D2,2,M
73.875,F#3 A3 D4,2,M
74.0,D4 F#3 A3,2,M
74.5,D4 F#3 A3 C#4,2,M
74.625,D4 F#3 A3,2,M
74.75,D4 F#3 A3 E4,2,M
74.875,F#3 A3 D4,2,M
75.0,C#3 G3 E4 B4 C#2,2,M
75.875,G3 E4 B4,2,M
76.0,G3 C#4 E4 B4,2,M
76.5,G3 C#4 E4 A4,2,M
76.875,G3 E4 A4,2,M
77.0,B2 B3 D4 G4 B1,2,M
77.875,B3 D4 G4,2,M
78.0,F#3 B3 D4 F#4,2,M
78.875,B3 D4 F#4,2,M
79.0,F#2 F#3 A3 D4 F#1,2,M
79.875,F#3 A3 D4,2,M
80.0,D4 F#3 A3,2,M
80.875,F#3 A3,2,M
81.0,D3 G3 B3 G2,2,M
81.875,D3 G3 B3,2,M
82.0,G3 B3 D4 D3,2,M
82.875,D3 G3 B3,2,M
83.0,F#3 A3 C#4 F#2,2,M
83.875,F#3 A3 C#4,2,M
84.0,F#3 A3 C#4 D2,2,M
84.5,F#3 A3 D4 D2,2,M
84.875,F#3 A3 D4,2,M
85.0,A2 E3 A3 C#3 C#4 E4 A1,2,M
85.125,A2 E3 A3 C#3 C#4 E4 A1,2,M
85.25,A2 E3 A3 C#3 C#4 E4 A1,2,M
85.3333333333,A2 E3 A3 C#3 C#4 E4 A1,2,M
85.375,A2 E3 A3 C#3 C#4 E4 A1,2,M
85.4583333333,A2 E3 A3 C#3 C#4 E4 A1,2,M
85.5,A2 E3 A3 C#3 C#4 E4 A1,2,M
85.625,A2 E3 A3 C#3 C#4 E4 A1,2,M
85.6666666667,A2 E3 A3 C#3 C#4 E4 A1,2,M
85.75,A2 E3 A3 C#3 C#4 E4 A1,2,M
85.7916666667,A2 E3 A3 C#3 C#4 E4 A1,2,M
85.875,A2 E3 A3 C#3 C#4 E4 A1,2,M
86.0,A2 E3 A3 C#3 C#4 E4 A1,2,M
86.125,A2 E3 A3 C#3 C#4 E4 A1,2,M
86.25,A2 E3 A3 C#3 C#4 E4 A1,2,M
86.3333333333,A2 E3 A3 C#3 C#4 E4 A1,2,M
86.375,A2 E3 A3 C#3 C#4 E4 A1,2,M
86.4583333333,A2 E3 A3 C#3 C#4 E4 A1,2,M
86.5,A2 E3 A3 C#3 C#4 E4 A1,2,M
86.625,A2 E3 A3 C#3 C#4 E4 A1,2,M
86.6666666667,A2 E3 A3 C#3 C#4 E4 A1,2,M
86.75,A2 E3 A3 C#3 C#4 E4 A1,2,M
86.7916666667,A2 E3 A3 C#3 C#4 E4 A1,2,M
86.875,A2 E3 A3 C#3 C#4 E4 A1,2,M
87.0,A2 E3 A3 C#3 C#4 E4 A1,2,M
87.125,A2 E3 A3 C#3 C#4 E4 A1,2,M
87.25,A2 E3 A3 C#3 C#4 E4 A1,2,M
87.3333333333,A2 E3 A3 C#3 C#4 E4 A1,2,M
87.375,A2 E3 A3 C#3 C#4 E4 A1,2,M
87.4583333333,A2 E3 A3 C#3 C#4 E4 A1,2,M
87.5,A2 E3 A3 C#3 C#4 E4 A1,2,M
87.625,A2 E3 A3 C#3 C#4 E4 A1,2,M
87.6666666667,A2 E3 A3 C#3 C#4 E4 A1,2,M
87.75,A2 E3 A3 C#3 C#4 E4 A1,2,M
87.7916666667,A2 E3 A3 C#3 C#4 E4 A1,2,M
87.875,A2 E3 A3 C#3 C#4 E4 A1,2,M
88.0,A2 E3 A3 C#3 C#4 E4 A1,2,M
88.125,A2 E3 A3 C#3 C#4 E4 A1,2,M
88.25,A2 E3 A3 C#3 C#4 E4 A1,2,M
88.3333333333,A2 E3 A3 C#3 C#4 E4 A1,2,M
88.375,A2 E3 A3 C#3 C#4 E4 A1,2,M
88.4583333333,A2 E3 A3 C#3 C#4 E4 A1,2,M
88.5,A2 E3 A3 C#3 C#4 E4 A1,2,M
88.625,A2 E3 A3 C#3 C#4 E4 A1,2,M
88.6666666667,A2 E4 E3 A3 C#3 C#4 A1,2,M
88.75,A2 E4,2,M
88.7916666667,A2 E4,2,M
88.875,A2 E4,2,M
89.0,D3 F#3 A3 D4 D2,2,M
89.875,F#3 A3 D4,2,M
90.0,D4 F#3 A3,2,M
90.5,D4 F#3 A3 C#4,2,M
90.625,D4 F#3 A3,2,M
90.75,D4 F#3 A3 E4,2,M
90.875,F#3 A3 D4,2,M
91.0,C#3 G3 E4 B4 C#2,2,M
91.875,G3 E4 B4,2,M
92.0,G3 C#4 E4 B4,2,M
92.5,G3 C#4 E4 A4,2,M
92.875,G3 E4 A4,2,M
93.0,B2 B3 D4 G4 B1,2,M
93.875,B3 D4 G4,2,M
94.0,F#3 B3 D4 F#4,2,M
94.875,B3 D4 F#4,2,M
95.0,F#2 F#3 A3 D4 F#1,2,M
95.875,F#3 A3 D4,2,M
96.0,D4 F#3 A3,2,M
96.875,F#3 A3,2,M
97.0,D3 G3 B3 G2,2,M
97.875,D3 G3 B3,2,M
98.0,G3 B3 D4 D3,2,M
98.875,D3 G3 B3,2,M
99.0,F#3 A3 C#4 F#2,2,M
99.875,A3 C#4,2,M
100.0,F3 A3 C#4 F2,2,M
100.5,F3 A3 D4 F2,2,M
100.875,A3 D4,2,M
101.0,E3 A2 B3 G#3 E4 E2,2,M
101.125,E3 A2 B3 G#3 E4 E2,2,M
101.25,E3 A2 B3 G#3 E4 E2,2,M
101.333333333,E3 A2 B3 G#3 E4 E2,2,M
101.375,E3 A2 B3 G#3 E4 E2,2,M
101.458333333,E3 A2 B3 G#3 E4 E2,2,M
101.5,E3 A2 B3 G#3 E4 E2,2,M
101.625,E3 A2 B3 G#3 E4 E2,2,M
101.666666667,A2 E3 B3 G#3 E4 E2,2,M
101.75,E3 A2 B3 G#3 E4 E2,2,M
101.791666667,E3 A2 B3 G#3 E4 E2,2,M
101.875,E3 A2 B3 G#3 E4 E2,2,M
102.0,E3 A2 B3 G#3 E4 E2,2,M
102.125,E3 A2 B3 G#3 E4 E2,11,m
102.25,E3 A2 B3 G#3 E4 E2,11,m
102.333333333,E3 A2 B3 G#3 E4 E2,11,m
102.375,E3 A2 B3 G#3 E4 E2,11,m
102.458333333,E3 A2 B3 G#3 E4 E2,11,m
102.5,E3 A2 B3 G#3 E4 E2,11,m
102.625,E3 A2 B3 G#3 E4 E2,11,m
102.666666667,A2 E3 B3 G#3 E4 E2,11,m
102.75,E3 A2 B3 G#3 E4 E2,11,m
102.791666667,E3 A2 B3 G#3 E4 E2,11,m
102.875,E3 A2 G3 B3 G#3 E4 E2,11,m
103.0,E3 G3 A2 B3 E4 G2,11,m
103.125,E3 A2 B3 G3 E4 G2,11,m
103.25,E3 A2 B3 G3 E4 G2,11,m
103.333333333,E3 A2 B3 G3 E4 G2,11,m
103.375,E3 A2 B3 G3 E4 G2,11,m
103.458333333,E3 A2 B3 G3 E4 G2,11,m
103.5,E3 A2 B3 G3 E4 G2,11,m
103.625,E3 A2 B3 G3 E4 G2,11,m
103.666666667,A2 E3 B3 G3 E4 G2,11,m
103.75,E3 A2 B3 G3 E4 G2,11,m
103.791666667,E3 G3 A2 B3 E4 G2,11,m
103.875,B3 G3 E3 A2 E4 G2,11,m
104.0,B3 G3 A2 E4 G2,11,m
104.125,G3 A2 B3 E4 G2,11,m
104.25,G3 A2 B3 E4 G2,11,m
104.333333333,G3 A2 B3 E4 G2,11,m
104.375,G3 A2 B3 E4 G2,11,m
104.458333333,G3 A2 B3 E4 G2,11,m
104.5,G3 A2 B3 E4 G2,11,m
104.625,G3 A2 B3 E4 G2,11,m
104.666666667,A2 E4 B3 G3 G2,11,m
104.75,A2 B3 E4 G2,11,m
104.791666667,A2 B3 E4 G2,11,m
104.875,A2 B3 E4 G2,11,m
105.0,B-3 C#4 F#4 F#2,11,m
105.875,B-3 C#4 F#4 F#2,11,m
106.0,G3 B-3 C#4 F#4 G2,11,m
107.0,F#3 B-3 C#4 F#4 F#2,11,m
107.875,F#3 B-3 C#4 F#4 F#2,11,m
108.0,E3 B-3 C#4 F#4 E2,11,m
108.5,E3 F#4 B-3 C#4 E2,11,m
109.0,D3 F#4 B3 D4 D2,11,m
110.0,C#3 B-3 E4 F#4 C#2,11,m
111.0,B2 B3 D4 F#4 B1,11,m
112.0,A2 E-3 C4 F#4 A1,11,m
112.5,A2 E-3 C4 F#4 A1,11,m
113.0,G2 B3 E3 F#4 G1,11,m
114.0,G2 B3 E3 E4 G1,11,m
115.0,G2 B3 E3 D4 G1,11,m
116.0,G2 B3 E3 C#4 G1,11,m
117.0,F#2 C#4 E3 B3 F#1,?,?
118.0,G2 C#4 E3 B3 G1,?,?
119.0,F#2 C#4 E3 B-3 F#1,?,?
120.0,C#4 E3 B-3,2,m
120.5,B-3,2,m
120.75,A3,2,m
121.0,A4,2,m
122.0,E2 C#4 G3 A4 A1,2,m
123.0,D2 A3 D4 G3 A4 B1,2,m
124.0,A3 E4 G3 A4 C#2,2,m
124.5,A3 E4 G3 A4 C#2,2,m
125.0,A3 F3 F4 A4 D2,2,m
126.0,A3 G3 C#4 A4 E2,2,m
127.0,F3 D4 A4 F2,2,m
128.0,F3 D4 A4 G2,2,m
128.5,F#3 D4 A4 A2,2,m
129.0,D4 G3 B-3 G4 B-2,2,m
130.0,D4 A3 F4 A2,2,m
131.0,G3 B-3 E-4 G2,2,m
132.0,G#2 F3 B3 D4 G#1,2,m
133.0,C#3 A2 C3 E3 A3 A1,2,m
133.125,C#3 A2 C3 E3 A3 A1,2,m
133.25,C#3 A2 C3 E3 A3 A1,2,m
133.333333333,A2 C#3 C3 E3 A3 A1,2,m
133.375,C#3 A2 C3 E3 A3 A1,2,m
133.458333333,C#3 A2 C3 E3 A3 A1,2,m
133.5,C#3 A2 C3 E3 A3 A1,2,m
133.625,C#3 A2 C3 E3 A3 A1,2,m
133.666666667,C#3 A2 C3 E3 A3 A1,2,m
133.75,C#3 A2 C3 E3 A3 A1,2,m
133.791666667,C#3 A2 C3 E3 A3 A1,2,m
133.875,C#3 A2 A3 C3 E3 A1,2,m
134.0,C#3 A2 A3 C3 E3 C#2 E2 A1,2,m
134.125,C#3 A2 A3 C3 E3 C#2 E2 A1,2,m
134.25,C#3 A2 A3 C3 E3 C#2 E2 A1,2,m
134.333333333,A2 C#3 A3 C3 E3 C#2 E2 A1,2,m
134.375,C#3 A2 A3 C3 E3 C#2 E2 A1,2,m
134.458333333,C#3 A2 A3 C3 E3 C#2 E2 A1,2,m
134.5,C#3 A2 A3 C3 E3 C#2 E2 A1,2,m
134.625,C#3 A2 A3 C3 E3 C#2 E2 A1,2,m
134.666666667,C#3 A2 A3 C3 E3 C#2 E2 A1,2,m
134.75,C#3 A2 A3 C3 E3 C#2 E2 A1,2,m
134.791666667,C#3 A2 A3 C3 E3 C#2 E2 A1,2,m
134.875,A2 C#3 A3 C3 E3 C#2 E2 A1,2,m
135.0,A2 B-3 D3 F3 D2 F2 A1,2,m
135.125,A2 B-3 D3 F3 D2 F2 A1,2,m
135.25,A2 B-3 D3 F3 D2 F2 A1,2,m
135.333333333,A2 B-3 D3 F3 D2 F2 A1,2,m
135.375,A2 B-3 D3 F3 D2 F2 A1,2,m
135.458333333,A2 B-3 D3 F3 D2 F2 A1,2,m
135.5,A2 B-3 D3 F3 D2 F2 A1,2,m
135.625,A2 B-3 D3 F3 D2 F2 A1,2,m
135.666666667,A2 B-3 D3 F3 D2 F2 A1,2,m
135.75,A2 B-3 D3 F3 D2 F2 A1,2,m
135.791666667,A2 B-3 D3 F3 D2 F2 A1,2,m
135.875,A2 B-3 D3 F3 D2 F2 A1,2,m
136.0,A2 B3 E-3 F#3 E-2 F#2 A1,2,m
136.125,A2 B3 E-3 F#3 E-2 F#2 A1,2,m
136.25,A2 B3 E-3 F#3 E-2 F#2 A1,2,m
136.333333333,A2 B3 E-3 F#3 E-2 F#2 A1,2,m
136.375,A2 B3 E-3 F#3 E-2 F#2 A1,2,m
136.458333333,A2 B3 E-3 F#3 E-2 F#2 A1,2,m
136.5,A2 B3 E-3 F#3 E-2 F#2 A1,2,m
136.625,A2 B3 E-3 F#3 E-2 F#2 A1,2,m
136.666666667,A2 B3 E-3 F#3 E-2 F#2 A1,2,m
136.75,A2 B3 E-3 F#3 E-2 F#2,2,m
136.791666667,A2 B3 E-3 F#3 E-2 F#2,2,m
136.875,A2 B3 E-3 F#3 E-2 F#2,2,m
137.0,A2 D4 E3 G3 E2 G2 A1,2,m
137.125,A2 D4 E3 G3 E2 G2 A1,2,m
137.25,A2 D4 E3 G3 E2 G2 A1,2,m
137.333333333,A2 D4 E3 G3 E2 G2 A1,2,m
137.375,A2 D4 E3 G3 E2 G2 A1,2,m
137.458333333,A2 D4 E3 G3 E2 G2 A1,2,m
137.5,A2 D4 E3 G3 E2 G2 A1,2,m
137.625,A2 D4 E3 G3 E2 G2 A1,2,m
137.666666667,A2 D4 E3 G3 E2 G2 A1,2,m
137.75,A2 D4 E3 G3 E2 G2 A1,2,m
137.791666667,A2 D4 E3 G3 E2 G2 A1,2,m
137.875,A2 D4 E3 G3 E2 G2 A1,2,m
138.0,A2 C#4 E3 G3 E2 G2 A1,2,m
138.125,A2 C#4 E3 G3 E2 G2 A1,2,m
138.25,A2 C#4 E3 G3 E2 G2 A1,2,m
138.333333333,A2 C#4 E3 G3 E2 G2 A1,2,m
138.375,A2 C#4 E3 G3 E2 G2 A1,2,m
138.458333333,A2 C#4 E3 G3 E2 G2 A1,2,m
138.5,A2 C#4 E3 G3 E2 G2 A1,2,m
138.625,A2 C#4 E3 G3 E2 G2 A1,2,m
138.666666667,A2 C#4 E3 G3 E2 G2 A1,2,m
138.75,A2 C#4 E3 G3 E2 G2 A1,2,m
138.791666667,E3 G3 A2 C#4 E2 G2 A1,2,m
138.875,A2 C#4 E3 G3 A1,2,m
139.0,A2 D4 F3 G#3 F2 G#2 A1,2,m
139.125,A2 D4 F3 G#3 F2 G#2 A1,2,m
139.25,A2 D4 F3 G#3 F2 G#2 A1,2,m
139.333333333,A2 D4 F3 G#3 F2 G#2 A1,2,m
139.375,A2 D4 F3 G#3 F2 G#2 A1,2,m
139.458333333,A2 D4 F3 G#3 F2 G#2 A1,2,m
139.5,A2 D4 F3 G#3 F2 G#2 A1,2,m
139.625,A2 D4 F3 G#3 F2 G#2 A1,2,m
139.666666667,A2 D4 F3 G#3 F2 G#2 A1,2,m
139.75,A2 D4 F3 G#3 F2 G#2 A1,2,m
139.791666667,A2 D4 F3 G#3 F2 G#2 A1,2,m
139.875,A2 D4 F3 G#3 F2 G#2 A1,2,m
140.0,A2 E-4 F#3 A3 F#2 A1,2,m
140.125,E-4 F#3 A3 F#2 A2 A1,2,m
140.25,E-4 F#3 A3 F#2 A2 A1,2,m
140.333333333,A2 E-4 F#3 A3 F#2 A1,2,m
140.375,E-4 F#3 A3 F#2 A2 A1,2,m
140.458333333,E-4 F#3 A3 F#2 A2 A1,2,m
140.5,E-4 F#3 A3 F#2 A2 A1,2,m
140.625,E-4 F#3 A3 F#2 A2 A1,2,m
140.666666667,E-4 F#3 A3 F#2 A2 A1,2,m
140.75,E-4 F#3 A3 F#2 A2,2,m
140.791666667,E-4 F#3 A3 F#2 A2,2,m
140.875,E-4 F#3 A3 F#2 A2,2,m
141.0,A2 F4 G3 B-3 G2 B-2 A1,2,m
141.125,A2 F4 G3 B-3 G2 B-2 A1,2,m
141.25,A2 F4 G3 B-3 G2 B-2 A1,2,m
141.333333333,A2 F4 G3 B-3 G2 B-2 A1,2,m
141.375,A2 F4 G3 B-3 G2 B-2 A1,2,m
141.458333333,A2 F4 G3 B-3 G2 B-2 A1,2,m
141.5,A2 F4 G3 B-3 G2 B-2 A1,2,m
141.625,A2 F4 G3 B-3 G2 B-2 A1,2,m
141.666666667,A2 F4 G3 B-3 G2 B-2 A1,2,m
141.75,A2 F4 G3 B-3 G2 B-2 A1,2,m
141.791666667,A2 F4 G3 B-3 G2 B-2 A1,2,m
141.875,A2 F4 G3 B-3 G2 B-2 A1,2,m
142.0,A2 E4 G#3 B3 G#2 B2 A1,2,m
142.125,A2 E4 G#3 B3 G#2 B2 A1,2,m
142.25,A2 E4 G#3 B3 G#2 B2 A1,2,m
142.333333333,A2 E4 G#3 B3 G#2 B2 A1,2,m
142.375,A2 E4 G#3 B3 G#2 B2 A1,2,m
142.458333333,A2 E4 G#3 B3 G#2 B2 A1,2,m
142.5,A2 E4 G#3 B3 G#2 B2 A1,2,m
142.625,A2 E4 G#3 B3 G#2 B2 A1,2,m
142.666666667,A2 E4 G#3 B3 G#2 B2 A1,2,m
142.75,A2 E4 G#3 B3 G#2 B2 A1,2,m
142.791666667,A2 E4 G#3 B3 G#2 B2 A1,2,m
142.875,A2 E4 G#3 B3 G#2 B2 A1,2,m
143.0,A2 F4 A3 C4 C3 A1,2,m
143.125,F4 A3 C4 A2 C3 A1,2,m
143.25,F4 A3 C4 A2 C3 A1,2,m
143.333333333,A2 F4 A3 C4 C3 A1,2,m
143.375,F4 A3 C4 A2 C3 A1,2,m
143.458333333,F4 A3 C4 A2 C3 A1,2,m
143.5,F4 A3 C4 A2 C3 A1,2,m
143.625,F4 A3 C4 A2 C3 A1,2,m
143.666666667,F4 A3 C4 A2 C3 A1,2,m
143.75,F4 A3 C4 A2 C3 A1,2,m
143.791666667,F4 A3 C4 A2 C3 A1,2,m
143.875,A2 F4 A3 C4 C3 A1,2,m
144.0,A2 F#4 B-3 C#4 B-2 C#3 A1,2,m
144.125,A2 F#4 B-3 C#4 B-2 C#3 A1,2,m
144.25,A2 F#4 B-3 C#4 B-2 C#3 A1,2,m
144.333333333,A2 F#4 B-3 C#4 B-2 C#3 A1,2,m
144.375,A2 F#4 B-3 C#4 B-2 C#3 A1,2,m
144.458333333,A2 F#4 B-3 C#4 B-2 C#3 A1,2,m
144.5,A2 F#4 B-3 C#4 B-2 C#3 A1,2,m
144.625,A2 F#4 B-3 C#4 B-2 C#3 A1,2,m
144.666666667,A2 F#4 B-3 C#4 B-2 C#3 A1,2,m
144.75,A2 F#4 B-3 C#4 B-2 C#3,2,m
144.791666667,A2 F#4 B-3 C#4 B-2 C#3,2,m
144.875,A2 F#4 B-3 C#4 B-2 C#3,2,m
145.0,A2 A4 B3 D4 B2 D3 A1,2,m
145.125,A2 A4 B3 D4 B2 D3 A1,9,m
145.25,A2 A4 B3 D4 B2 D3 A1,9,m
145.333333333,A2 A4 B3 D4 B2 D3 A1,9,m
145.375,A2 A4 B3 D4 B2 D3 A1,9,m
145.458333333,A2 A4 B3 D4 B2 D3 A1,9,m
145.5,A2 A4 B3 D4 B2 D3 A1,9,m
145.625,A2 A4 B3 D4 B2 D3 A1,9,m
145.666666667,A2 A4 B3 D4 B2 D3 A1,9,m
145.75,A2 A4 B3 D4 B2 D3 A1,9,m
145.791666667,A2 A4 B3 D4 B2 D3 A1,9,m
145.875,A2 A4 B3 D4 B2 D3 A1,9,m
146.0,A2 G#4 C4 E-4 C3 E-3 A1,9,m
146.125,A2 G#4 C4 E-4 C3 E-3 A1,9,m
146.25,A2 G#4 C4 E-4 C3 E-3 A1,9,m
146.333333333,A2 G#4 C4 E-4 C3 E-3 A1,9,m
146.375,A2 G#4 C4 E-4 C3 E-3 A1,9,m
146.458333333,A2 G#4 C4 E-4 C3 E-3 A1,9,m
146.5,A2 G#4 C4 E-4 C3 E-3 A1,9,m
146.625,A2 G#4 C4 E-4 C3 E-3 A1,9,m
146.666666667,A2 G#4 C4 E-4 C3 E-3 A1,9,m
146.75,A2 G#4 C4 E-4 C3 E-3 A1,9,m
146.791666667,A2 G#4 C4 E-4 C3 E-3 A1,9,m
146.875,A2 G#4 C4 E-4 C3 E-3 A1,9,m
147.0,A2 A4 C4 E-4 C3 E-3 A1,9,m
147.125,A2 A4 C4 E-4 C3 E-3 A1,9,m
147.25,A2 A4 C4 E-4 C3 E-3 A1,9,m
147.333333333,A2 A4 C4 E-4 C3 E-3 A1,9,m
147.375,A2 A4 C4 E-4 C3 E-3 A1,9,m
147.458333333,A2 A4 C4 E-4 C3 E-3 A1,9,m
147.5,A2 A4 C4 E-4 C3 E-3 A1,9,m
147.625,A2 A4 C4 E-4 C3 E-3 A1,9,m
147.666666667,A2 A4 C4 E-4 C3 E-3 A1,9,m
147.75,A2 A4 C4 E-4 C3 E-3 A1,9,m
147.791666667,C4 E-4 A2 A4 C3 E-3 A1,9,m
147.875,A2 A4 C4 E-4 C3 E-3 A1,9,m
148.0,A2 B-4 C#4 E4 C#3 E3 A1,9,m
148.125,A2 B-4 C#4 E4 C#3 E3 A1,9,m
148.25,A2 B-4 C#4 E4 C#3 E3 A1,9,m
148.333333333,A2 B-4 C#4 E4 C#3 E3 A1,9,m
148.375,A2 B-4 C#4 E4 C#3 E3 A1,9,m
148.458333333,A2 B-4 C#4 E4 C#3 E3 A1,9,m
148.5,A2 B-4 C#4 E4 C#3 E3 A1,9,m
148.625,A2 B-4 C#4 E4 C#3 E3 A1,9,m
148.666666667,A2 B-4 C#4 E4 C#3 E3 A1,9,m
148.75,A2 B-4 C#4 E4 C#3 E3,9,m
148.791666667,A2 B-4 C#4 E4 C#3 E3,9,m
148.875,A2 B-4 C#4 E4 C#3 E3,9,m
149.0,D4 F4 A2 B4 G#4 D3 F3 A1,9,m
149.25,D4 F4 D3 G#4 B4 F3,9,m
149.5,G#4 B4 F3 D4,9,m
150.0,G#4 B4 F3 D4 B3,9,m
150.875,G#4 B4 F3 D4,9,m
151.0,G#4 B4 F3 D4 G#3,9,m
151.875,G#4 B4 F3 D4,9,m
152.0,G#4 B4 F3 D4 D3,9,m
152.5,G#4 B4 F3 D4 E3,9,m
153.0,G#4 B4 D4 F3,9,m
153.5,G#4 B4 D4 F3,4,M
154.0,F5 G#4 B4 D4 F3,4,M
154.875,G#4 B4 D4 F3,4,M
155.0,D5 G#4 B4 D4 F3,4,M
155.875,G#4 B4 D4 F3,4,M
156.0,G#4 B4 D4 F3,4,M
156.5,A4 G#4 B4 D4 F3,4,M
157.0,A3 B4 A4 F#3 E-4 F#2,4,M
157.5,A3 A4 B4 F#3 E-4 F#2,4,M
159.0,A3 A4 B4 F#3 E-4 F#2,4,M
160.5,A3 A4 B4 F#3 E-4 F#2,4,M
161.0,F#3 A3 E-4 C5 A4 F#2,4,M
161.5,A4 C5 F#3 E-4,4,M
162.0,A4 C5 F#3 E-4 C4,4,M
162.875,A4 C5 F#3 E-4,?,?
163.0,A4 C5 F#3 E-4 A3,?,?
163.875,A4 C5 F#3 E-4,?,?
164.0,A4 C5 F#3 E-4 E-3,?,?
164.5,A4 C5 F#3 E-4 E3,5,M
165.0,A4 C5 E-4 F#3,5,M
165.5,A4 C5 E-4 F#3,5,M
166.0,F#5 A4 C5 E-4 F#3,5,M
166.875,A4 C5 E-4 F#3,5,M
167.0,E-5 A4 C5 E-4 F#3,5,M
167.875,A4 C5 E-4 F#3,5,M
168.0,A4 C5 E-4 F#3,5,M
168.5,B-4 A4 C5 E-4 F#3,5,M
169.0,B-3 C5 B-4 G3 E4 G2,5,M
169.5,B-3 B-4 C5 G3 E4 G2,5,M
171.0,B-3 B-4 C5 G3 E4 G2,5,M
172.5,B-3 B-4 C5 G3 E4 G2,5,M
173.0,B-3 A2 C#5 B-4 G3 E4 G2,5,M
173.125,B-3 A2 B-4 C#5 G3 E4 G2,5,M
173.25,B-3 A2 B-4 C#5 G3 E4 G2,5,M
173.333333333,A2 B-3 B-4 C#5 G3 E4 G2,5,M
173.375,B-3 A2 B-4 C#5 G3 E4 G2,5,M
173.458333333,G3 B-3 E4 A2 C#5 B-4 G2,5,M
173.5,A2 B-4 C#5 G3 E4,5,M
173.625,A2 B-4 C#5 G3 E4,5,M
173.666666667,A2 B-4 C#5 G3 E4,5,M
173.75,A2 B-4 C#5 G3 E4,5,M
173.791666667,A2 B-4 C#5 G3 E4,5,M
173.875,A2 B-4 C#5 G3 E4,5,M
174.0,A2 B-4 C#5 G3 E4 C#4,5,M
174.125,A2 B-4 C#5 G3 E4 C#4,5,M
174.25,A2 B-4 C#5 G3 E4 C#4,5,M
174.333333333,A2 B-4 C#5 G3 E4 C#4,5,M
174.375,A2 B-4 C#5 G3 E4 C#4,5,M
174.458333333,A2 B-4 C#5 G3 E4 C#4,5,M
174.5,A2 B-4 C#5 G3 E4 C#4,5,M
174.625,A2 B-4 C#5 G3 E4 C#4,5,M
174.666666667,A2 B-4 C#5 G3 E4 C#4,5,M
174.75,A2 B-4 C#5 G3 E4 C#4,5,M
174.791666667,A2 B-4 C#5 G3 E4 C#4,5,M
174.875,A2 B-4 C#5 G3 E4,5,M
175.0,A2 B-4 C#5 G3 E4 B-3,5,M
175.125,A2 B-4 C#5 G3 E4 B-3,5,M
175.25,A2 B-4 C#5 G3 E4 B-3,5,M
175.333333333,A2 B-4 C#5 G3 E4 B-3,5,M
175.375,A2 B-4 C#5 G3 E4 B-3,5,M
175.458333333,A2 B-4 C#5 G3 E4 B-3,5,M
175.5,A2 B-4 C#5 G3 E4 B-3,5,M
175.625,A2 B-4 C#5 G3 E4 B-3,5,M
175.666666667,A2 B-4 C#5 G3 E4 B-3,5,M
175.75,A2 B-4 C#5 G3 E4 B-3,5,M
175.791666667,A2 B-4 C#5 G3 E4 B-3,5,M
175.875,A2 B-4 C#5 G3 E4,5,M
176.0,A2 B-4 C#5 G3 E4 E3,5,M
176.125,A2 B-4 C#5 G3 E4 E3,2,m
176.25,A2 B-4 C#5 G3 E4 E3,2,m
176.333333333,A2 B-4 C#5 G3 E4 E3,2,m
176.375,A2 B-4 C#5 G3 E4 E3,2,m
176.458333333,A2 B-4 C#5 G3 E4 E3,2,m
176.5,A2 B-4 C#5 G3 E4 F#3,2,m
176.625,A2 B-4 C#5 G3 E4 F#3,2,m
176.666666667,A2 B-4 C#5 G3 E4 F#3,2,m
176.75,A2 B-4 C#5 G3 E4 F#3,2,m
176.791666667,A2 B-4 C#5 G3 E4 F#3,2,m
176.875,A2 B-4 C#5 G3 E4 F#3,2,m
177.0,B-4 C#5 E4 A2 G3,2,m
177.125,A2 B-4 C#5 E4 G3,2,m
177.25,A2 B-4 C#5 E4 G3,2,m
177.333333333,A2 B-4 C#5 E4 G3,2,m
177.375,A2 B-4 C#5 E4 G3,2,m
177.458333333,A2 B-4 C#5 E4 G3,2,m
177.5,A2 B-4 C#5 G3 E4,2,m
177.625,A2 B-4 C#5 G3 E4,2,m
177.666666667,A2 B-4 C#5 G3 E4,2,m
177.75,A2 B-4 C#5 G3 E4,2,m
177.791666667,A2 B-4 C#5 G3 E4,2,m
177.875,A2 B-4 C#5 G3 E4,2,m
178.0,A2 B-4 C#5 G3 E4 C#4 C#3,2,m
178.125,A2 B-4 C#5 G3 E4 C#4 C#3,2,M
178.25,A2 B-4 C#5 G3 E4 C#4 C#3,2,M
178.333333333,A2 B-4 C#5 G3 E4 C#4 C#3,2,M
178.375,A2 B-4 C#5 G3 E4 C#4 C#3,2,M
178.458333333,A2 B-4 C#5 G3 E4 C#4 C#3,2,M
178.5,A2 B-4 C#5 G3 E4 C#4 C#3,2,M
178.625,A2 B-4 C#5 G3 E4 C#4 C#3,2,M
178.666666667,A2 B-4 C#5 G3 E4 C#4 C#3,2,M
178.75,A2 B-4 C#5 G3 E4 C#4 C#3,2,M
178.791666667,A2 B-4 C#5 G3 E4 C#4 C#3,2,M
178.875,A2 B-4 C#5 G3 E4,2,M
179.0,A2 B-4 C#5 G3 E4 B-3 B-2,2,M
179.125,A2 B-4 C#5 G3 E4 B-3 B-2,2,M
179.25,A2 B-4 C#5 G3 E4 B-3 B-2,2,M
179.333333333,A2 B-4 C#5 G3 E4 B-3 B-2,2,M
179.375,A2 B-4 C#5 G3 E4 B-3 B-2,2,M
179.458333333,A2 B-4 C#5 G3 E4 B-3 B-2,2,M
179.5,A2 B-4 C#5 G3 E4 B-3 B-2,2,M
179.625,A2 B-4 C#5 G3 E4 B-3 B-2,2,M
179.666666667,A2 B-4 C#5 G3 E4 B-3 B-2,2,M
179.75,A2 B-4 C#5 G3 E4 B-3 B-2,2,M
179.791666667,A2 B-4 C#5 G3 E4 B-3 B-2,2,M
179.875,A2 B-4 C#5 G3 E4,2,M
180.0,A2 B-4 C#5 G3 E4 E3 E2,2,M
180.125,A2 B-4 C#5 G3 E4 E3 E2,2,M
180.25,A2 B-4 C#5 G3 E4 E3 E2,2,M
180.333333333,A2 B-4 C#5 G3 E4 E3 E2,2,M
180.375,A2 B-4 C#5 G3 E4 E3 E2,2,M
180.458333333,A2 B-4 C#5 G3 E4 E3 E2,2,M
180.5,A2 F#4 B-4 C#5 G3 E4 F#3 F#2,2,M
180.625,A2 F#4 B-4 C#5 G3 E4 F#3 F#2,2,M
180.666666667,A2 F#4 B-4 C#5 G3 E4 F#3 F#2,2,M
180.75,A2 F#4 B-4 C#5 G3 E4 F#3 F#2,2,M
180.791666667,A2 F#4 B-4 C#5 G3 E4 F#3 F#2,2,M
180.875,B-4 C#5 G3 E4 A2 F#4 F#3 F#2,2,M
181.0,B-4 C#5 E4 A2 G4 G3 G2,2,M
181.25,A2 B-4 C#5 G3 E4,2,M
181.5,A2 B-4 B-3 B-2,2,M
181.75,A2 B-4 B-3,2,M
182.0,C#5 C#4 C#3,2,M
182.25,C#5 C#4,2,M
182.5,B4 B3 B2,2,M
182.75,B4 B3,2,M
183.0,A4 A3 A2,2,M
183.25,A4 A3,2,M
183.5,G#4 G#3 G#2,2,M
183.75,G#4 G#3,2,M
184.0,G4 G3 G2,2,M
184.25,G4 G3,2,M
184.5,E4 E3 E2,2,M
184.75,E4 E3,2,M
185.0,D5 A4 D4 F#4 F#3 A3 D3 D2,2,M
185.125,D5 A4 D4 F#4 F#3 A3 D3 D2,2,M
185.25,D5 A4 D4 F#4 F#3 A3 D3 D2,2,M
185.333333333,D3 D5 A4 D4 F#4 F#3 A3 D2,2,M
185.375,D5 A4 D4 F#4 F#3 A3 D3 D2,2,M
185.458333333,D5 A4 D4 F#4 F#3 A3 D3 D2,2,M
185.5,D5 A4 D4 F#4 F#3 A3 D3 D2,2,M
185.625,D5 A4 D4 F#4 F#3 A3 D3 D2,2,M
185.666666667,D5 A4 D4 F#4 F#3 A3 D3 D2,2,M
185.75,D5 A4 D4 F#4 F#3 A3 D3 D2,2,M
185.791666667,D5 A4 D4 F#4 F#3 A3 D3 D2,2,M
185.875,D5 A4 D3 D4 F#4 F#3 A3 D2,2,M
186.0,D5 A4 D3 D4 F#4 F#3 A3,2,M
186.125,D5 A4 F#4 F#3 A3 D4 D3,2,M
186.25,D5 A4 F#4 F#3 A3 D4 D3,2,M
186.333333333,D3 D5 A4 F#4 F#3 A3 D4,2,M
186.375,D5 A4 F#4 F#3 A3 D4 D3,2,M
186.458333333,D5 A4 D4 F#4 F#3 A3 D3,2,M
186.5,C#5 A4 C#4 F#4 F#3 A3 D4 D3,2,M
186.625,D5 A4 D4 F#4 F#3 A3 D3,2,M
186.666666667,D5 A4 D4 F#4 F#3 A3 D3,2,M
186.75,E5 A4 E4 F#4 F#3 A3 D4 D3,2,M
186.791666667,E5 A4 E4 A3 F#4 D3 F#3 D4,2,M
186.875,D5 D4 D3 F#4 F#3 A3,2,M
187.0,B5 B4 A2 G4 G3 E4 C#3 C#2,2,M
187.5,B5 B4 C#3 G4 G3 E4 C#2,2,M
188.0,B5 B4 C#3 G4 G3 E4 C#4,2,M
188.5,A5 G4 A4 G3 E4 C#3 C#4,2,M
188.875,A5 A4 G4 G3 E4 C#4 C#3,2,M
189.0,G5 G4 B3 B2 B4 D4 F#3 B1,2,M
190.0,F#5 F#4 F#3 B3 D4 B2 B4,2,M
190.875,F#5 F#4 B4 D4 F#3 B3 B2,2,M
191.0,D5 D4 F#3 A3 F#2 A4 F#1,2,M
192.0,A4 A3 F#3 D4 F#2,2,M
192.875,A3 A4 D4 F#3 F#2,2,M
193.0,G4 D3 B3 G2 B4 G3 D4 G1,2,M
194.0,B4 G4 D3 G3 B3 G2 D4,2,M
194.875,B4 D4 G3 G2,2,M
195.0,C#5 C#4 A4 F#4 A3 F#3 F#2,2,M
196.0,C#5 A4 C#4 F#4 A3 D4 F#3 D3 D2,2,M
196.5,D5 A4 D4 F#4 A3 F#3 D3 D2,2,M
197.0,C#5 E5 A4 A3 E4 E3 C#4 A2 A1,2,M
197.125,C#5 E5 A4 A3 E4 E3 C#4 A2 A1,2,M
197.25,C#5 E5 A4 A3 E4 E3 C#4 A2 A1,2,M
197.333333333,A2 C#5 E5 A4 A3 E4 E3 C#4 A1,2,M
197.375,C#5 E5 A4 A3 E4 E3 C#4 A2 A1,2,M
197.458333333,C#5 E5 A4 A3 C#4 E4 A2 E3 A1,2,M
197.5,C#5 E5 A4 A3 C#4 E4 A2 F#4 F#3,2,M
197.625,C#5 E5 A4 A3 C#4 E4 A2 E3,2,M
197.666666667,C#5 E5 A4 A3 C#4 E4 A2 E-4 E-3 E3,2,M
197.75,C#5 E5 A4 A3 C#4 E4 A2 E-4 E3 E-3,2,M
197.791666667,C#5 E5 A4 A3 C#4 E4 A2 E3,2,M
197.875,C#5 E5 A4 A3 C#4 E4 A2,2,M
198.0,C#5 E5 A4 A3 C#4 E4 A2 B4 B3,2,M
198.125,C#5 E5 A4 A3 C#4 E4 A2 G#4 G#3,2,M
198.25,C#5 E5 A4 A3 C#4 E4 A2,2,M
198.333333333,A2 C#5 E5 A4 A3 C#4 E4,2,M
198.375,C#5 E5 A4 A3 C#4 E4 A2,2,M
198.458333333,C#5 E5 A4 A3 C#4 E4 A2,2,M
198.5,C#5 E5 A4 A3 C#4 E4 A2 D5 D4,2,M
198.625,C#5 E5 A4 A3 C#4 E4 A2,2,M
198.666666667,C#5 E5 A4 A3 C#4 E4 A2 C5 C4,2,M
198.75,C#5 E5 A4 A3 C#4 E4 A2 C5 C4,2,M
198.791666667,C#5 E5 A4 A3 C#4 E4 A2,2,M
198.875,C#5 E5 A4 A3 C#4 E4 A2,2,M
199.0,C#5 E5 A4 A3 C#4 E4 A2 F#5 F#4,2,M
199.125,C#5 E5 A4 A3 C#4 E4 A2 E-5 E-4,2,M
199.25,C#5 E5 A4 A3 C#4 E4 A2,2,M
199.333333333,A2 C#5 E5 A4 A3 C#4 E4,2,M
199.375,C#5 E5 A4 A3 C#4 E4 A2,2,M
199.458333333,C#5 E5 A4 A3 C#4 E4 A2,2,M
199.5,C#5 E5 A4 A3 C#4 E4 A2 B5 B4,2,M
199.625,C#5 E5 A4 A3 C#4 E4 A2 A5,2,M
199.666666667,C#5 E5 A4 A3 C#4 E4 A2 G#5 A5 G#4,2,M
199.75,C#5 E5 A4 A3 C#4 E4 A2 A5 G#5 G#4,2,M
199.791666667,C#5 E5 A4 A3 C#4 E4 A2 A5,2,M
199.875,C#5 E5 A4 A3 C#4 E4 A2,2,M
200.0,C#5 E5 A4 A3 C#4 E4 A2 D6 D5,2,M
200.125,C#5 E5 A4 A3 C#4 E4 A2 C#6 C6 C5,2,M
200.25,C#5 E5 A4 A3 C#4 E4 A2 C#6,2,M
200.333333333,A2 C#5 E5 A4 A3 C#4 E4 C#6,2,M
200.375,C#5 E5 A4 A3 C#4 E4 A2,2,M
200.458333333,C#5 E5 A4 A3 C#4 E4 A2,2,M
200.5,C#5 E5 A4 A3 C#4 E4 A2 F#6 F#5,2,M
200.625,C#5 E5 A4 A3 C#4 E4 A2 E6,2,M
200.666666667,C#5 A4 A3 C#4 E4 A2 E-6 E6 E-5 E5,2,M
200.75,A2 E6 E-6 E5 E-5,2,M
200.791666667,A2 E6 E5,2,M
200.875,A2,2,M
201.0,D5 A4 D3 D4 F#4 F#3 A3 D2,2,M
202.0,D5 A4 D4 D3 F#4 F#3 A3,2,M
202.5,C#5 A4 C#4 F#4 F#3 A3 D4 D3,2,M
202.625,D5 A4 D4 F#4 F#3 A3 D3,2,M
202.75,E5 A4 E4 A3 F#4 D3 F#3 D4,2,M
202.875,D5 D4 F#4 F#3 A3 D3,2,M
203.0,B5 B4 C#3 G4 G3 E4 C#2,2,M
204.0,B5 B4 C#3 G4 G3 E4 C#4,2,M
204.5,A5 G4 A4 G3 E4 C#3 C#4,2,M
204.875,A5 A4 G4 G3 E4 C#4 C#3,2,M
205.0,G5 G4 B3 B2 B4 F#3 D4 B1,2,M
206.0,F#5 F#4 F#3 B3 D4 B2 B4,2,M
206.875,F#5 F#4 B4 F#3 D4 B3 B2,2,M
207.0,D5 D4 F#3 A3 F#2 A4 F#1,2,M
208.0,A4 A3 F#3 D4 F#2,2,M
208.875,A3 A4 D4 F#3 F#2,2,M
209.0,D4 G4 G3 G2 B4 D3 B3 G1,2,M
210.0,B4 D4 G4 D3 G3 B3 G2,2,M
210.875,B4 D4 D3 B3 G3 G2,2,M
211.0,C#5 A4 C#4 A3 F#3 F#2 F#1,2,M
212.0,C#5 C#4 F3 A4 A3 F2 F1,2,M
212.5,D5 D4 F3 A4 A3 F2 F1,2,M
213.0,E5 E3 A2 B3 G#4 G#3 E4 E2 E1,2,M
213.125,E5 E3 A2 B3 G#4 G#3 E4 E2 E1,2,M
213.25,E5 E3 A2 B3 G#4 G#3 E4 E2 E1,2,M
213.333333333,A2 E5 E3 B3 G#4 G#3 E4 E2 E1,2,M
213.375,E5 E3 A2 B3 G#4 G#3 E4 E2 E1,2,M
213.458333333,E5 E4 G#3 E3 B3 A2 G#4 E2 E1,2,M
213.5,E5 E4 G#3 E3 B3 A2 F#4 F#3 E2 E1,2,M
213.625,E5 E4 G#3 E3 B3 A2 E2 E1,2,M
213.666666667,E5 E4 G#3 E3 B3 A2 E-4 E-3 E2 E1,2,M
213.75,E5 E4 G#3 E3 B3 A2 E-4 E-3 E2 E1,2,M
213.791666667,E5 E4 G#3 E3 B3 A2 E2 E1,2,M
213.875,E5 E4 G#3 E3 B3 E2 A2 E1,2,M
214.0,E5 E4 G#3 E3 B3 E2 A2 A4 A3,2,M
214.125,E5 E4 G#3 E3 B3 E2 A2 G#4 F#4 F#3,2,M
214.25,E5 E4 G#3 E3 B3 E2 A2 G#4,2,M
214.333333333,A2 E5 E4 G#3 E3 B3 E2 G#4,2,M
214.375,E5 E4 G#3 E3 B3 E2 A2,2,M
214.458333333,E5 E4 G#3 E3 B3 E2 A2,2,M
214.5,E5 E4 G#3 E3 B3 E2 A2 C#5 C#4,2,M
214.625,E5 E4 G#3 E3 B3 E2 A2 B4,2,M
214.666666667,E5 E4 G#3 E3 B3 E2 A2 B-4 B4 B-3,2,M
214.75,E5 E4 G#3 E3 B3 E2 A2 B4 B-4 B-3,2,M
214.791666667,E5 E4 G#3 E3 B3 E2 A2 B4,2,M
214.875,E5 E4 G#3 E3 B3 E2 A2,2,M
215.0,E5 E4 G3 E3 B3 A2 F#5 F#4 G2 G1,2,M
215.125,E5 E4 G3 E3 B3 A2 E-5 E-4 G2 G1,11,m
215.25,E5 E4 G3 E3 B3 A2 G2 G1,11,m
215.333333333,A2 E5 E4 G3 E3 B3 G2 G1,11,m
215.375,E5 E4 G3 E3 B3 A2 G2 G1,11,m
215.458333333,E5 E4 G3 E3 B3 A2 G2 G1,11,m
215.5,E5 E4 G3 E3 B3 A2 A5 A4 G2 G1,11,m
215.625,E5 E4 G3 E3 B3 A2 G5 G4 G2 G1,11,m
215.666666667,E5 E4 G3 E3 B3 A2 F#5 G5 F#4 G4 G2 G1,11,m
215.75,E5 E4 G3 E3 B3 A2 G5 F#5 G4 F#4 G2 G1,11,m
215.791666667,E5 E4 G3 E3 B3 A2 G5 G4 G2 G1,11,m
215.875,E5 E4 G3 E3 B3 A2 G2 G1,11,m
216.0,E5 E4 B3 G3 A2 C#6 C#5 G2 G1,11,m
216.125,E5 E4 B3 G3 A2 B5 B-5 B4 B-4 G2 G1,11,m
216.25,E5 E4 B3 G3 A2 B5 B4 G2 G1,11,m
216.333333333,A2 E5 E4 B3 G3 B5 B4 G2 G1,11,m
216.375,E5 E4 B3 G3 A2 G2 G1,11,m
216.458333333,E5 E4 B3 G3 A2 G2 G1,11,m
216.5,E5 E4 B3 G3 A2 F#6 F#5 G2 G1,11,m
216.625,E5 E4 B3 G3 A2 E6 G2 G1,11,m
216.666666667,E4 B3 G3 A2 E-6 E6 E-5 E5 G2 G1,11,m
216.75,B3 G3 A2 E6 E-6 E5 E-5 G2 G1,11,m
216.791666667,B3 G3 A2 E6 E5 G2 G1,11,m
216.875,B3 G3 A2,11,m
217.0,F#6 F#5 F#4 B-3 C#4 F#3 A2 F#2 F#1,11,m
217.5,F#6 F#5 F#4 B-3 C#4 F#3 A2 G4 G3 F#2 F#1,11,m
217.625,F#6 F#5 F#4 B-3 C#4 F#3 A2 F#2 F#1,11,m
217.666666667,F#6 F#5 F#4 B-3 C#4 F#3 A2 F4 F3 F#2 F#1,11,m
217.75,F#6 F#5 F#4 B-3 C#4 F#3 A2 F4 F3 F#2 F#1,11,m
217.791666667,F#6 F#5 F#4 B-3 C#4 F#3 A2 F#2 F#1,11,m
217.875,F#6 F#5 F#4 B-3 C#4 F#3 A2 F#2 F#1,11,m
218.0,F#6 F#5 F#4 B-3 C#4 B4 B3 G3 G2,11,m
218.125,F#6 F#5 F#4 B-3 C#4 B-4 G#4 G#3 G3 G2,11,m
218.25,F#6 F#5 F#4 B-3 C#4 B-4 G3 G2,11,m
218.375,F#6 F#5 F#4 B-3 C#4 G3 G2,11,m
218.5,F#6 F#5 F#4 B-3 C#4 D5 D4 G3 G2,11,m
218.625,F#6 F#5 F#4 B-3 C#4 C#5 G3 G2,11,m
218.666666667,F#6 F#5 F#4 B-3 C#4 B4 C#5 B3 G3 G2,11,m
218.75,F#6 F#5 F#4 B-3 C#4 C#5 B4 B3 G3 G2,11,m
218.791666667,F#6 F#5 F#4 B-3 C#5 C#4 G3 G2,11,m
218.875,G3 G2,11,m
219.0,F#6 F#5 F#4 B-3 C#4 F#3 F#2,11,m
219.5,F#6 F#5 F#4 B-3 C#4 D5 D4 F#3 F#2,11,m
219.625,F#6 F#5 F#4 B-3 C#4 C#5 F#3 F#2,11,m
219.666666667,F#6 F#5 F#4 B-3 C#4 B4 C#5 B3 F#3 F#2,11,m
219.75,F#6 F#5 F#4 B-3 C#4 C#5 B4 B3 F#3 F#2,11,m
219.791666667,F#6 F#5 F#4 B-3 C#4 C#5 F#3 F#2,11,m
219.875,F#6 F#5 F#4 B-3 C#4 F#3 F#2,11,m
220.0,F#6 F#5 F#4 B-3 C#4 F#3 G5 G4 E3 E2,11,m
220.125,F#6 F#5 F#4 B-3 C#4 F#3 F5 F4 E3 E2,11,m
220.25,F#6 F#5 F#4 B-3 C#4 F#3 E3 E2,11,m
220.375,F#4 B-3 C#4 E3 E2,11,m
220.5,F#6 F#5 F#4 F#3 B-3 C#4 B5 B4 E3 E2,11,m
220.625,F#6 F#5 F#4 B-3 C#4 F#3 B-5 B-4 E3 E2,11,m
220.666666667,F#6 F#5 F#4 B-3 C#4 F#3 G#5 B-5 G#4 B-4 E3 E2,11,m
220.75,F#4 B-3 C#4 B-5 G#5 B-4 G#4 E3 E2,11,m
220.791666667,F#4 B-3 C#4 B-5 B-4 E3 E2,11,m
220.875,E3 E2,11,m
221.0,F#6 F#5 F#4 B3 D4 F#3 D3 D2,11,m
221.5,F#6 F#5 F#4 B3 D4 F#3 G5 G4 D3 D2,11,m
221.625,F#6 F#5 F#4 B3 D4 F#3 D3 D2,11,m
221.666666667,F#6 F#5 F#4 B3 D4 F#3 F5 F4 D3 D2,11,m
221.75,F#6 F#5 F#4 B3 D4 F#3 F5 F4 D3 D2,11,m
221.791666667,F#6 F#5 F#4 B3 D4 F#3 D3 D2,11,m
221.875,F#6 F#5 F#4 B3 D4 F#3 D3 D2,11,m
222.0,F#6 F#5 F#4 B-3 E4 F#3 B5 B4 C#3 C#2,11,m
222.125,F#6 F#5 F#4 B-3 E4 F#3 B-5 G#5 B-4 G#4 C#3 C#2,11,m
222.25,F#6 F#5 F#4 B-3 E4 F#3 B-5 B-4 C#3 C#2,11,m
222.375,F#6 F#5 F#4 B-3 E4 F#3 C#3 C#2,11,m
222.5,F#6 F#5 F#4 B-3 E4 F#3 D6 D5 C#3 C#2,11,m
222.625,F#6 F#5 F#4 B-3 E4 F#3 C#6 C#5 C#3 C#2,11,m
222.666666667,F#6 F#5 F#4 B-3 E4 F#3 B5 C#6 B4 C#5 C#3 C#2,11,m
222.75,F#6 F#5 F#4 B-3 E4 F#3 C#6 B5 C#5 B4 C#3 C#2,11,m
222.791666667,F#6 F#5 F#4 B-3 E4 F#3 C#6 C#5 C#3 C#2,11,m
222.875,B-3 E4 C#3 C#2,11,m
223.0,F#6 F#5 F#4 F#3 B3 D4 B2 B1,11,m
223.5,F#6 F#5 F#4 F#3 B3 D4 C#6 C#5 B2 B1,11,m
223.625,F#6 F#5 F#4 F#3 B3 D4 B5 B4 B2 B1,11,m
223.666666667,F#6 F#5 F#4 F#3 B3 D4 B-5 B5 B-4 B4 B2 B1,11,m
223.75,F#6 F#5 F#4 F#3 B3 D4 B5 B-5 B4 B-4 B2 B1,11,m
223.791666667,F#6 F#5 F#4 F#3 B3 D4 B5 B4 B2 B1,11,m
223.875,F#6 F#5 F#4 F#3 B3 D4 B2 B1,11,m
224.0,F#6 F#5 F#4 F#3 C4 E-4 E6 E5 A2 A1,11,m
224.125,F#6 F#5 F#4 F#3 C4 E-4 E-6 C#6 E-5 C#5 A2 A1,11,m
224.25,F#6 F#5 F#4 F#3 C4 E-4 E-6 E-5 A2 A1,11,m
224.375,F#3 C4 E-4 A2 A1,11,m
224.5,F#6 F#5 F#4 F#3 C4 E-4 G6 G5 A2 A1,11,m
224.625,F#6 F#5 F#4 F#3 C4 E-4 A2 A1,11,m
224.666666667,F#4 F#3 C4 E-4 F6 F#6 F5 F#5 A2 A1,11,m
224.75,F#3 C4 E-4 F#6 F6 F#5 F5 A2 A1,11,m
224.791666667,F#3 C4 E-4 F#6 F#5 A2 A1,11,m
224.875,F#3 C4 E-4 A2 A1,11,m
225.0,F#6 F#5 F#4 G3 B3 G2 G1,11,m
225.5,F#6 F#5 F#4 G3 B3 C#6 C#5 G2 G1,11,m
225.625,F#6 F#5 F#4 G3 B3 B5 B4 G2 G1,11,m
225.666666667,F#6 F#5 F#4 G3 B3 B-5 B5 B-4 B4 G2 G1,11,m
225.75,F#6 F#5 F#4 G3 B3 B5 B-5 B4 B-4 G2 G1,11,m
225.791666667,F#6 F#5 F#4 G3 B3 B5 B4 G2 G1,11,m
225.875,F#6 F#5 F#4 G3 B3 G2 G1,11,m
226.0,E6 E5 E4 G3 B3 A5 A4 G2 G1,11,m
226.125,E6 E5 E4 G3 B3 G5 F#5 G4 F#4 G2 G1,11,m
226.25,E6 E5 E4 G3 B3 G5 G4 G2 G1,11,m
226.375,E6 E5 E4 G3 B3 G2 G1,11,m
226.5,E6 E5 E4 G3 B3 F#5 F#4 G2 G1,11,m
226.625,E6 E5 E4 G3 B3 G2 G1,11,m
226.666666667,E6 E5 E4 G3 B3 E-5 E-4 G2 G1,11,m
226.75,E6 E5 E4 G3 B3 E-5 E-4 G2 G1,11,m
226.791666667,E6 E5 B3 E4 G3 G2 G1,11,m
226.875,E6 E5 E4 G3 B3 G2 G1,11,m
227.0,D6 D5 B3 D4 G3 G2 G1,11,m
227.5,D6 D5 D4 G3 B3 A5 A4 G2 G1,11,m
227.625,D6 D5 D4 G3 B3 G5 G4 G2 G1,11,m
227.666666667,D6 D5 D4 G3 B3 F#5 G5 F#4 G4 G2 G1,11,m
227.75,D6 D5 D4 G3 B3 G5 F#5 G4 F#4 G2 G1,11,m
227.791666667,D6 D5 D4 G3 B3 G5 G4 G2 G1,11,m
227.875,D6 D5 D4 G3 B3 G2 G1,11,m
228.0,C#6 C#5 E4 C#4 G3 B3 F#5 F#4 G2 G1,11,m
228.125,C#6 C#5 E4 C#4 G3 B3 E5 E-5 E-4 G2 G1,11,m
228.25,C#6 C#5 E4 C#4 G3 B3 E5 G2 G1,11,m
228.375,C#6 C#5 E4 C#4 G3 B3 G2 G1,11,m
228.5,C#6 C#5 E4 C#4 G3 B3 D5 D4 G2 G1,11,m
228.625,C#6 C#5 E4 C#4 G3 B3 G2 G1,11,m
228.666666667,C#6 C#5 E4 C#4 G3 B3 C5 C4 G2 G1,11,m
228.75,C#6 C#5 E4 C#4 G3 B3 C5 C4 G2 G1,11,m
228.791666667,C#6 C#5 B3 E4 C#4 G3 G2 G1,11,m
228.875,C#6 C#5 E4 C#4 G3 B3 G2 G1,11,m
229.0,B5 B4 B3 C#4 E4 F#3 F#2 F#1,11,m
229.5,B5 B4 B3 C#4 E4 F#3 D5 D4 F#2 F#1,11,m
229.625,B5 B4 B3 C#4 E4 F#3 C#5 F#2 F#1,11,m
229.666666667,B5 B4 B3 C#4 E4 F#3 C5 C#5 C4 F#2 F#1,11,m
229.75,B5 B4 B3 C#4 E4 F#3 C#5 C5 C4 F#2 F#1,11,m
229.791666667,B5 B4 B3 C#4 E4 F#3 C#5 F#2 F#1,11,m
229.875,B5 B4 B3 C#4 E4 F#3 F#2 F#1,11,m
230.0,B5 B4 B3 G3 C#4 E4 F#5 F#4 G2 G1,11,m
230.125,B5 B4 B3 C#4 E4 G3 E5 E-5 E-4 G2 G1,4,m
230.25,B5 B4 B3 C#4 E4 G3 E5 G2 G1,4,m
230.375,B5 B4 B3 C#4 E4 G3 G2 G1,4,m
230.5,B5 B4 B3 C#4 E4 G3 C#6 C#5 G2 G1,4,m
230.625,B5 B4 B3 C#4 E4 G3 G2 G1,4,m
230.666666667,B5 B4 B3 C#4 E4 G3 B-5 B-4 G2 G1,4,m
230.75,B5 B4 B3 C#4 E4 G3 B-5 B-4 G2 G1,4,m
230.791666667,B5 B4 B3 C#4 E4 G3 G2 G1,4,m
230.875,B5 B4 B3 C#4 E4 G3 G2 G1,4,m
231.0,B-5 B-4 B-3 F#3 C#4 E4 F#2 F#1,4,m
231.5,B-5 B-4 B-3 C#4 E4 F#3 G5 G4 F#2 F#1,4,m
231.625,B-5 B-4 B-3 C#4 E4 F#3 F#5 F#4 F#2 F#1,4,m
231.666666667,B-5 B-4 B-3 C#4 E4 F#3 F5 F#5 F4 F#4 F#2 F#1,4,m
231.75,B-5 B-4 B-3 C#4 E4 F#3 F#5 F5 F#4 F4 F#2 F#1,4,m
231.791666667,B-5 B-4 B-3 C#4 E4 F#3 F#5 F#4 F#2 F#1,4,m
231.875,B-5 B-4 B-3 C#4 E4 F#3 F#2 F#1,4,m
232.0,B-5 B-4 C#4 E4 B-3 B5 B4,4,m
232.125,B-5 B-4 C#4 E4 B-3 G#5 G#4,4,m
232.25,B-5 B-4 B-3,4,m
232.375,B-5 B-4 B-3,4,m
232.5,B-5 B-4 B-3 D6 D5,4,m
232.625,C#6 C#5,4,m
232.666666667,B5 C#6 B4 C#5,4,m
232.75,A5 A4 A3 C#6 B5 C#5 B4,4,m
232.791666667,A5 A4 A3 C#6 C#5,4,m
232.875,A5 A4 A3,4,m
233.0,A6 A5 A4 C4 F#4 E-3 E-2,4,m
233.5,A6 A5 A4 C4 F#4 D5 D4 E-3 E-2,4,m
233.625,A6 A5 A4 C4 F#4 C5 E-3 E-2,4,m
233.666666667,A6 A5 A4 C4 F#4 B4 C5 B3 E-3 E-2,4,m
233.75,A6 A5 A4 C4 F#4 C5 B4 B3 E-3 E-2,4,m
233.791666667,A6 A5 A4 C4 F#4 C5 E-3 E-2,4,m
233.875,A6 A5 A4 C4 F#4 E-3 E-2,4,m
234.0,A6 A5 A4 C4 F#4 G5 G4 E-3 E-2,4,m
234.125,A6 A5 A4 C4 F#4 F#5 E5 E4 E-3 E-2,9,m
234.25,A6 A5 A4 C4 F#4 F#5 E-3 E-2,9,m
234.375,A6 A5 A4 C4 F#4 E-3 E-2,9,m
234.5,A6 A5 A4 C4 F#4 B5 B4 E-3 E-2,9,m
234.625,A6 A5 A4 C4 F#4 E-3 E-2,9,m
234.666666667,A6 A5 A4 C4 F#4 G#5 G#4 E-3 E-2,9,m
234.75,A6 A5 A4 C4 F#4 G#5 G#4 E-3 E-2,9,m
234.791666667,A6 C4 F#4 A5 A4 E-3 E-2,9,m
235.0,A6 A5 A4 C4 E4 E3 E2,9,m
235.5,A6 A5 A4 C4 E4 F#5 F#4 E3 E2,9,m
235.625,A6 A5 A4 C4 E4 E5 E3 E2,9,m
235.666666667,A6 A5 A4 C4 E4 E-5 E5 E-4 E3 E2,9,m
235.75,A6 A5 A4 C4 E4 E5 E-5 E-4 E3 E2,9,m
235.791666667,A6 A5 A4 C4 E4 E5 E3 E2,9,m
235.875,A6 A5 A4 C4 E4 E3 E2,9,m
236.0,A6 A5 A4 C4 E4 B5 B4 E3 E2,9,m
236.125,A6 A5 A4 C4 E4 G#5 G#4 E3 E2,9,m
236.25,A6 A5 A4 C4 E4 E3 E2,9,m
236.375,C4 E4 E3 E2,9,m
236.5,A6 A5 A4 C4 E4 D6 D5 E3 E2,9,m
236.625,A6 A5 A4 C4 E4 C6 C5 E3 E2,9,m
236.666666667,A6 A5 A4 C4 E4 B5 C6 B4 C5 E3 E2,9,m
236.75,C4 E4 C6 B5 C5 B4 E3 E2,9,m
236.791666667,C4 E4 C6 C5 E3 E2,9,m
237.0,A6 A5 A4 A3 D4 A2 F3 F2,9,m
237.125,A6 A5 A4 A3 D4 A2 F3 F2,9,m
237.25,A6 A5 A4 A3 D4 A2 F3 F2,9,m
237.333333333,A2 A6 A5 A4 A3 D4 F3 F2,9,m
237.375,A6 A5 A4 A3 D4 A2 F3 F2,9,m
237.458333333,A6 A5 F2 A4 A3 D4 F3 A2,9,m
237.5,A6 A5 F2 A4 A3 D4 F3 A2 B4 B3,9,m
237.625,A6 A5 A4 A3 D4 A2 F3 F2,9,m
237.666666667,A6 A5 A4 A3 D4 A2 G#4 G#3 F3 F2,9,m
237.75,A6 A5 A4 A3 D4 A2 G#4 G#3 F3 F2,9,m
237.791666667,A6 A5 A4 A3 D4 A2 F3 F2,9,m
237.875,A6 A5 F2 A4 A3 D4 F3 A2,9,m
238.0,A6 A5 F2 A4 A3 D4 F3 A2 E5 E4,9,m
238.125,A6 A5 A4 A3 D4 A2 D5 C#5 C#4 F3 F2,9,m
238.25,A6 A5 A4 A3 D4 A2 D5 F3 F2,9,m
238.333333333,A2 A6 A5 A4 A3 D4 D5 F3 F2,9,m
238.375,A6 A5 A4 A3 D4 A2 F3 F2,9,m
238.458333333,A6 A5 F2 A4 A3 D4 F3 A2,9,m
238.5,A6 A5 F2 A4 A3 D4 F3 A2 G5 G4,9,m
238.625,A6 A5 A4 A3 D4 A2 F5 F4 F3 F2,9,m
238.666666667,A6 A5 A4 A3 D4 A2 E5 F5 E4 F4 F3 F2,9,m
238.75,A6 A5 A4 A3 D4 A2 F5 E5 F4 E4 F3 F2,9,m
238.791666667,A6 A5 A4 A3 D4 A2 F5 F4 F3 F2,9,m
238.875,A6 A5 F2 A4 A3 D4 F3 A2,9,m
239.0,A6 A5 F2 A4 A3 D4 F3 A2 B5 B4,9,m
239.125,A6 A5 A4 A3 D4 A2 G#5 G#4 F3 F2,9,m
239.25,A6 A5 A4 A3 D4 A2 F3 F2,9,m
239.333333333,A2 A6 A5 A4 A3 D4 F3 F2,9,m
239.375,A6 A5 A4 A3 D4 A2 F3 F2,9,m
239.458333333,A6 A5 F2 A4 A3 D4 F3 A2,9,m
239.5,A6 A5 F2 A4 A3 D4 F3 A2 E6 E5,9,m
239.625,A6 A5 A4 A3 D4 A2 D6 D5 F3 F2,9,m
239.666666667,A6 A5 A4 A3 D4 A2 C#6 D6 C#5 D5 F3 F2,9,m
239.75,A6 A5 A4 A3 D4 A2 D6 C#6 D5 C#5 F3 F2,9,m
239.791666667,A6 A5 A4 A3 D4 A2 D6 D5 F3 F2,9,m
239.875,A6 A5 F2 A4 A3 D4 F3 A2,9,m
240.0,A6 A5 F2 A4 A3 D4 F3 A2 G6 G5,9,m
240.125,A6 A5 A4 A3 D4 A2 F6 E6 F5 E5 F3 F2,9,m
240.25,A6 A5 A4 A3 D4 A2 F6 F5 F3 F2,9,m
240.333333333,A2 A6 A5 A4 A3 D4 F6 F5 F3 F2,9,m
240.375,A6 A5 A4 A3 D4 A2 F3 F2,9,m
240.458333333,A6 A5 F2 A4 A3 D4 F3 A2,9,m
240.5,A6 A5 F2 A4 A3 D4 F3 A2 B6 B5,9,m
240.625,A6 A5 A4 A3 D4 A2 F3 F2,9,m
240.666666667,F2 A4 A3 D4 F3 A2 G#6 A6 G#5 A5,9,m
240.75,A2 A6 G#6 A5 G#5 F3 F2,9,m
240.791666667,A2 A6 A5 F3 F2,9,m
240.875,A2 F3 F2,9,m
241.0,A6 A5 A4 C4 E4 A2 E3 E2,9,m
241.5,A6 A5 A4 C4 E4 D5 D4 E3 E2,9,m
241.625,A6 A5 A4 C4 E4 C5 E3 E2,9,m
241.666666667,A6 A5 A4 C4 E4 B4 C5 B3 E3 E2,9,m
241.75,A6 A5 A4 C4 E4 C5 B4 B3 E3 E2,9,m
241.791666667,A6 A5 A4 C4 E4 C5 E3 E2,9,m
241.875,A6 A5 A4 C4 E4 E3 E2,9,m
242.0,A6 A5 A4 C4 E4 F#5 F#4 E3 E2,9,m
242.125,A6 A5 A4 C4 E4 E5 E-5 E-4 E3 E2,9,m
242.25,A6 A5 A4 C4 E4 E5 E3 E2,9,m
242.375,A6 A5 A4 C4 E4 E3 E2,9,m
242.5,A6 A5 A4 C4 E4 B5 B4 E3 E2,9,m
242.625,A6 A5 A4 C4 E4 E3 E2,9,m
242.666666667,A6 A5 A4 C4 E4 G#5 G#4 E3 E2,9,m
242.75,A6 A5 A4 C4 E4 G#5 G#4 E3 E2,9,m
242.791666667,A6 C4 E4 A5 A4 E3 E2,9,m
243.0,A6 A5 A4 C4 E-4 F#3 F#2,9,m
243.5,A6 A5 A4 C4 E-4 E5 E4 F#3 F#2,9,m
243.625,A6 A5 A4 C4 E-4 E-5 F#3 F#2,9,m
243.666666667,A6 A5 A4 C4 E-4 D5 E-5 D4 F#3 F#2,9,m
243.75,A6 A5 A4 C4 E-4 E-5 D5 D4 F#3 F#2,9,m
243.791666667,A6 A5 A4 C4 E-4 E-5 F#3 F#2,9,m
243.875,A6 A5 A4 C4 E-4 F#3 F#2,9,m
244.0,A6 A5 A4 C4 E-4 B5 B4 F#3 F#2,9,m
244.125,A6 A5 A4 C4 E-4 G#5 G#4 F#3 F#2,2,M
244.25,A6 A5 A4 C4 E-4 F#3 F#2,2,M
244.375,C4 E-4 F#3 F#2,2,M
244.5,A6 A5 A4 C4 E-4 D6 D5 F#3 F#2,2,M
244.625,A6 A5 A4 C4 E-4 C6 C5 F#3 F#2,2,M
244.666666667,A6 A5 A4 C4 E-4 B5 C6 B4 C5 F#3 F#2,2,M
244.75,C4 E-4 C6 B5 C5 B4 F#3 F#2,2,M
244.791666667,C4 E-4 C6 C5 F#3 F#2,2,M
245.0,A6 A5 A4 A3 C#4 E4 A2 G3 G2,2,M
245.125,A6 A5 A4 A3 C#4 E4 A2 G3 G2,2,M
245.25,A6 A5 A4 A3 C#4 E4 A2 G3 G2,2,M
245.333333333,A2 A6 A5 A4 A3 C#4 E4 G3 G2,2,M
245.375,A6 A5 A4 A3 C#4 E4 A2 G3 G2,2,M
245.458333333,A6 A5 G2 A4 A3 C#4 E4 G3 A2,2,M
245.5,A6 A5 G2 A4 A3 C#4 E4 G3 A2 B4 B3,2,M
245.625,A6 A5 A4 A3 C#4 E4 A2 G3 G2,2,M
245.666666667,A6 A5 A4 A3 C#4 E4 A2 G#4 G#3 G3 G2,2,M
245.75,A6 A5 A4 A3 C#4 E4 A2 G#4 G#3 G3 G2,2,M
245.791666667,A6 A5 A4 A3 C#4 E4 A2 G3 G2,2,M
245.875,A6 A5 G2 A4 A3 C#4 E4 G3 A2,2,M
246.0,A6 A5 G2 A4 A3 C#4 E4 G3 A2 D5 D4,2,M
246.125,A6 A5 A4 A3 C#4 E4 A2 C#5 B4 B3 G3 G2,2,M
246.25,A6 A5 A4 A3 C#4 E4 A2 C#5 G3 G2,2,M
246.333333333,A2 A6 A5 A4 A3 C#4 E4 C#5 G3 G2,2,M
246.375,A6 A5 A4 A3 C#4 E4 A2 G3 G2,2,M
246.458333333,A6 A5 G2 A4 A3 C#4 E4 G3 A2,2,M
246.5,A6 A5 G2 A4 A3 C#4 E4 G3 A2 F#5 F#4,2,M
246.625,A6 A5 A4 A3 C#4 E4 A2 E5 G3 G2,2,M
246.666666667,A6 A5 A4 A3 C#4 E4 A2 E-5 E5 E-4 G3 G2,2,M
246.75,A6 A5 A4 A3 C#4 E4 A2 E5 E-5 E-4 G3 G2,2,M
246.791666667,A6 A5 A4 A3 C#4 E4 A2 E5 G3 G2,2,M
246.875,A6 A5 G2 A4 A3 C#4 E4 G3 A2,2,M
247.0,A6 A5 G2 A4 A3 C#4 E4 G3 A2 B5 B4,2,M
247.125,A6 A5 A4 A3 C#4 E4 A2 G#5 G#4 G3 G2,2,M
247.25,A6 A5 A4 A3 C#4 E4 A2 G3 G2,2,M
247.333333333,A2 A6 A5 A4 A3 C#4 E4 G3 G2,2,M
247.375,A6 A5 A4 A3 C#4 E4 A2 G3 G2,2,M
247.458333333,A6 A5 G2 A4 A3 C#4 E4 G3 A2,2,M
247.5,A6 A5 G2 A4 A3 C#4 E4 G3 A2 D6 D5,2,M
247.625,A6 A5 A4 A3 C#4 E4 A2 C#6 C#5 G3 G2,2,M
247.666666667,A6 A5 A4 A3 C#4 E4 A2 B5 C#6 B4 C#5 G3 G2,2,M
247.75,A6 A5 A4 A3 C#4 E4 A2 C#6 B5 C#5 B4 G3 G2,2,M
247.791666667,A6 A5 A4 A3 C#4 E4 A2 C#6 C#5 G3 G2,2,M
247.875,A6 A5 G2 A4 A3 C#4 E4 G3 A2,2,M
248.0,A6 A5 G2 A4 A3 C#4 E4 G3 A2 F#6 F#5,2,M
248.125,A6 A5 A4 A3 C#4 E4 A2 E6 E-6 E5 E-5 G3 G2,2,M
248.25,A6 A5 A4 A3 C#4 E4 A2 E6 E5 G3 G2,2,M
248.333333333,A2 A6 A5 A4 A3 C#4 E4 E6 E5 G3 G2,2,M
248.375,A6 A5 A4 A3 C#4 E4 A2 G3 G2,2,M
248.458333333,A6 A5 G2 A4 A3 C#4 E4 G3 A2,2,M
248.5,A6 A5 G2 A4 A3 C#4 E4 G3 A2 B6 B5,2,M
248.625,A6 A5 A4 A3 C#4 E4 A2 G3 G2,2,M
248.666666667,G2 A4 A3 C#4 E4 G3 A2 G#6 A6 G#5 A5,2,M
248.75,A2 A6 G#6 A5 G#5 G3 G2,2,M
248.791666667,A2 A6 A5 G3 G2,2,M
248.875,A2 G3 G2,2,M
249.0,A6 A5 A4 C4 E-4 A2 F#3 F#2,2,M
249.5,A6 A5 A4 C4 E-4 D5 D4 F#3 F#2,2,M
249.625,A6 A5 A4 C4 E-4 C5 F#3 F#2,2,M
249.666666667,A6 A5 A4 C4 E-4 B4 C5 B3 F#3 F#2,2,M
249.75,A6 A5 A4 C4 E-4 C5 B4 B3 F#3 F#2,2,M
249.791666667,A6 A5 A4 C4 E-4 C5 F#3 F#2,2,M
249.875,A6 A5 A4 C4 E-4 F#3 F#2,2,M
250.0,A6 A5 A4 C4 E-4 E5 E4 F#3 F#2,2,M
250.125,A6 A5 A4 C4 E-4 E-5 D5 D4 F#3 F#2,2,M
250.25,A6 A5 A4 C4 E-4 E-5 F#3 F#2,2,M
250.375,A6 A5 A4 C4 E-4 F#3 F#2,2,M
250.5,A6 A5 A4 C4 E-4 B5 B4 F#3 F#2,2,M
250.625,A6 A5 A4 C4 E-4 F#3 F#2,2,M
250.666666667,A6 A5 A4 C4 E-4 G#5 G#4 F#3 F#2,2,M
250.75,A6 A5 A4 C4 E-4 G#5 G#4 F#3 F#2,2,M
250.791666667,A6 C4 E-4 A5 A4 F#3 F#2,2,M
251.0,A6 A5 A4 C#4 E4 G3 G2,2,M
251.5,A6 A5 A4 C#4 E4 F#5 F#4 G3 G2,2,M
251.625,A6 A5 A4 C#4 E4 E5 G3 G2,2,M
251.666666667,A6 A5 A4 C#4 E4 E-5 E5 E-4 G3 G2,2,M
251.75,A6 A5 A4 C#4 E4 E5 E-5 E-4 G3 G2,2,M
251.791666667,A6 A5 A4 C#4 E4 E5 G3 G2,2,M
251.875,A6 A5 A4 C#4 E4 G3 G2,2,M
252.0,A6 A5 A4 C#4 E4 B5 B4 G3 G2,2,M
252.125,A6 A5 A4 C#4 E4 G#5 G#4 G3 G2,2,M
252.25,A6 A5 A4 C#4 E4 G3 G2,2,M
252.5,A6 A5 A4 C#4 E4 D6 D5 G3 G2,2,M
252.625,A6 A5 A4 C#4 E4 C#6 C#5 G3 G2,2,M
252.666666667,A6 A5 A4 C#4 E4 B5 C#6 B4 C#5 G3 G2,2,M
252.75,C#6 B5 C#5 B4,2,M
252.791666667,C#6 C#5,2,M
253.0,D7 F6 F5 B3 D3 F1 D2 E2 D6 B5 F4 D5 B4 D4 G#3 G#2,2,M
253.125,D7 F6 F5 B3 D3 D2 E2 F1 D6 B5 F4 D5 B4 D4 G#3 G#2,2,M
253.25,D3 D2 E2 F1,2,M
253.333333333,D2 E2 D3 F1,2,M
253.375,D3 D2 E2 F1,2,M
253.458333333,D3 F1 D2 E2,2,M
253.5,D2 E2 F1,2,M
253.625,D2 E2 F1,2,M
253.666666667,D2 E2 F1,2,M
253.75,D2 E2 F1,2,M
253.791666667,F1 D2 E2,2,M
253.875,D2 E2 F1,2,M
254.0,D2 E2 F1,2,M
254.125,D2 E2 F1,2,m
254.25,D2 E2 F1,2,m
254.333333333,D2 E2 F1,2,m
254.375,D2 E2 F1,2,m
254.458333333,F1 D2 E2,2,m
254.5,D2 E2 F1,2,m
254.625,D2 E2 F1,2,m
254.666666667,D2 E2 F1,2,m
254.75,D2 E2 F1,2,m
254.791666667,F1 D2 E2,2,m
254.875,D2 E2 F1,2,m
255.0,D2 E2 F1,2,m
255.125,D2 E2 F1,2,m
255.25,D2 E2 F1,2,m
255.333333333,D2 E2 F1,2,m
255.375,D2 E2 F1,2,m
255.458333333,F1 D2 E2,2,m
255.5,D2 E2 F1,2,m
255.625,D2 E2 F1,2,m
255.666666667,D2 E2 F1,2,m
255.75,D2 E2 F1,2,m
255.791666667,F1 D2 E2,2,m
255.875,D2 E2 F1,2,m
256.0,D2 E2 F1,2,m
256.125,D2 E2 F1,2,m
256.25,D2 E2 F1,2,m
256.333333333,D2 E2 F1,2,m
256.375,D2 E2 F1,2,m
256.458333333,F1 D2 E2,2,m
256.5,D2 E2 F1,2,m
256.625,D2 E2 F1,2,m
256.666666667,D2 E2 F1,2,m
256.75,D2 E2 F1,2,m
256.791666667,F1 D2 E2,2,m
256.875,D2 E2 F1,2,m
257.0,D2 E2 F1,2,m
257.125,D2 E2 F1,2,m
257.25,D2 E2 F1,2,m
257.333333333,D2 E2 F1,2,m
257.375,D2 E2 F1,2,m
257.458333333,F1 D2 E2,2,m
257.5,D2 E2 F1,2,m
257.625,D2 E2 F1,2,m
257.666666667,D2 E2 F1,2,m
257.75,D2 E2 F1,2,m
257.791666667,F1 D2 E2,2,m
257.875,D2 E2 F1,2,m
258.0,D2 E2 F1 F4 F3,2,m
258.125,D2 E2 F1 F4 F3,2,m
258.25,D2 E2 F1 F4 F3,2,m
258.333333333,D2 E2 F1 F4 F3,2,m
258.375,D2 E2 F1 F4 F3,2,m
258.458333333,F1 D2 E2 F4 F3,2,m
258.5,D2 E2 F1 F4 F3,2,m
258.625,D2 E2 F1 F4 F3,2,m
258.666666667,D2 E2 F1 F4 F3,2,m
258.75,D2 E2 F1 F4 F3,2,m
258.791666667,F1 D2 E2 F4 F3,2,m
258.875,D2 E2 F1,2,m
259.0,D2 E2 F1 D4 D3,2,m
259.125,D2 E2 F1 D4 D3,2,m
259.25,D2 E2 F1 D4 D3,2,m
259.333333333,D2 E2 F1 D4 D3,2,m
259.375,D2 E2 F1 D4 D3,2,m
259.458333333,F1 D2 E2 D4 D3,2,m
259.5,D2 E2 F1 D4 D3,2,m
259.625,D2 E2 F1 D4 D3,2,m
259.666666667,D2 E2 F1 D4 D3,2,m
259.75,D2 E2 F1 D4 D3,2,m
259.791666667,F1 D2 E2 D4 D3,2,m
259.875,D2 E2 F1,2,m
260.0,D2 E2 F1 G#3 G#2,2,m
260.125,D2 E2 F1 G#3 G#2,2,m
260.25,D2 E2 F1,2,m
260.333333333,D2 E2 F1,2,m
260.375,D2 E2 F1,2,m
260.458333333,F1 D2 E2,2,m
260.5,D2 E2 F1 A3 A2,2,m
260.625,D2 E2 F1 A3 A2,2,m
260.666666667,D2 E2 F1 A3 A2,2,m
260.75,D2 E2 F1,2,m
260.791666667,F1 D2 E2,2,m
260.875,D2 E2 F1,2,m
261.0,B-1 D2 E2 F1 B-3 B-2,2,m
261.125,B-1 D2 E2 F1 B-3 B-2,2,m
261.25,B-1 D2 E2 F1 B-3 B-2,2,m
261.333333333,B-1 D2 E2 F1 B-3 B-2,2,m
261.375,B-1 D2 E2 F1 B-3 B-2,2,m
261.458333333,B-1 F1 D2 E2 B-3 B-2,2,m
261.5,B-1 D2 E2 F1 B-3 B-2,2,m
261.625,B-1 D2 E2 F1 B-3 B-2,2,m
261.666666667,D2 E2 B-1 F1 B-3 B-2,2,m
261.75,B-1 D2 E2 F1 B-3 B-2,2,m
261.791666667,B-1 F1 D2 E2 B-3 B-2,2,m
261.875,B-1 D2 E2 F1 B-3 B-2,2,m
262.0,B-1 D2 E2 F1 B-3 B-2,2,m
262.125,B-1 D2 E2 F1 B-3 B-2,2,m
262.25,B-1 D2 E2 F1 B-3 B-2,2,m
262.333333333,B-1 D2 E2 F1 B-3 B-2,2,m
262.375,B-1 D2 E2 F1 B-3 B-2,2,m
262.458333333,B-1 F1 D2 E2 B-3 B-2,2,m
262.5,B-1 D2 E2 F1 B-3 B-2,2,m
262.625,B-1 D2 E2 F1 B-3 B-2,2,m
262.666666667,D2 E2 B-1 F1 B-3 B-2,2,m
262.75,B-1 D2 E2 F1 B-3 B-2,2,m
262.791666667,B-1 F1 D2 E2 B-3 B-2,2,m
262.875,B-1 D2 E2 F1 B-3 B-2,2,m
263.0,B-1 D2 E2 F1 B-3 B-2,2,m
263.125,B-1 D2 E2 F1 B-3 B-2,2,m
263.25,B-1 D2 E2 F1 B-3 B-2,2,m
263.333333333,B-1 D2 E2 F1 B-3 B-2,2,m
263.375,B-1 D2 E2 F1 B-3 B-2,2,m
263.458333333,B-1 F1 D2 E2 B-3 B-2,2,m
263.5,B-1 D2 E2 F1 B-3 B-2,2,m
263.625,B-1 D2 E2 F1 B-3 B-2,2,m
263.666666667,D2 E2 B-1 F1 B-3 B-2,2,m
263.75,B-1 D2 E2 F1 B-3 B-2,2,m
263.791666667,B-1 F1 D2 E2 B-3 B-2,2,m
263.875,B-1 D2 E2 F1 B-3 B-2,2,m
264.0,B-1 D2 E2 F1 B-3 B-2,2,m
264.125,B-1 D2 E2 F1 B-3 B-2,2,m
264.25,B-1 D2 E2 F1 B-3 B-2,2,m
264.333333333,B-1 D2 E2 F1 B-3 B-2,2,m
264.375,B-1 D2 E2 F1 B-3 B-2,2,m
264.458333333,B-1 F1 D2 E2 B-3 B-2,2,m
264.5,B-1 D2 E2 F1 B-3 B-2,2,m
264.625,B-1 D2 E2 F1 B-3 B-2,2,m
264.666666667,D2 E2 B-1 F1 B-3 B-2,2,m
264.75,B-1 D2 E2 F1 B-3 B-2,2,m
264.791666667,B-1 F1 D2 E2 B-3 B-2,2,m
264.875,B-1 D2 E2 F1 B-3 B-2,2,m
265.0,D2 E2 F1,2,m
265.125,D2 E2 F1,2,m
265.25,D2 E2 F1,2,m
265.333333333,D2 E2 F1,2,m
265.375,D2 E2 F1,2,m
265.458333333,F1 D2 E2,2,m
265.5,D2 E2 F1,2,m
265.625,D2 E2 F1,2,m
265.666666667,D2 E2 F1,2,m
265.75,D2 E2 F1,2,m
265.791666667,F1 D2 E2,2,m
265.875,D2 E2 F1,2,m
266.0,D2 E2 F1 F4 F3,2,m
266.125,D2 E2 F1 F4 F3,2,m
266.25,D2 E2 F1 F4 F3,2,m
266.333333333,D2 E2 F1 F4 F3,2,m
266.375,D2 E2 F1 F4 F3,2,m
266.458333333,F1 D2 E2 F4 F3,2,m
266.5,D2 E2 F1 F4 F3,2,m
266.625,D2 E2 F1 F4 F3,2,m
266.666666667,D2 E2 F1 F4 F3,2,m
266.75,D2 E2 F1 F4 F3,2,m
266.791666667,F1 D2 E2 F4 F3,2,m
266.875,D2 E2 F1,2,m
267.0,D2 E2 F1 D4 D3,2,m
267.125,D2 E2 F1 D4 D3,2,m
267.25,D2 E2 F1 D4 D3,2,m
267.333333333,D2 E2 F1 D4 D3,2,m
267.375,D2 E2 F1 D4 D3,2,m
267.458333333,F1 D2 E2 D4 D3,2,m
267.5,D2 E2 F1 D4 D3,2,m
267.625,D2 E2 F1 D4 D3,2,m
267.666666667,D2 E2 F1 D4 D3,2,m
267.75,D2 E2 F1 D4 D3,2,m
267.791666667,F1 D2 E2 D4 D3,2,m
267.875,D2 E2 F1,2,m
268.0,D2 E2 F1 G#3 G#2,2,m
268.125,D2 E2 F1 G#3 G#2,2,m
268.25,D2 E2 F1,2,m
268.333333333,D2 E2 F1,2,m
268.375,D2 E2 F1,2,m
268.458333333,F1 D2 E2,2,m
268.5,D2 E2 F1 A3 A2,2,m
268.625,D2 E2 F1 A3 A2,2,m
268.666666667,D2 E2 F1 A3 A2,2,m
268.75,D2 E2 F1,2,m
268.791666667,F1 D2 E2,2,m
268.875,D2 E2 F1,2,m
269.0,B1 D2 E2 F1 B3 B2,2,m
269.125,B1 D2 E2 F1 B3 B2,2,m
269.25,D2 E2 F1,2,m
269.333333333,D2 E2 F1,2,m
269.375,D2 E2 F1,2,m
269.458333333,F1 D2 E2,2,m
269.5,E2 F1 D3 D2,2,m
269.625,E2 F1 D3 D2,2,m
269.666666667,D2 E2 F1 D3,2,m
269.75,D2 E2 F1,2,m
269.791666667,F1 D2 E2,2,m
269.875,D2 E2 F1,2,m
270.0,D2 E2 F1 F3 F2,2,m
270.125,D2 E2 F1 F3 F2,2,m
270.25,D2 E2 F1,2,m
270.333333333,D2 E2 F1,2,m
270.375,D2 E2 F1,2,m
270.458333333,F1 D2 E2,2,m
270.5,D2 E2 F1 G#3 G#2,2,m
270.625,D2 E2 F1 G#3 G#2,2,m
270.666666667,D2 E2 F1 G#3 G#2,2,m
270.75,D2 E2 F1,2,m
270.791666667,F1 D2 E2,2,m
270.875,D2 E2 F1,2,m
271.0,D2 E2 F1 B3 B2,2,m
271.125,D2 E2 F1 B3 B2,2,m
271.25,D2 E2 F1,2,m
271.333333333,D2 E2 F1,2,m
271.375,D2 E2 F1,2,m
271.458333333,F1 D2 E2,2,m
271.5,D2 E2 F1 D4 D3,2,m
271.625,D2 E2 F1 D4 D3,2,m
271.666666667,D2 E2 F1 D4 D3,2,m
271.75,D2 E2 F1,2,m
271.791666667,F1 D2 E2,2,m
271.875,D2 E2 F1,2,m
272.0,D2 E2 F1 F4 F3,2,m
272.125,D2 E2 F1 F4 F3,2,m
272.25,D2 E2 F1,2,m
272.333333333,D2 E2 F1,2,m
272.375,D2 E2 F1,2,m
272.458333333,F1 D2 E2,2,m
272.5,D2 E2 F1 G#4 G#3,2,m
272.625,D2 E2 F1 G#4 G#3,2,m
272.666666667,D2 E2 F1 G#4 G#3,2,m
272.75,D2 E2 F1,2,m
272.791666667,F1 D2 E2,2,m
272.875,D2 E2 F1,2,m
273.0,A4 D2 E2,2,m
274.0,A4,2,m
277.0,A4 A2 C4 E-4 F#3 A1,2,m
277.125,A4 A2 C4 E-4 F#3 A1,2,M
277.25,A4 A2 C4 E-4 F#3 A1,2,M
277.333333333,A4 A2 C4 E-4 F#3 A1,2,M
277.375,A4 A2 C4 E-4 F#3 A1,2,M
277.458333333,A4 A2 C4 E-4 F#3 A1,2,M
277.5,A2 C4 E-4 F#3 A1,2,M
277.625,A2 C4 E-4 F#3 A1,2,M
277.666666667,A2 C4 E-4 F#3 A1,2,M
277.75,A2 C4 E-4 F#3 A1,2,M
277.791666667,A2 C4 E-4 F#3 A1,2,M
277.875,A2 C4 E-4 F#3 A1,2,M
278.0,A2 C4 E-4 F#3 A1,2,M
278.125,A2 C4 E-4 F#3 A1,2,M
278.25,A2 C4 E-4 F#3 A1,2,M
278.333333333,A2 C4 E-4 F#3 A1,2,M
278.375,A2 C4 E-4 F#3 A1,2,M
278.458333333,A2 C4 E-4 F#3 A1,2,M
278.5,A2 C4 E-4 F#3 A1,2,M
278.625,A2 C4 E-4 F#3 A1,2,M
278.666666667,A2 C4 E-4 F#3 A1,2,M
278.75,A2 C4 E-4 F#3 A1,2,M
278.791666667,A2 C4 E-4 F#3 A1,2,M
278.875,A2 C4 E-4 F#3 A1,2,M
279.0,A2 C4 E-4 F#3 A1,2,M
279.125,A2 C4 E-4 F#3 A1,2,M
279.25,A2 C4 E-4 F#3 A1,2,M
279.333333333,A2 C4 E-4 F#3 A1,2,M
279.375,A2 C4 E-4 F#3 A1,2,M
279.458333333,A2 C4 E-4 F#3 A1,2,M
279.5,A2 C4 E-4 F#3 A1,2,M
279.625,A2 C4 E-4 F#3 A1,2,M
279.666666667,A2 C4 E-4 F#3 A1,2,M
279.75,A2 C4 E-4 F#3 A1,2,M
279.791666667,A2 C4 E-4 F#3 A1,2,M
279.875,A2 C4 E-4 F#3 A1,2,M
280.0,A2 C4 E-4 F#3 A1,2,M
280.125,A2 C4 E-4 F#3 A1,2,M
280.25,A2 C4 E-4 F#3 A1,2,M
280.333333333,A2 C4 E-4 F#3 A1,2,M
280.375,A2 C4 E-4 F#3 A1,2,M
280.458333333,A2 C4 E-4 F#3 A1,2,M
280.5,A2 C4 E-4 F#3 A1,2,M
280.625,A2 C4 E-4 F#3 A1,2,M
280.666666667,A2 C4 E-4 F#3 A1,2,M
280.75,A2 C4 E-4 F#3 A1,2,M
280.791666667,C4 E-4 F#3 A2 A1,2,M
280.875,A2,2,M
281.125,A4,2,M
285.0,A4 A2 C#4 E4 G3 A1,2,M
285.125,A4 A2 C#4 E4 G3 A1,2,M
285.25,A4 A2 C#4 E4 G3 A1,2,M
285.333333333,A4 A2 C#4 E4 G3 A1,2,M
285.375,A4 A2 C#4 E4 G3 A1,2,M
285.458333333,A4 A2 C#4 E4 G3 A1,2,M
285.5,A4 A2 C#4 E4 G3 A1,2,M
285.625,A2 C#4 E4 G3 A1,2,M
285.666666667,A2 C#4 E4 G3 A1,2,M
285.75,A2 C#4 E4 G3 A1,2,M
285.791666667,A2 C#4 E4 G3 A1,2,M
285.875,A2 C#4 E4 G3 A1,2,M
286.0,A2 C#4 E4 G3 A1,2,M
286.125,A2 C#4 E4 G3 A1,2,M
286.25,A2 C#4 E4 G3 A1,2,M
286.333333333,A2 C#4 E4 G3 A1,2,M
286.375,A2 C#4 E4 G3 A1,2,M
286.458333333,A2 C#4 E4 G3 A1,2,M
286.5,A2 C#4 E4 G3 A1,2,M
286.625,A2 C#4 E4 G3 A1,2,M
286.666666667,A2 C#4 E4 G3 A1,2,M
286.75,A2 C#4 E4 G3 A1,2,M
286.791666667,A2 C#4 E4 G3 A1,2,M
286.875,A2 C#4 E4 G3 A1,2,M
287.0,A2 C#4 E4 G3 A1,2,M
287.125,A2 C#4 E4 G3 A1,2,M
287.25,A2 C#4 E4 G3 A1,2,M
287.333333333,A2 C#4 E4 G3 A1,2,M
287.375,A2 C#4 E4 G3 A1,2,M
287.458333333,A2 C#4 E4 G3 A1,2,M
287.5,A2 C#4 E4 G3 A1,2,M
287.625,A2 C#4 E4 G3 A1,2,M
287.666666667,A2 C#4 E4 G3 A1,2,M
287.75,A2 C#4 E4 G3 A1,2,M
287.791666667,A2 C#4 E4 G3 A1,2,M
287.875,A2 C#4 E4 G3 A1,2,M
288.0,A2 C#4 E4 G3 A1,2,M
288.125,A2 C#4 E4 G3 A1,2,M
288.25,A2 C#4 E4 G3 A1,2,M
288.333333333,A2 C#4 E4 G3 A1,2,M
288.375,A2 C#4 E4 G3 A1,2,M
288.458333333,A2 C#4 E4 G3 A1,2,M
288.5,A2 C#4 E4 G3 A1,2,M
288.625,A2 C#4 E4 G3 A1,2,M
288.666666667,A2 C#4 E4 G3 A1,2,M
288.75,A2 C#4 E4 G3 A1,2,M
288.791666667,C#4 E4 G3 A2 A1,2,M
288.875,A2,2,M
289.0,A4,2,M
293.0,D7 F#6 F#5 A5 A4 F#3 D4 D5 D6 A3 F#4 D3 D2,2,M
293.125,E7 D6 F#6 F#5 A5 F#4 A4 D5 F#3 A3 D4 D3 D2,2,M
293.25,D6 F#6 F#5 A5 F#4 A4 D5 F#3 A3 D4 D3 D2,2,M
293.333333333,D7 F#6 F#5 A5 D2 A4 F#3 D4 D3 D5 D6 A3 F#4,2,M
293.375,D7 F#6 F#5 A5 D2 A4 F#3 D4 D3 D5 D6 A3 F#4,2,M
293.458333333,D6 F#6 F#5 A5 D2 F#4 A4 D5 F#3 A3 D4 D3,2,M
293.5,E7 D6 F#6 F#5 A5 D2 F#4 A4 D5 F#3 A3 D4 D3,2,M
293.625,F#6 F#5 A5 D2 A4 F#3 D5 D6 A3 F#4 D4 D3,2,M
293.666666667,D7 D6 F#6 F#5 A5 D2 F#4 A4 D5 F#3 A3 D4 D3,2,M
293.75,D7 D6 F#6 F#5 A5 D2 F#4 A4 D5 F#3 A3 D4 D3,2,M
293.791666667,F#6 F#5 A5 D2 A4 F#3 D4 D3 D5 D6 A3 F#4,2,M
293.875,E7 D6 F#6 F#5 A5 D2 F#4 A4 D5 F#3 A3 D4 D3,2,M
294.0,D7 D6 F#6 F#5 A5 D2 F#4 A4 D5 F#3 A3 D4 D3 C#4 C#3,2,M
294.125,E7 D6 F#6 F#5 A5 D2 F#4 A4 D5 F#3 A3 D4 D3 C#4 C#3,2,M
294.25,D6 F#6 F#5 A5 D2 F#4 A4 D5 F#3 A3 D4 D3 C#4 C#3,2,M
294.333333333,D7 F#6 F#5 A5 D2 A4 F#3 D4 D3 D5 D6 A3 F#4 C#4 C#3,2,M
294.375,D7 F#6 F#5 A5 D2 A4 F#3 D4 D3 D5 D6 A3 F#4,2,M
294.458333333,D6 F#6 F#5 A5 D2 F#4 A4 D5 F#3 A3 D4 D3,2,M
294.5,E7 D6 F#6 F#5 A5 D2 F#4 A4 D5 F#3 A3 D4 D3 B3 B2,2,M
294.625,F#6 F#5 A5 D2 A4 F#3 D4 D3 D5 D6 A3 F#4 B3 B2,2,M
294.666666667,D7 D6 F#6 F#5 A5 D2 F#4 A4 D5 F#3 A3 D4 D3 B3 B2,2,M
294.75,D7 D6 F#6 F#5 A5 D2 F#4 A4 D5 F#3 A3 D4 D3 B3 B2,2,M
294.791666667,F#6 F#5 A5 D2 A4 F#3 D4 D3 D5 D6 A3 F#4 B3 B2,2,M
294.875,E7 D6 F#6 F#5 A5 D2 F#4 A4 D5 F#3 A3 D4 D3,2,M
295.0,D7 D6 F#6 F#5 A5 D2 F#4 A4 D5 F#3 A3 D4 D3 A2,2,M
295.125,E7 D6 F#6 F#5 A5 D2 F#4 A4 D5 F#3 D4 D3 A3 A2,2,M
295.25,D6 F#6 F#5 A5 D2 F#4 A4 D5 F#3 D4 D3 A3 A2,2,M
295.333333333,D7 F#6 F#5 A5 D2 A4 F#3 D4 D3 D5 D6 A3 F#4 A2,2,M
295.375,D7 F#6 F#5 A5 D2 A4 F#3 D4 D3 D5 D6 A3 F#4,2,M
295.458333333,D6 F#6 F#5 A5 D2 F#4 A4 D5 F#3 A3 D4 D3,2,M
295.5,E7 D6 F#6 F#5 A5 D2 F#4 A4 D5 F#3 A3 D4 D3 G3 G2,2,M
295.625,F#6 F#5 A5 D2 A4 F#3 D4 D3 D5 D6 A3 F#4 G3 G2,2,M
295.666666667,D7 D6 F#6 F#5 A5 D2 F#4 A4 D5 F#3 A3 D4 D3 G3 G2,2,M
295.75,D7 D6 F#6 F#5 A5 D2 F#4 A4 D5 F#3 A3 D4 D3 G3 G2,2,M
295.791666667,F#6 F#5 A5 D2 A4 F#3 D4 D3 D5 D6 A3 F#4 G3 G2,2,M
295.875,E7 D6 F#6 F#5 A5 D2 F#4 A4 D5 F#3 A3 D4 D3,2,M
296.0,D7 D6 F#6 F#5 A5 D2 F#4 A4 D5 F#3 A3 D4 D3 F#2,2,M
296.125,E7 D6 F#6 F#5 A5 D2 F#4 A4 D5 A3 D4 D3 F#3 F#2,2,M
296.25,D6 F#6 F#5 A5 D2 F#4 A4 D5 A3 D4 D3 F#3 F#2,2,M
296.333333333,D7 F#6 F#5 A5 D2 A4 F#3 D4 D3 D5 D6 A3 F#4 F#2,2,M
296.375,D7 F#6 F#5 A5 D2 A4 F#3 D4 D3 D5 D6 A3 F#4,2,M
296.458333333,D6 F#6 F#5 A5 D2 F#4 A4 D5 F#3 A3 D4 D3,2,M
296.5,E7 D6 F#6 F#5 A5 D2 F#4 A4 D5 F#3 A3 D4 D3 E3 E2,2,M
296.625,F#6 F#5 A5 D2 A4 F#3 D4 D3 D5 D6 A3 F#4 E3 E2,2,M
296.666666667,D7 D6 F#6 F#5 A5 D2 F#4 A4 D5 F#3 A3 D4 D3 E3 E2,2,M
296.75,D7 D6 F#6 F#5 A5 D2 F#4 A4 D5 F#3 A3 D4 D3 E3 E2,2,M
296.791666667,F#6 F#5 A5 D2 A4 F#3 D4 D3 D5 D6 A3 F#4 E3 E2,2,M
296.875,E7 D6 F#6 F#5 A5 D2 F#4 A4 D5 F#3 A3 D4 D3,2,M
297.0,D7 D6 F#6 F#5 A5 D2 F#4 A4 D5 F#3 A3 D4 D3,2,M
297.125,E7 D6 F#6 F#5 A5 F#4 A4 D5 F#3 A3 D4 D3 D2,2,M
297.25,D6 F#6 F#5 A5 F#4 A4 D5 F#3 A3 D4 D3 D2,2,M
297.333333333,D7 F#6 F#5 A5 D2 A4 F#3 D4 D3 D5 D6 A3 F#4,2,M
297.375,D7 F#6 F#5 A5 D2 A4 F#3 D4 D3 D5 D6 A3 F#4,2,M
297.458333333,F#6 F#5 A5 D2 A4 F#3 D4 D3 D5 D6 A3 F#4,2,M
297.5,E7 D3 D5 D6 A3 F#4 C#3 C#2,2,M
297.625,D3 D5 D6 A3 F#4 C#3 C#2,2,M
297.666666667,D7 D3 D5 D6 A3 F#4 C#3 C#2,2,M
297.75,D7 D3 D5 D6 A3 F#4 C#3 C#2,2,M
297.791666667,D3 D5 D6 A3 F#4 C#3 C#2,2,M
297.875,E7 D3 D5 D6 A3 F#4,2,M
298.0,D7 F#6 F#5 A5 D2 A4 F#3 D4 D3 D5 D6 A3 F#4 B2 B1,2,M
298.125,E7 D6 F#6 F#5 A5 D2 F#4 A4 D5 F#3 A3 D4 D3 B2 B1,2,M
298.25,D6 F#6 F#5 A5 D2 F#4 A4 D5 F#3 A3 D4 D3 B2 B1,2,M
298.333333333,D7 F#6 F#5 A5 D2 A4 F#3 D4 D3 D5 D6 A3 F#4 B2 B1,2,M
298.375,D7 F#6 F#5 A5 D2 A4 F#3 D4 D3 D5 D6 A3 F#4,2,M
298.458333333,F#6 F#5 A5 D2 A4 F#3 D4 D3 D5 D6 A3 F#4,2,M
298.5,E7 D3 D5 D6 A3 F#4 A2 A1,2,M
298.625,D3 D5 D6 A3 F#4 A2 A1,2,M
298.666666667,D7 D3 D5 D6 A3 F#4 A2 A1,2,M
298.75,D7 D3 D5 D6 A3 F#4 A2 A1,2,M
298.791666667,D3 D5 D6 A3 F#4 A2 A1,2,M
298.875,E7 D3 D5 D6 A3 F#4,2,M
299.0,D7 F#6 F#5 A5 D2 A4 F#3 D4 D3 D5 D6 A3 F#4 G2 G1,2,M
299.125,E7 D6 F#6 F#5 A5 D2 F#4 A4 D5 F#3 A3 D4 D3 G2 G1,2,M
299.25,D6 F#6 F#5 A5 D2 F#4 A4 D5 F#3 A3 D4 D3 G2 G1,2,M
299.333333333,D7 F#6 F#5 A5 D2 A4 F#3 D4 D3 D5 D6 A3 F#4 G2 G1,2,M
299.375,D7 F#6 F#5 A5 D2 A4 F#3 D4 D3 D5 D6 A3 F#4,2,M
299.458333333,F#6 F#5 A5 D2 A4 F#3 D4 D3 D5 D6 A3 F#4,2,M
299.5,E7 D3 D5 D6 A3 F#4 F#2 F#1,2,M
299.625,D3 D5 D6 A3 F#4 F#2 F#1,2,M
299.666666667,D7 D3 D5 D6 A3 F#4 F#2 F#1,2,M
299.75,D7 D3 D5 D6 A3 F#4 F#2 F#1,2,M
299.791666667,D3 D5 D6 A3 F#4 F#2 F#1,2,M
299.875,E7 D3 D5 D6 A3 F#4,2,M
300.0,D7 F#6 F#5 A5 D2 A4 F#3 D4 D3 D5 D6 A3 F#4 E2 E1,2,M
300.125,E7 D6 F#6 F#5 A5 D2 F#4 A4 D5 F#3 A3 D4 D3 E2 E1,2,M
300.25,D6 F#6 F#5 A5 D2 F#4 A4 D5 F#3 A3 D4 D3 E2 E1,2,M
300.333333333,D7 F#6 F#5 A5 D2 A4 F#3 D4 D3 D5 D6 A3 F#4 E2 E1,2,M
300.375,D7 F#6 F#5 A5 D2 A4 F#3 D4 D3 D5 D6 A3 F#4,2,M
300.458333333,F#6 F#5 A5 D2 A4 F#3 D4 D3 D5 D6 A3 F#4,2,M
300.5,E7 D3 D5 D6 A3 F#4 D2 D1,2,M
300.625,D3 D5 D6 A3 F#4 D2 D1,2,M
300.666666667,D7 D3 D5 D6 A3 F#4 D2 D1,2,M
300.75,D7 D3 D5 D6 A3 F#4 D2 D1,2,M
300.791666667,D3 D5 D6 A3 F#4 D2 D1,2,M
300.875,E7 D3 D5 D6 A3 F#4,2,M
301.0,D7 G6 G5 B5 B4 D4 G2 D3 D5 D6 B3 G4 G3,2,M
301.125,E7 D6 G6 G5 B5 B4 D5 B3 D4 G2 D3 G4 G3,2,M
301.25,D6 G6 G5 B5 B4 D5 B3 D4 G2 D3 G4 G3,2,M
301.333333333,D7 G6 G5 B5 B4 G3 D4 G2 D3 D5 D6 B3 G4,2,M
301.375,D7 G6 G5 B5 B4 G3 D4 G2 D3 D5 D6 B3 G4,2,M
301.458333333,D6 G6 G5 B5 G4 B4 D5 G3 B3 D4 G2 D3,2,M
301.5,E7 D6 G6 G5 B5 G4 B4 D5 G3 B3 D4 G2 D3 F#4 F#3,2,M
301.625,G6 G5 B5 B4 G3 D4 G2 D3 D5 D6 B3 G4 F#4 F#3,2,M
301.666666667,D7 D6 G6 G5 B5 G4 B4 D5 G3 B3 D4 G2 D3 F#4 F#3,2,M
301.75,D7 D6 G6 G5 B5 G4 B4 D5 G3 B3 D4 G2 D3 F#4 F#3,2,M
301.791666667,G6 G5 B5 B4 G3 D4 G2 D3 D5 D6 B3 G4 F#4 F#3,2,M
301.875,E7 D6 G6 G5 B5 G4 B4 D5 G3 B3 D4 G2 D3,2,M
302.0,D7 D6 G6 G5 B5 G4 B4 D5 G3 B3 D4 G2 D3 E4 E3,2,M
302.125,E7 D6 G6 G5 B5 G4 B4 D5 G3 B3 D4 G2 D3 E4 E3,2,M
302.25,D6 G6 G5 B5 G4 B4 D5 G3 B3 D4 G2 D3 E4 E3,2,M
302.333333333,D7 G6 G5 B5 B4 G3 D4 G2 D3 D5 D6 B3 G4 E4 E3,2,M
302.375,D7 G6 G5 B5 B4 G3 D4 G2 D3 D5 D6 B3 G4,2,M
302.458333333,D6 G6 G5 B5 G4 B4 D5 G3 B3 D4 G2 D3,2,M
302.5,E7 D6 G6 G5 B5 G4 B4 D5 G3 B3 D4 G2 D3,2,M
302.625,G6 G5 B5 B4 G3 G2 D3 D5 D6 B3 G4 D4,2,M
302.666666667,D7 D6 G6 G5 B5 G4 B4 D5 G3 B3 G2 D3 D4,2,M
302.75,D7 D6 G6 G5 B5 G4 B4 D5 G3 B3 G2 D3 D4,2,M
302.791666667,G6 G5 B5 B4 G3 D4 G2 D5 D6 B3 G4 D3,2,M
302.875,E7 D6 G6 G5 B5 G4 B4 D5 G3 B3 D4 G2 D3,2,M
303.0,D7 D6 G6 G5 B5 G4 B4 D5 G3 B3 D4 G2 D3 C#4 C#3,2,M
303.125,E7 D6 G6 G5 B5 G4 B4 D5 G3 B3 D4 G2 D3 C#4 C#3,7,M
303.25,D6 G6 G5 B5 G4 B4 D5 G3 B3 D4 G2 D3 C#4 C#3,7,M
303.333333333,D7 G6 G5 B5 B4 G3 D4 G2 D3 D5 D6 B3 G4 C#4 C#3,7,M
303.375,D7 G6 G5 B5 B4 G3 D4 G2 D3 D5 D6 B3 G4,7,M
303.458333333,D6 G6 G5 B5 G4 B4 D5 G3 B3 D4 G2 D3,7,M
303.5,E7 D6 G6 G5 B5 G4 B4 D5 G3 B3 D4 G2 D3 B2,7,M
303.625,G6 G5 B5 B4 G3 D4 G2 D3 D5 D6 G4 B3 B2,7,M
303.666666667,D7 D6 G6 G5 B5 G4 B4 D5 G3 D4 G2 D3 B3 B2,7,M
303.75,D7 D6 G6 G5 B5 G4 B4 D5 G3 D4 G2 D3 B3 B2,7,M
303.791666667,G6 G5 B5 B4 G3 D4 G2 D3 D5 D6 B3 G4 B2,7,M
303.875,E7 D6 G6 G5 B5 G4 B4 D5 G3 B3 D4 G2 D3,7,M
304.0,D7 D6 G6 G5 B5 G4 B4 D5 G3 B3 D4 G2 D3 A3 A2,7,M
304.125,E7 D6 G6 G5 B5 G4 B4 D5 G3 B3 D4 G2 D3 A3 A2,7,M
304.25,D6 G6 G5 B5 G4 B4 D5 G3 B3 D4 G2 D3 A3 A2,7,M
304.333333333,D7 G6 G5 B5 B4 G3 D4 G2 D3 D5 D6 B3 G4 A3 A2,7,M
304.375,D7 G6 G5 B5 B4 G3 D4 G2 D3 D5 D6 B3 G4,7,M
304.458333333,D6 G6 G5 B5 G4 B4 D5 G3 B3 D4 G2 D3,7,M
304.5,E7 D6 G6 G5 B5 G4 B4 D5 G3 B3 D4 G2 D3,7,M
304.625,G6 G5 B5 B4 D4 D3 D5 D6 B3 G4 G3 G2,7,M
304.666666667,D7 D6 G6 G5 B5 G4 B4 D5 B3 D4 D3 G3 G2,7,M
304.75,D7 D6 G6 G5 B5 G4 B4 D5 B3 D4 D3 G3 G2,7,M
304.791666667,G6 G5 B5 B4 G3 D4 G2 D3 D5 D6 B3 G4,7,M
304.875,E7 D6 G6 G5 B5 G4 B4 D5 G3 B3 D4 G2 D3,7,M
305.0,D7 D6 G6 G5 B5 G4 B4 D5 G3 B3 D4 G2 F#3 F#2,7,M
305.125,E7 D6 G6 G5 B5 G4 B4 D5 G3 B3 D4 G2 D3 F#3 F#2,7,M
305.25,D6 G6 G5 B5 G4 B4 D5 G3 B3 D4 G2 D3 F#3 F#2,7,M
305.333333333,D7 G6 G5 B5 B4 G3 D4 G2 D3 D5 D6 B3 G4 F#3 F#2,7,M
305.375,D7 G6 G5 B5 B4 G3 D4 G2 D3 D5 D6 B3 G4,7,M
305.458333333,G6 G5 B5 B4 G3 D4 G2 D3 D5 D6 B3 G4,7,M
305.5,E7 D3 D5 D6 B3 G4 E3 E2,7,M
305.625,D3 D5 D6 B3 G4 E3 E2,7,M
305.666666667,D7 D3 D5 D6 B3 G4 E3 E2,7,M
305.75,D7 D3 D5 D6 B3 G4 E3 E2,7,M
305.791666667,D3 D5 D6 B3 G4 E3 E2,7,M
305.875,E7 D3 D5 D6 B3 G4,7,M
306.0,D7 G6 G5 B5 B4 G3 D4 G2 D3 D5 D6 B3 G4 D2,7,M
306.125,E7 D6 G6 G5 B5 G4 B4 D5 G3 B3 D4 G2 D3 D2,7,M
306.25,D6 G6 G5 B5 G4 B4 D5 G3 B3 D4 G2 D3 D2,7,M
306.333333333,D7 G6 G5 B5 B4 G3 D4 G2 D5 D6 B3 G4 D3 D2,7,M
306.375,D7 G6 G5 B5 B4 G3 D4 G2 D3 D5 D6 B3 G4,7,M
306.458333333,G6 G5 B5 B4 G3 D4 G2 D3 D5 D6 B3 G4,7,M
306.5,E7 D3 D5 D6 B3 G4 C#3 C#2,7,M
306.625,D3 D5 D6 B3 G4 C#3 C#2,7,M
306.666666667,D7 D3 D5 D6 B3 G4 C#3 C#2,7,M
306.75,D7 D3 D5 D6 B3 G4 C#3 C#2,7,M
306.791666667,D3 D5 D6 B3 G4 C#3 C#2,7,M
306.875,E7 D3 D5 D6 B3 G4,7,M
307.0,D7 G6 G5 B5 B4 G3 D4 G2 D3 D5 D6 B3 G4 B2 B1,7,M
307.125,E7 D6 G6 G5 B5 G4 B4 D5 G3 B3 D4 G2 D3 B2 B1,7,M
307.25,D6 G6 G5 B5 G4 B4 D5 G3 B3 D4 G2 D3 B2 B1,7,M
307.333333333,D7 G6 G5 B5 B4 G3 D4 G2 D3 D5 D6 B3 G4 B2 B1,7,M
307.375,D7 G6 G5 B5 B4 G3 D4 G2 D3 D5 D6 B3 G4,7,M
307.458333333,G6 G5 B5 B4 G3 D4 G2 D3 D5 D6 B3 G4,7,M
307.5,E7 D3 D5 D6 B3 G4 A2 A1,7,M
307.625,D3 D5 D6 B3 G4 A2 A1,7,M
307.666666667,D7 D3 D5 D6 B3 G4 A2 A1,7,M
307.75,D7 D3 D5 D6 B3 G4 A2 A1,7,M
307.791666667,D3 D5 D6 B3 G4 A2 A1,7,M
307.875,E7 D3 D5 D6 B3 G4,7,M
308.0,D7 G6 G5 B5 B4 G3 D4 D3 D5 D6 B3 G4 G2 G1,7,M
308.125,E7 D6 G6 G5 B5 G4 B4 D5 G3 B3 D4 D3 G2 G1,7,M
308.25,D7 D6 G6 G5 B5 G4 B4 D5 G3 B3 D4 G2 D3 G1,7,M
308.375,E7 G6 G5 B5 B4 G3 D4 G2 D3 D5 D6 B3 G4,7,M
308.5,D3 D5 D6 B3 G4 F#2 F#1,7,M
308.625,D7 D3 D5 D6 B3 G4 F#2 F#1,7,M
308.666666667,C#7 D7 D3 D5 D6 B3 G4 F#2 F#1,7,M
308.75,C#7 D3 D5 D6 B3 G4 F#2 F#1,7,M
308.791666667,D3 D5 D6 B3 G4 F#2 F#1,7,M
308.875,D7 D3 D5 D6 B3 G4,7,M
309.0,E7 G#6 G#5 B5 B4 G#3 E4 D3 E5 E6 B3 G#4 E2 E1,7,M
309.125,F#7 E6 G#6 G#5 B5 G#4 B4 E5 G#3 B3 E4 D3 E2 E1,9,M
309.25,E6 G#6 G#5 B5 G#4 B4 E5 G#3 B3 E4 D3 E2 E1,9,M
309.333333333,E7 G#6 G#5 B5 B4 G#3 E4 E2 D3 E5 E6 B3 G#4 E1,9,M
309.375,E7 G#6 G#5 B5 B4 G#3 E4 E2 D3 E5 E6 B3 G#4,9,M
309.458333333,E6 G#6 G#5 B5 G#4 B4 E5 G#3 B3 E4 E2 D3,9,M
309.5,F#7 E6 G#6 G#5 B5 G#4 B4 E5 G#3 B3 E4 E2 D3 E3,9,M
309.625,G#6 G#5 B5 B4 G#3 E2 D3 E5 E6 B3 G#4 E4 E3,9,M
309.666666667,E7 E6 G#6 G#5 B5 G#4 B4 E5 G#3 B3 E2 D3 E4 E3,9,M
309.75,E7 E6 G#6 G#5 B5 G#4 B4 E5 G#3 B3 E2 D3 E4 E3,9,M
309.791666667,G#6 G#5 B5 B4 G#3 E4 E2 D3 E5 E6 B3 G#4 E3,9,M
309.875,F#7 E6 G#6 G#5 B5 G#4 B4 E5 G#3 B3 E4 E2 D3,9,M
310.0,E7 E6 G#6 G#5 B5 G#4 B4 E5 G#3 B3 E4 E2 D3 D4,9,M
310.125,F#7 E6 G#6 G#5 B5 G#4 B4 E5 G#3 B3 E4 E2 D3 D4,9,M
310.25,E6 G#6 G#5 B5 G#4 B4 E5 G#3 B3 E4 E2 D3 D4,9,M
310.333333333,E7 G#6 G#5 B5 B4 G#3 E4 E2 E5 E6 B3 G#4 D4 D3,9,M
310.375,E7 G#6 G#5 B5 B4 G#3 E4 E2 D3 E5 E6 B3 G#4,9,M
310.458333333,E6 G#6 G#5 B5 G#4 B4 E5 G#3 B3 E4 E2 D3,9,M
310.5,F#7 E6 G#6 G#5 B5 G#4 B4 E5 G#3 B3 E4 E2 D3 C#4 C#3,9,M
310.625,G#6 G#5 B5 B4 G#3 E4 E2 D3 E5 E6 B3 G#4 C#4 C#3,9,M
310.666666667,E7 E6 G#6 G#5 B5 G#4 B4 E5 G#3 B3 E4 E2 D3 C#4 C#3,9,M
310.75,E7 E6 G#6 G#5 B5 G#4 B4 E5 G#3 B3 E4 E2 D3 C#4 C#3,9,M
310.791666667,G#6 G#5 B5 B4 G#3 E4 E2 D3 E5 E6 B3 G#4 C#4 C#3,9,M
310.875,F#7 E6 G#6 G#5 B5 G#4 B4 E5 G#3 B3 E4 E2 D3,9,M
311.0,E7 E6 G#6 G#5 B5 G#4 B4 E5 G#3 B3 E4 E2 D3 B2,9,M
311.125,F#7 E6 G#6 G#5 B5 G#4 B4 E5 G#3 E4 E2 D3 B3 B2,9,M
311.25,E6 G#6 G#5 B5 G#4 B4 E5 G#3 E4 E2 D3 B3 B2,9,M
311.333333333,E7 G#6 G#5 B5 B4 G#3 E4 E2 D3 E5 E6 B3 G#4 B2,9,M
311.375,E7 G#6 G#5 B5 B4 G#3 E4 E2 D3 E5 E6 B3 G#4,9,M
311.458333333,E6 G#6 G#5 B5 G#4 B4 E5 G#3 B3 E4 E2 D3,9,M
311.5,F#7 E6 G#6 G#5 B5 G#4 B4 E5 G#3 B3 E4 E2 D3 A3 A2,9,M
311.625,G#6 G#5 B5 B4 G#3 E4 E2 D3 E5 E6 B3 G#4 A3 A2,9,M
311.666666667,E7 E6 G#6 G#5 B5 G#4 B4 E5 G#3 B3 E4 E2 D3 A3 A2,9,M
311.75,E7 E6 G#6 G#5 B5 G#4 B4 E5 G#3 B3 E4 E2 D3 A3 A2,9,M
311.791666667,G#6 G#5 B5 B4 G#3 E4 E2 D3 E5 E6 B3 G#4 A3 A2,9,M
311.875,F#7 E6 G#6 G#5 B5 G#4 B4 E5 G#3 B3 E4 E2 D3,9,M
312.0,E7 E6 G#6 G#5 B5 G#4 B4 E5 G#3 B3 E4 E2 D3 G#2,9,M
312.125,F#7 E6 G#6 G#5 B5 G#4 B4 E5 B3 E4 E2 D3 G#3 G#2,9,M
312.25,E6 G#6 G#5 B5 G#4 B4 E5 B3 E4 E2 D3 G#3 G#2,9,M
312.333333333,E7 G#6 G#5 B5 B4 G#3 E4 E2 D3 E5 E6 B3 G#4 G#2,9,M
312.375,E7 G#6 G#5 B5 B4 G#3 E4 E2 D3 E5 E6 B3 G#4,9,M
312.458333333,E6 G#6 G#5 B5 G#4 B4 E5 G#3 B3 E4 E2 D3,9,M
312.5,E-7 E6 G#6 G#5 B5 G#4 B4 E5 G#3 B3 E4 E2 D3 F#3 F#2,9,M
312.625,G#6 G#5 B5 B4 G#3 E4 E2 D3 E5 E6 B3 G#4 F#3 F#2,9,M
312.666666667,E7 E6 G#6 G#5 B5 G#4 B4 E5 G#3 B3 E4 E2 D3 F#3 F#2,9,M
312.75,E7 E6 G#6 G#5 B5 G#4 B4 E5 G#3 B3 E4 E2 D3 F#3 F#2,9,M
312.791666667,G#6 G#5 B5 B4 G#3 E4 E2 D3 E5 E6 B3 G#4 F#3 F#2,9,M
312.875,F#7 E6 G#6 G#5 B5 G#4 B4 E5 G#3 B3 E4 E2 D3,9,M
313.0,E7 E6 G#6 G#5 B5 G#4 B4 E5 G#3 B3 E4 E2 E3,9,M
313.125,F#7 E6 G#6 G#5 B5 G#4 B4 E5 G#3 B3 E4 E3 E2,9,M
313.25,E6 G#6 G#5 B5 G#4 B4 E5 G#3 B3 E4 E3 E2,9,M
313.333333333,E7 G#6 G#5 B5 B4 G#3 E4 E2 E5 E6 B3 G#4 E3,9,M
313.375,E7 G#6 G#5 B5 B4 G#3 E4 E2 E5 E6 B3 G#4,9,M
313.458333333,G#6 G#5 B5 B4 G#3 E4 E2 E5 E6 B3 G#4,9,M
313.5,F#7 E5 E6 B3 G#4 D3 D2,9,M
313.625,E5 E6 B3 G#4 D3 D2,9,M
313.666666667,E7 E5 E6 B3 G#4 D3 D2,9,M
313.75,E7 E5 E6 B3 G#4 D3 D2,9,M
313.791666667,E5 E6 B3 G#4 D3 D2,9,M
313.875,F#7 E5 E6 B3 G#4,9,M
314.0,D7 G#6 G#5 B5 D4 G#4 B4 G#3 B3 E2 D3 E5 D6 E4 D5 C#3 C#2,9,M
314.125,E7 D6 G#6 G#5 B5 D4 G#4 B4 E5 G#3 B3 E4 E2 D3 D5 C#3 C#2,9,M
314.25,D6 G#6 G#5 B5 D4 G#4 B4 E5 G#3 B3 E4 E2 D3 D5 C#3 C#2,9,M
314.333333333,D7 G#6 G#5 B5 D4 G#4 B4 G#3 B3 E2 D3 E5 D6 E4 D5 C#3 C#2,9,M
314.375,D7 G#6 G#5 B5 D4 G#4 B4 G#3 B3 E2 D3 E5 D6 E4 D5,9,M
314.458333333,G#6 G#5 B5 D4 G#4 B4 G#3 B3 E2 D3 E5 D6 E4 D5,9,M
314.5,E7 D3 E5 D6 E4 D5 B2 B1,9,M
314.625,D3 E5 D6 E4 D5 B2 B1,9,M
314.666666667,D7 D3 E5 D6 E4 D5 B2 B1,9,M
314.75,D7 D3 E5 D6 E4 D5 B2 B1,9,M
314.791666667,D3 E5 D6 E4 D5 B2 B1,9,M
314.875,E7 D3 E5 D6 E4 D5,9,M
315.0,C#7 D6 G#6 G#5 B5 D4 G#4 B4 G#3 B3 E2 D3 E5 C#6 E4 D5 A2 A1,9,M
315.125,D7 D6 G#6 G#5 B5 D4 G#4 B4 E5 G#3 B3 E4 E2 D3 C#6 D5 A2 A1,9,M
315.25,D6 G#6 G#5 B5 D4 G#4 B4 E5 G#3 B3 E4 E2 D3 C#6 D5 A2 A1,9,M
315.333333333,C#7 D6 G#6 G#5 B5 D4 G#4 B4 G#3 B3 E2 D3 E5 C#6 E4 D5 A2 A1,9,M
315.375,C#7 D6 G#6 G#5 B5 D4 G#4 B4 G#3 B3 E2 D3 E5 C#6 E4 D5,9,M
315.458333333,D6 G#6 G#5 B5 D4 G#4 B4 G#3 B3 E2 D3 E5 C#6 E4 D5,9,M
315.5,D7 D3 E5 C#6 E4 D5 G#2 G#1,9,M
315.625,D3 E5 C#6 E4 D5 G#2 G#1,9,M
315.666666667,C#7 D3 E5 C#6 E4 D5 G#2 G#1,9,M
315.75,C#7 D3 E5 C#6 E4 D5 G#2 G#1,9,M
315.791666667,D3 E5 C#6 E4 D5 G#2 G#1,9,M
315.875,D7 D3 E5 C#6 E4 D5,9,M
316.0,B6 D6 G#6 G#5 D4 G#4 B4 G#3 B3 E2 D3 E5 B5 E4 D5 F#2 F#1,9,M
316.125,C#7 D6 G#6 G#5 B5 D4 G#4 B4 E5 G#3 B3 E4 E2 D3 D5 F#2 F#1,9,M
316.25,D6 G#6 G#5 B5 D4 G#4 B4 E5 G#3 B3 E4 E2 D3 D5 F#2 F#1,9,M
316.333333333,B6 D6 G#6 G#5 D4 G#4 B4 G#3 B3 E2 D3 E5 B5 E4 D5 F#2 F#1,9,M
316.375,B6 D6 G#6 G#5 D4 G#4 B4 G#3 B3 E2 D3 E5 B5 E4 D5,9,M
316.458333333,D6 G#6 G#5 D4 G#4 B4 G#3 B3 E2 D3 E5 B5 E4 D5,9,M
316.5,C#7 D3 E5 B5 E4 D5 E2 E1,9,M
316.625,D3 E5 B5 E4 D5 E2 E1,9,M
316.666666667,B6 D3 E5 B5 E4 D5 E2 E1,9,M
316.75,B6 D3 E5 B5 E4 D5 E2 E1,9,M
316.791666667,D3 E5 B5 E4 D5 E2 E1,9,M
316.875,C#7 D3 E5 B5 E4 D5,9,M
317.0,A6 C#6 E6 E5 A5 C#5 A4 A3 C#4 E4 A2 A1,9,M
317.333333333,A6 C#6 E6 E5 A5 C#5 A4 A3 C#4 E4 A2 A1,9,M
317.5,A2 E5 E4,9,M
317.666666667,F#5 F#4 A2,9,M
318.0,G#5 G#4,9,M
318.333333333,A5 A4,9,M
318.666666667,B-5 B-4,9,M
319.0,B6 D6 G#6 B4 G#5 B5 B3 D5 G#3 D4 F4 G#4 F5 A2,9,M
319.125,C#7 D6 G#6 B4 G#5 B5 B3 G#4 F5 D5 G#3 D4 F4 C#6 E4 A2,9,M
319.25,D6 G#6 B4 G#5 B5 B3 G#4 F5 D5 G#3 D4 F4 A2,9,M
319.333333333,B6 D6 G#6 B4 G#5 B5 B3 D5 G#3 D4 F4 A2 G#4 F5,9,M
319.375,B6 D6 G#6 B4 G#5 B5 B3 D5 G#3 D4 F4 A2 G#4 F5,9,M
319.458333333,D6 G#6 B4 G#5 B5 B3 G#4 F5 D5 G#3 D4 F4 A2,9,M
319.5,C#7 D6 G#6 B4 G#5 B5 B3 G#4 F5 D5 G#3 D4 F4 A2 C#6 E4,9,M
319.625,D6 G#6 B4 G#5 B5 B3 D5 G#3 D4 F4 G#4 F5 A2,9,M
319.666666667,B6 B5 D4 D6 G#6 B4 G#5 B3 G#4 F5 D5 G#3 F4 A2,9,M
319.75,B6 D6 G#6 B4 G#5 B5 B3 G#4 F5 D5 G#3 D4 F4 A2,9,M
319.791666667,D6 G#6 B4 G#5 B5 B3 D5 G#3 D4 F4 A2 G#4 F5,9,M
319.875,C#7 D6 G#6 B4 G#5 B5 B3 G#4 F5 D5 G#3 D4 F4 A2 C#6 E4,9,M
320.0,B6 D6 G#6 B4 G#5 B5 B3 G#4 F5 D5 G#3 D4 F4 A2,9,M
320.125,B6 D6 G#6 B4 G#5 B5 B3 G#4 F5 D5 G#3 D4 F4 A2,2,M
320.25,C#7 D6 G#6 B4 G#5 B5 B3 G#4 F5 D5 G#3 D4 F4 A2 C#6 E4,2,M
320.375,B6 C#7 D6 G#6 B4 F5 G#5 B5 B3 G#4 D5 G#3 D4 F4 A2 C#6 E4,2,M
320.5,B6 D6 G#6 B4 F5 G#5 B5 B3 D5 G#4 G#3 D4 F4 A2,2,M
320.625,A6 D6 G#6 B4 G#5 B5 B3 D5 G#3 D4 F4 A2 C#6 G#4 F5 E4,2,M
320.75,B6 A6 D5 A2 B5 C#6 G#4 F5 D4 E4,2,M
320.875,B6 A2 B5 G#4 F5 D4,2,M
321.0,C#6 A6 A5 C#5 A4 E5 A3 E4 A2 C#4 A1,2,M
321.333333333,C#6 A6 A5 C#5 A4 E5 A3 E4 A2 C#4 A1,2,M
321.5,E5 E4,2,M
321.666666667,F#5 F#4,2,M
322.0,G5 G4,2,M
322.333333333,G#5 G#4,2,M
322.666666667,A5 A4,2,M
323.0,C#7 C#6 E6 A5 C#5 A4 E5 G3 C#4 E4 A2 B5 B4 A1,2,M
323.125,D7 C#6 E6 A5 C#5 A4 E5 G3 C#4 E4 A2 B5 B4 A3 A1,2,M
323.25,C#6 E6 A5 C#5 A4 E5 G3 C#4 E4 A2 B5 B4 A1,2,M
323.333333333,C#7 C#6 E6 A5 C#5 A4 E5 G3 C#4 E4 A2 A1,2,M
323.375,C#7 C#6 E6 C#5 E5 G3 C#4 E4 A2 A5 A4,2,M
323.458333333,C#6 E6 C#5 E5 G3 C#4 E4 A2 A5 A4,2,M
323.5,D7 C#6 E6 C#5 E5 G3 C#4 E4 A2 A5 A4 A3 A1,2,M
323.625,C#6 E6 A5 C#5 A4 E5 G3 C#4 E4 A2 A1,2,M
323.666666667,C#7 B5 B4 G3 C#6 E6 A5 C#5 A4 E5 C#4 E4 A2 A1,2,M
323.75,C#7 C#6 E6 A5 C#5 A4 E5 G3 C#4 E4 A2 B5 B4 A1,2,M
323.791666667,C#6 E6 A5 C#5 A4 E5 G3 C#4 E4 A2 B5 B4 A1,2,M
323.875,D7 C#6 E6 A5 C#5 A4 E5 G3 C#4 E4 A2 B5 B4 A3,2,M
324.0,C#7 C#6 E6 A5 C#5 A4 E5 G3 C#4 E4 A2 A1,2,M
324.125,C#7 E6 A5 A4 E5 G3 C#4 E4 A2 C#6 C#5 A1,2,M
324.25,D7 C#6 E6 A5 C#5 A4 E5 G3 C#4 E4 A2 A3 A1,2,M
324.333333333,D7 C#6 E6 A5 C#5 A4 E5 G3 C#4 E4 A2 B5 B4 A3 A1,2,M
324.375,C#7 D7 C#6 E6 A5 C#5 A4 E5 G3 C#4 E4 A2 B5 B4 A3,2,M
324.5,C#7 C#6 E6 A5 C#5 A4 E5 G3 C#4 E4 A2 B5 B4 A1,2,M
324.625,B6 C#6 E6 A5 C#5 A4 E5 G3 C#4 E4 A2 B5 B4 A3 A1,2,M
324.666666667,C#6 C#5 B6 E6 A5 A4 E5 G3 C#4 E4 A2 A3 A1,2,M
324.75,C#7 B6 A2 C#6 C#5 G3 A3 A1,2,M
324.875,C#7 A2 C#6 C#5 G3,2,M
325.0,D7 D6 A4 A3 D4 D3 F#4 D5 F#3 D2,2,M
325.25,D7 D6 D5 D4 A4 A3 D3 F#4 F#3 D2,2,M
325.5,D7 D6 D5 D4 D3,2,M
325.75,D7 D6 D5 D4 D3,2,M
326.0,D7 D6 D5 D4 B3 G3,2,M
326.25,D7 D6 D5 D4,2,M
326.5,D7 D6 D5 D4 B3 G3,2,M
326.75,D7 D6 D5 D4,2,M
327.0,D7 D6 D5 D4 A3 F#3,2,M
327.25,D7 D6 D5 D4 A3 F#3,2,M
327.5,D7 D6 D5 D4,2,M
327.75,D7 D6 D5 D4,2,M
328.0,D7 D6 D5 D4 G3 E3,2,M
328.25,D7 D6 D5 D4,2,M
328.5,D7 D6 D5 D4 G3 E3,2,M
328.75,D7 D6 D5 D4,2,M
329.0,D7 D6 D5 D4 F#3 D3,2,M
329.25,D7 D6 D5 D4 F#3 D3,2,M
329.5,D7 D6 D5 D4,2,M
329.75,D7 D6 D5 D4,2,M
330.0,D7 D6 D5 D4 E3 C#3,2,M
330.25,D7 D6 D5 D4,9,M
330.5,D7 D6 D5 D4 E3 C#3,9,M
330.75,D7 D6 D5 D4,9,M
331.0,D7 D6 D5 D4 F#3 A3 C3,9,M
331.25,D7 D6 D5 D4 F#3 A3 C3,9,M
331.5,D7 D6 D5 D4,9,M
331.666666667,D5 D6,9,M
331.75,D5 D6,9,M
332.0,E-7 E-6 E-5 E-4 F#3 A3 B2,9,M
332.25,E7 E-6 E-5 E-4,9,M
332.375,E-7 E7 E-6 E-5 E-4,9,M
332.5,E-7 E-6 E-5 E-4 F#3 A3 B2,9,M
332.625,C#7 E-4 E-5 E-6 F#3 A3 B2,9,M
332.75,E-7 C#7 E-4 E-5 E-6,9,M
332.875,E-7 E-5 E-6,9,M
333.0,E7 E6 E5 E4 G#3 E3,9,M
333.25,E7 E6 E5 E4 G#3 E3,9,M
333.5,E7 E6 E5 E4,9,M
333.75,E7 E6 E5 E4,9,M
334.0,E7 E6 E5 E4 C#4 A3,9,M
334.25,E7 E6 E5 E4,9,M
334.5,E7 E6 E5 E4 C#4 A3,9,M
334.75,E7 E6 E5 E4,9,M
335.0,E7 E6 E5 E4 B3 G#3,9,M
335.25,E7 E6 E5 E4 B3 G#3,9,M
335.5,E7 E6 E5 E4,9,M
335.75,E7 E6 E5 E4,9,M
336.0,E7 E6 E5 E4 A3 F#3,9,M
336.25,E7 E6 E5 E4,9,M
336.5,E7 E6 E5 E4 A3 F#3,9,M
336.75,E7 E6 E5 E4,9,M
337.0,E7 E6 E5 E4 G#3 E3,9,M
337.25,E7 E6 E5 E4 G#3 E3,11,M
337.5,E7 E6 E5 E4,11,M
337.75,E7 E6 E5 E4,11,M
338.0,E7 E6 E5 E4 F#3 E-3,11,M
338.25,E7 E6 E5 E4,11,M
338.5,E7 E6 E5 E4 F#3 E-3,11,M
338.75,E7 E6 E5 E4,11,M
339.0,E7 E6 E5 E4 G#3 B3 D3,11,M
339.25,E7 E6 E5 E4 G#3 B3 D3,11,M
339.5,E7 E6 E5 E4,11,M
339.666666667,E5 E6,11,M
339.75,E5 E6,11,M
340.0,F7 F6 F5 F4 G#3 B3 C#3,11,M
340.25,F#7 F6 F5 F4,11,M
340.375,F7 F#7 F6 F5 F4,11,M
340.5,F7 F6 F5 F4 G#3 B3 C#3,11,M
340.625,E-7 F4 F5 F6 G#3 B3 C#3,11,M
340.75,F7 E-7 F4 F5 F6,11,M
340.875,F7 F5 F6,11,M
341.0,F#7 F#6 F#5 F#4 B-3 F#3,11,M
341.25,F#7 F#6 F#5 F#4 B-3 F#3,11,M
341.5,F#7 F#6 F#5 F#4,11,M
341.75,F#7 F#6 F#5 F#4,11,M
342.0,F#7 F#6 F#5 F#4 E-4 B3,11,M
342.25,F#7 F#6 F#5 F#4,11,M
342.5,F#7 F#6 F#5 F#4 E-4 B3,11,M
342.75,F#7 F#6 F#5 F#4,11,M
343.0,F#7 F#6 F#5 F#4 C#4 B-3,11,M
343.25,F#7 F#6 F#5 F#4 C#4 B-3,11,M
343.5,F#7 F#6 F#5 F#4,11,M
343.75,F#7 F#6 F#5 F#4,11,M
344.0,F#7 F#6 F#5 F#4 B3 G#3,11,M
344.25,F#7 F#6 F#5 F#4,11,M
344.5,F#7 F#6 F#5 F#4 B3 G#3,11,M
344.75,F#7 F#6 F#5 F#4,11,M
345.0,F#7 F#6 F#5 F#4 B-3 F#3,11,M
345.25,F#7 F#6 F#5 F#4 B-3 F#3,11,M
345.5,F#7 F#6 F#5 F#4,11,M
345.75,F#7 F#6 F#5 F#4,11,M
346.0,F#7 F#6 F#5 F#4 B-3 C#4 E3,11,M
346.25,F#7 F#6 F#5 F#4,6,m
346.5,F#7 F#6 F#5 F#4 B-3 C#4 E3,6,m
346.75,F#7 F#6 F#5 F#4,6,m
347.0,F#7 F#6 F#5 F#3 F#4 B3 E-3,6,m
347.25,F#7 F#6 F#5 F#3 F#4 B3 E-3,6,m
347.5,F#7 F#6 F#5 F#4,6,m
347.666666667,F#5 F#6,6,m
347.75,F#5 F#6,6,m
348.0,F#7 F#6 F#5 A5 F#4 A4 C4 D3 D2,6,m
348.25,F#7 F#6 F#5 A5 F#4 A4,6,m
348.5,F#4 F#5 F#6 C4 A4 D3 D2,6,m
348.75,F#5 F#6,6,m
349.0,F#7 B-5 C#5 F#4 F#5 F#3 B-3 A2 F#6 C#4 B-4 C#3 C#2,6,m
349.125,F#7 B-5 C#5 F#4 F#5 F#3 B-3 A2 F#6 C#4 B-4 C#3 C#2,6,m
349.25,F#7 F#6 B-5 B-4 C#5 F#4 F#5 F#3 B-3 C#4 C#3 A2 C#2,6,m
349.333333333,F#7 F#6 B-5 B-4 C#5 F#4 F#5 F#3 B-3 C#4 C#3 A2 C#2,6,m
349.375,F#7 B-5 C#2 C#5 F#4 F#5 F#3 B-3 A2 F#6 C#4 B-4 C#3,6,m
349.5,F#7 B-5 C#2 C#5 F#4 F#5 F#3 B-3 A2 F#6 C#4 B-4 C#3,6,m
349.625,F#7 F#6 B-5 B-4 C#5 F#4 F#5 F#3 B-3 C#4 C#3 A2 C#2,6,m
349.666666667,F#6 C#4 B-4 C#3 F#7 B-5 C#5 F#4 F#5 F#3 B-3 A2 C#2,6,m
349.75,F#7 B-5 C#5 F#4 F#5 F#3 B-3 A2 F#6 C#4 B-4 C#3 C#2,6,m
349.875,F#7 B-5 C#2 B-4 C#5 F#4 F#5 F#3 B-3 C#4 C#3 A2 F#6,6,m
350.0,F7 B-5 C#2 B-4 C#5 F#4 F#5 F#3 B-3 C#4 C#3 A2 F6,6,m
350.125,F7 B-5 C#5 F#4 F#5 B-3 C#3 A2 F6 C#4 B-4 F#3 C#2,6,m
350.25,F7 F6 B-5 B-4 C#5 F#4 F#5 F#3 B-3 C#4 C#3 A2 C#2,6,m
350.333333333,F7 F6 B-5 B-4 C#5 F#4 F#5 F#3 B-3 C#4 C#3 A2 C#2,6,m
350.375,F7 B-5 C#2 C#5 F#4 F#5 B-3 C#3 A2 F6 C#4 B-4 F#3,6,m
350.5,F7 B-5 C#2 C#5 F#4 F#5 B-3 C#3 A2 F6 C#4 B-4 F#3,6,m
350.625,F7 F6 B-5 B-4 C#5 F#4 F#5 F#3 B-3 C#4 C#3 A2 C#2,6,m
350.666666667,F6 C#4 B-4 F#3 F7 B-5 C#5 F#4 F#5 B-3 C#3 A2 C#2,6,m
350.75,F7 B-5 C#5 F#4 F#5 B-3 C#3 A2 F6 C#4 B-4 F#3 C#2,6,m
350.875,F7 B-5 C#2 B-4 C#5 F#4 F#5 F#3 B-3 C#4 C#3 A2 F6,6,m
351.0,E-7 B-5 C#2 B-4 C#5 F#4 F#5 F#3 B-3 C#4 C#3 A2 E-6,6,m
351.125,E-7 B-5 C#5 F#4 F#5 F#3 C#3 A2 E-6 C#4 B-4 B-3 C#2,6,m
351.25,E-7 E-6 B-5 B-4 C#5 F#4 F#5 F#3 B-3 C#4 C#3 A2 C#2,6,m
351.333333333,E-7 E-6 B-5 B-4 C#5 F#4 F#5 F#3 B-3 C#4 C#3 A2 C#2,6,m
351.375,E-7 B-5 C#2 C#5 F#4 F#5 F#3 C#3 A2 E-6 C#4 B-4 B-3,6,m
351.5,E-7 B-5 C#2 C#5 F#4 F#5 F#3 C#3 A2 E-6 C#4 B-4 B-3,6,m
351.625,E-7 E-6 B-5 B-4 C#5 F#4 F#5 F#3 B-3 C#4 C#3 A2 C#2,6,m
351.666666667,E-6 C#4 B-4 B-3 E-7 B-5 C#5 F#4 F#5 F#3 C#3 A2 C#2,6,m
351.75,E-7 B-5 C#3 C#4 C#5 F#4 F#5 F#3 A2 E-6 B-4 B-3 C#2,6,m
351.875,E-7 F#5 B-5 C#2 F#4 B-4 C#5 F#3 B-3 C#4 C#3 A2 E-6,6,m
352.0,C#7 F#5 B-5 B-3 F#4 C#2 B-4 C#5 F#3 C#4 C#3 A2 C#6,6,m
352.125,C#7 F#5 B-5 C#2 F#4 C#5 F#3 B-3 A2 C#6 B-4 C#4 C#3,6,m
352.25,C#7 C#6 F#5 B-5 C#2 F#4 B-4 C#5 F#3 B-3 C#4 A2 C#3,6,m
352.333333333,C#7 C#6 F#5 B-5 C#2 F#4 B-4 C#5 F#3 B-3 C#4 A2 C#3,6,m
352.375,C#7 C#6 F#5 B-5 C#2 F#4 C#5 F#3 B-3 C#3 A2 B-4 C#4,6,m
352.5,C#7 C#6 F#5 B-5 C#2 F#4 C#5 F#3 B-3 C#3 A2 B-4 C#4,6,m
352.625,C#7 C#6 F#5 B-5 C#2 F#4 B-4 C#5 F#3 B-3 C#4 A2 C#3,6,m
352.666666667,C#6 B-4 C#4 C#7 F#5 B-5 B-3 F#4 C#2 C#5 F#3 C#3 A2,6,m
352.75,C#7 B-3 F#4 A2 C#6 B-4 C#4 C#3,6,m
352.875,C#7 A2 C#6 B-4 C#4 C#3,6,m
353.0,E-7 F5 G#5 G#4 G#3 B3 F4 E-6 C#4 B4 C#3 C#2,6,m
353.125,E-7 F5 G#5 G#4 G#3 B3 F4 A2 E-6 C#4 B4 C#3 C#2,6,m
353.25,E-7 E-6 F5 G#5 G#4 B4 G#3 B3 F4 C#3 A2 C#4 C#2,6,m
353.333333333,E-7 E-6 F5 G#5 G#4 B4 G#3 B3 F4 C#3 A2 C#4 C#2,6,m
353.375,E-7 F5 G#5 C#2 G#4 G#3 B3 F4 A2 E-6 C#4 B4 C#3,6,m
353.5,E-7 F5 G#5 C#2 G#4 G#3 B3 F4 A2 E-6 C#4 B4 C#3,6,m
353.625,E-7 E-6 F5 G#5 G#4 B4 G#3 B3 F4 C#3 A2 C#4 C#2,6,m
353.666666667,E-6 C#4 B4 C#3 E-7 F5 G#5 G#4 G#3 B3 F4 A2 C#2,6,m
353.75,E-7 F5 G#5 G#4 G#3 B3 F4 A2 E-6 C#4 B4 C#3 C#2,6,m
353.875,E-7 F5 G#5 C#2 G#4 B4 G#3 B3 F4 C#3 A2 E-6 C#4,6,m
354.0,C#7 F5 G#5 C#2 G#4 B4 G#3 B3 F4 C#3 A2 C#6 C#4 F3,6,m
354.125,C#7 F5 G#5 G#4 G#3 B3 F4 C#3 A2 C#6 C#4 B4 F3 C#2,6,m
354.25,C#7 C#6 F5 G#5 G#4 B4 G#3 B3 F4 C#3 A2 C#4 F3 C#2,6,m
354.333333333,C#7 C#6 F5 G#5 G#4 B4 G#3 B3 F4 C#3 A2 C#4 F3 C#2,6,m
354.375,C#7 F5 G#5 C#2 G#4 G#3 B3 F4 C#3 A2 C#6 C#4 B4 F3,6,m
354.5,C#7 F5 G#5 C#2 G#4 G#3 B3 F4 C#3 A2 C#6 C#4 B4 F3,6,m
354.625,C#7 C#6 F5 G#5 G#4 B4 G#3 B3 F4 C#3 A2 C#4 F3 C#2,6,m
354.666666667,C#6 C#4 B4 F3 C#7 F5 G#5 G#4 G#3 B3 F4 C#3 A2 C#2,6,m
354.75,C#7 F5 G#5 G#4 G#3 B3 F4 C#3 A2 C#6 C#4 B4 F3 C#2,6,m
354.875,C#7 F5 G#5 C#2 G#4 B4 G#3 B3 F4 C#3 A2 C#6 C#4 F3,6,m
355.0,B6 F5 G#5 C#2 G#4 B4 G#3 B3 F4 C#3 A2 B5 C#4,6,m
355.125,B6 F5 G#5 G#4 B3 F4 C#3 A2 B5 C#4 B4 G#3 C#2,6,m
355.25,B6 B5 F5 G#5 G#4 B4 G#3 B3 F4 C#3 A2 C#4 C#2,6,m
355.333333333,B6 B5 F5 G#5 G#4 B4 G#3 B3 F4 C#3 A2 C#4 C#2,6,m
355.375,B6 F5 G#5 C#2 G#4 B3 F4 C#3 A2 B5 C#4 B4 G#3,6,m
355.5,B6 F5 G#5 C#2 G#4 B3 F4 C#3 A2 B5 C#4 B4 G#3,6,m
355.625,B6 B5 F5 G#5 G#4 B4 G#3 B3 F4 C#3 A2 C#4 C#2,6,m
355.666666667,B5 C#4 B4 G#3 B6 F5 G#5 G#4 B3 F4 C#3 A2 C#2,6,m
355.75,B6 F5 G#5 G#4 B3 F4 C#3 A2 B5 C#4 B4 G#3 C#2,6,m
355.875,B6 F5 G#5 C#2 G#4 B4 G#3 B3 F4 C#3 A2 B5 C#4,6,m
356.0,G#6 F5 C#2 G#4 B4 G#3 B3 F4 C#3 A2 G#5 C#4,6,m
356.125,G#6 F5 C#2 G#4 G#3 F4 A2 G#5 C#4 B4 B3 C#3,6,m
356.25,G#6 F5 G#5 C#2 G#4 B4 G#3 B3 F4 A2 C#4 C#3,6,m
356.333333333,G#6 F5 G#5 C#2 G#4 B4 G#3 B3 F4 A2 C#4 C#3,6,m
356.375,G#6 F5 C#2 G#4 G#3 F4 C#3 A2 G#5 C#4 B4 B3,6,m
356.5,G#6 F5 C#2 G#4 G#3 F4 C#3 A2 G#5 C#4 B4 B3,6,m
356.625,G#6 F5 G#5 C#2 G#4 B4 G#3 B3 F4 A2 C#4 C#3,6,m
356.666666667,G#5 C#4 B4 B3 G#6 F5 C#2 G#4 G#3 F4 C#3 A2,6,m
356.75,G#6 A2 G#5 C#4 B4 B3 C#3,6,m
356.875,G#6 G#5 C#4 B4 B3 C#3,6,m
357.0,F#6 F#4 F#3 A2 F#5 C#4 B-4 B-3 F#2,6,m
357.5,A2,6,m
358.5,B4 E-5 F#5 B3 E-4 F#4,6,m
359.0,B4 E-5 F#5 B3 E-4 F#4,6,m
360.5,B4 E-5 F#5 B3 E-4 F#4,2,M
361.0,B-4 C#5 F#5 F#3 C#4 F#4,2,M
361.333333333,B-4 C#5 F#5 F#3 C#4 F#4 E-5 E-4,2,M
361.5,E-5 E-4,2,M
361.666666667,F5 F4,2,M
362.0,F#5 F#4,2,M
362.333333333,G#5 G#4,2,M
362.5,A3 D5 F#5 A4 A5 D4 F#4 D3 G#5 G#4,2,M
362.666666667,A5 A4 A3 D5 F#5 D4 F#4 D3,2,M
362.75,A5 A4,2,M
363.0,A3 D5 F#5 A4 A5 D4 F#4 D3,2,M
363.5,A3 D5 F#5 A4 A5 D4 F#4 D3,11,m
364.5,A3 D5 F#5 A4 A5 D4 F#4 D3,11,m
365.0,C#5 E5 A4 A5 A3 C#4 E4,11,m
365.333333333,C#5 E5 A4 A5 A3 C#4 E4 F#5 F#4,11,m
365.5,F#5 F#4,11,m
365.666666667,G5 G4,11,m
366.0,A5 A4,11,m
366.333333333,B-5 B-4,11,m
366.5,B5 D4 B4 D5 G3 B3 G4 B-5 B-4,11,m
366.666666667,B5 B4 D4 D5 G3 B3 G4,11,m
366.75,B5 B4,11,m
367.0,B5 D4 B4 D5 G3 B3 G4,11,m
367.5,B5 D4 B4 D5 G3 B3 G4,11,m
368.5,B5 B4 E5 G3 B3 E4,11,m
369.0,B-5 F#4 B-4 C#5 F#5 F#3 B-3 C#4,11,m
369.333333333,F6 B-5 F#4 B-4 C#5 F#5 F#3 B-3 C#4 F5 F4,11,m
369.5,F6 F5 F4,11,m
369.666666667,F#6 F#5 F#4,11,m
370.0,G#6 G#5 G#4,11,m
370.333333333,B-6 B-5 B-4,11,m
370.666666667,B6 B5 B4,11,m
371.0,C#7 C#6 E6 B-5 B-4 C#5 E5 F#3 B-3 E4 F#2,11,m
371.333333333,C#7 C#6 E6 B-5 B-4 C#5 E5 F#3 B-3 E4 F#2,11,m
371.666666667,C#6 C#5 C#7 E6 B-5 B-4 E5 F#3 B-3 E4 F#2,11,m
372.0,C#7 C#6 E6 B-5 B-4 C#5 E5 F#3 B-3 E4 F#2,11,m
372.25,F#2 C#6 C#5,2,M
372.333333333,F#2 C#6 C#5,2,M
372.5,C#7 C#6 E6 B-5 B-4 C#5 E5 F#3 B-3 E4 F#2,2,M
372.666666667,C#6 C#5 C#7 E6 B-5 B-4 E5 F#3 B-3 E4 F#2,2,M
372.75,C#6 C#5,2,M
373.0,C#7 E6 E5 G3 B3 E4 D3 C#6 C#5 G2,2,M
373.125,C#7 E6 E5 G3 B3 E4 D3 C#6 C#5 G2,2,M
373.25,C#7 E6 C#6 E5 G3 B3 E4 D3 C#5 G2,2,M
373.333333333,C#7 E6 C#6 E5 G3 B3 E4 D3 C#5 G2,2,M
373.375,C#7 E6 E5 G3 B3 E4 G2 D3 C#6 C#5,2,M
373.5,C#7 E6 E5 G3 B3 E4 G2 D3 C#6 C#5,2,M
373.625,C#7 E6 C#6 E5 G3 B3 E4 D3 C#5 G2,2,M
373.666666667,C#6 C#5 C#7 E6 E5 G3 B3 E4 D3 G2,2,M
373.75,C#7 E6 E5 G3 B3 E4 D3 C#6 C#5 G2,2,M
373.875,C#7 E6 E5 G3 B3 E4 G2 D3 C#6 C#5,2,M
374.0,B6 E6 E5 G3 B3 E4 G2 D3 B5 B4,2,M
374.125,B6 E6 E5 G3 B3 E4 D3 B5 B4 G2,2,M
374.25,B6 E6 B5 E5 G3 B3 E4 D3 B4 G2,2,M
374.333333333,B6 E6 B5 E5 G3 B3 E4 D3 B4 G2,2,M
374.375,B6 E6 E5 G3 B3 E4 G2 D3 B5 B4,2,M
374.5,B6 E6 E5 G3 B3 E4 G2 D3 B5 B4,2,M
374.625,B6 E6 B5 E5 G3 B3 E4 D3 B4 G2,2,M
374.666666667,B5 B4 B6 E6 E5 G3 B3 E4 D3 G2,2,M
374.75,B6 E6 E5 G3 B3 E4 D3 B5 B4 G2,2,M
374.875,B6 E6 B4 E5 G3 B3 E4 G2 D3 B5,2,M
375.0,G6 B4 E5 G3 B3 E4 G2 D3 G5 G4,2,M
375.125,G6 B4 E5 G3 B3 E4 D3 G5 G4 G2,2,M
375.25,G6 G5 B4 E5 G3 B3 E4 D3 G4 G2,2,M
375.333333333,G6 G5 B4 E5 G3 B3 E4 D3 G4 G2,2,M
375.375,G6 B4 E5 G3 B3 E4 G2 D3 G5 G4,2,M
375.5,G6 B4 E5 G3 B3 E4 G2 D3 G5 G4,2,M
375.625,G6 G5 B4 E5 G3 B3 E4 D3 G4 G2,2,M
375.666666667,G5 G4 G6 B4 E5 G3 B3 E4 D3 G2,2,M
375.75,G6 E5 G3 B3 E4 G2 D3 G5 G4,2,M
375.875,G6 D3 G5 G4 G2,2,M
376.0,E6 E5 B4 G3 B3 G4 D3 E4 G2,2,M
376.125,E6 B4 G3 B3 G4 D3 E5 E4 G2,2,M
376.25,E6 B4 G3 B3 G4 D3 E5 E4 G2,2,M
376.333333333,E6 B4 G3 B3 G4 D3 E5 E4 G2,2,M
376.375,E6 B4 G3 B3 G4 D3 E5 E4 G2,2,M
376.5,D3 E5 E4,2,M
376.625,E4 D3 E5,2,M
376.666666667,E5 E4 D3,2,M
376.75,D3 E5 E4,2,M
376.875,D3 E5 E4,2,M
377.0,D6 F#4 A4 F#3 A3 D5 D4 A2,2,M
377.333333333,D6 F#4 A4 F#3 A3 A2 D5 D4,2,M
377.5,D6 F#4 A4 F#3 A3 A2 D5 D4,2,M
377.666666667,A3 F#4 D6 A4 F#3 D4 A2 D5,2,M
378.0,C#6 F#4 A4 F#3 A3 D4 A2 C#5 C#4,2,M
378.25,D6 F#4 A4 F#3 A3 D4 D5 A2,2,M
378.333333333,D6 F#4 A4 F#3 A3 D4 A2 D5,2,M
378.5,E6 F#4 A4 F#3 A3 D4 A2 E5 E4,2,M
378.666666667,A3 F#4 E6 A4 F#3 D4 A2 E5 E4,2,M
378.75,D6 D5 A3 F#4 D4 A2,2,M
379.0,F#6 A4 C#5 G3 A3 A2 F#5 C#4 G4 F#4 A1,2,M
379.125,F#6 A4 C#5 G3 A3 A2 F#5 C#4 G4 F#4 A1,2,M
379.25,F#6 A4 G4 C#5 G3 A3 C#4 A2 F#5 F#4 A1,2,M
379.333333333,F#6 A4 G4 C#5 G3 A3 C#4 A2 F#5 F#4 A1,2,M
379.375,F#6 A4 C#5 G3 A3 A2 F#5 C#4 G4 F#4 A1,2,M
379.5,F#6 A4 C#5 G3 A3 A2 F#5 C#4 G4 F#4 A1,2,M
379.625,F#6 A4 G4 C#5 G3 A3 C#4 A2 F#5 F#4 A1,2,M
379.666666667,C#4 G4 F#6 A4 C#5 G3 A3 A2 F#5 F#4 A1,2,M
379.75,F#6 A4 C#5 G3 A3 A2 F#5 C#4 G4 F#4 A1,2,M
379.875,F#6 A4 G4 C#5 G3 A3 C#4 A2 F#5 F#4 A1,2,M
380.0,F#6 A4 G4 C#5 G3 A3 C#4 A2 F#5 F#4 A1,2,M
380.125,F#6 A4 C#5 G3 A3 A2 F#5 C#4 G4 F#4 A1,2,M
380.25,F#6 A4 G4 C#5 G3 A3 C#4 A2 F#5 F#4 A1,2,M
380.333333333,F#6 A4 G4 C#5 G3 A3 C#4 A2 F#5 F#4 A1,2,M
380.375,F#6 A4 C#5 G3 A3 A2 F#5 C#4 G4 F#4 A1,2,M
380.5,E6 A4 C#5 G3 A3 A2 E5 C#4 G4 E4 A1,2,M
380.625,E6 A4 G4 C#5 G3 A3 C#4 A2 E5 E4 A1,2,M
380.666666667,C#4 G4 E6 A4 C#5 G3 A3 A2 E5 E4 A1,2,M
380.75,E6 A2 E5 C#4 G4 E4 A1,2,M
380.875,E6 A2 E5 C#4 G4 E4 A1,2,M
381.0,D6 A4 F#3 D3 D5 A3 F#4 D4 D2,2,M
381.5,D3,2,M
382.5,B4 D5 F#5 B3 D4 F#4,2,M
383.0,B4 D5 F#5 B3 D4 F#4,2,M
384.5,B4 D5 F#5 B3 D4 F#4,2,M
385.0,B-4 C#5 F#5 F#3 C#4 F#4,2,M
385.333333333,B-4 C#5 F#5 F#3 C#4 F#4 E-5 E-4,2,M
385.5,E-5 E-4,2,M
385.666666667,F5 F4,2,M
386.0,F#5 F#4,2,M
386.333333333,G#5 G#4,2,M
386.5,A3 D5 F#5 A4 A5 D4 F#4 D3 G#5 G#4,2,M
386.666666667,A5 A4 A3 D5 F#5 D4 F#4 D3,2,M
386.75,A5 A4,2,M
387.0,A3 D5 F#5 A4 A5 D4 F#4 D3,2,M
387.5,A3 D5 F#5 A4 A5 D4 F#4 D3,2,M
388.5,A3 D5 F#5 A4 A5 D4 F#4 D3,2,M
389.0,C#5 E5 A4 A5 A3 C#4 E4,2,M
389.333333333,C#5 E5 A4 A5 A3 C#4 E4 F#5 F#4,2,M
389.5,F#5 F#4,2,M
389.666666667,G5 G4,2,M
390.0,A5 A4,2,M
390.333333333,B-5 B-4,2,M
390.5,B5 D4 B4 D5 G3 B3 G4 B-5 B-4,2,M
390.666666667,B5 B4 D4 D5 G3 B3 G4,2,M
390.75,B5 B4,2,M
391.0,B5 D4 B4 D5 G3 B3 G4,2,M
391.5,B5 D4 B4 D5 G3 B3 G4,2,M
392.5,B5 B4 E5 G3 B3 E4,2,M
393.0,B-5 F#4 B-4 C#5 F#5 B-3 C#4 F#3 F#2,2,M
393.333333333,B5 B-5 F#4 B-4 C#5 F#5 B-3 C#4 F#3 B4 B3 F#2,2,M
393.666666667,C#6 C#5 C#4 B-5 F#4 B-4 F#5 B-3 F#3 F#2,2,M
394.0,D6 B-5 F#4 B-4 C#5 F#5 B-3 C#4 F#3 D5 D4 F#2,2,M
394.333333333,E6 B-5 F#4 B-4 C#5 F#5 B-3 C#4 F#3 E5 E4 F#2,2,M
394.666666667,F#6 F#5 F#4 B-5 B-4 C#5 B-3 C#4 F#3 F#2,2,M
394.75,F#6 F#5 F#4,2,M
395.0,G6 A5 C#5 A4 C#4 E3 A2 G5 A3 G4 E2,2,M
395.125,G6 A5 C#5 A4 A3 C#4 E3 A2 G5 G4 E2,2,M
395.25,G6 A5 C#5 G5 A4 A3 C#4 E3 A2 G4 E2,2,M
395.333333333,G#6 A5 C#5 G5 A4 C#4 E3 A2 G#5 A3 G4 E2,2,M
395.375,G#6 A5 C#5 G5 A4 A3 C#4 E3 A2 G#5 G4 E2,2,M
395.5,G#6 A5 C#5 G5 A4 A3 C#4 E3 A2 G#5 G4 E2,2,M
395.625,G#6 A5 C#5 G5 A4 C#4 E3 A2 G#5 A3 G4 E2,2,M
395.666666667,A6 A5 C#5 G5 A4 A3 C#4 E3 A2 G4 E2,2,M
395.75,A6 C#5 G5 A4 A3 C#4 E3 A2 A5 G4 E2,2,M
395.875,A6 A5 C#5 G5 A4 A3 C#4 E3 A2 G4 E2,2,M
396.0,B-6 A5 E2 C#5 G5 A4 A3 C#4 E3 A2 B-5 G4,2,M
396.125,B-6 A5 C#5 G5 A4 E3 C#4 A2 B-5 A3 G4 E2,2,M
396.25,B-6 E3 A2 B-5 A3 G4,2,M
396.333333333,B6 A2 B5 A3 G4,2,M
396.375,B6 A2 B5 A3 G4,2,M
396.5,B6 A5 C#5 G5 A4 C#4 E3 A2 B5 G4 A3 E2,2,M
396.625,B6 A5 C#5 G5 A4 C#4 E3 A2 B5 G4 A3 E2,2,M
396.666666667,C#7 C#6 A5 C#5 G5 A4 E3 C#4 A2 G4 A3 E2,2,M
396.75,C#7 E3 A2 C#6 A3 G4,2,M
396.875,C#7 E3 A2 C#6 A3 G4,2,M
397.0,D7 D6 F#5 A4 D5 D3 A3 F#4 D4 D2,2,M
397.25,D7 D6 D5 D4 F#5 A4 D3 A3 F#4 D2,2,M
397.5,D6 D5 D4 D3,2,M
397.75,D6 D5 D4 D3,2,M
398.0,D6 D5 D4 B3 G3,2,M
398.25,D6 D5 D4,2,M
398.5,D6 D5 D4 B3 G3,2,M
398.75,D6 D5 D4,2,M
399.0,D6 D5 D4 A3 F#3,2,M
399.25,D6 D5 D4 A3 F#3,2,M
399.5,D6 D5 D4,2,M
399.75,D6 D5 D4,2,M
400.0,D6 D5 D4 G3 E3,2,M
400.25,D6 D5 D4,2,M
400.5,D6 D5 D4 G3 E3,2,M
400.75,D6 D5 D4,2,M
401.0,D6 D5 D4 F#3 D3,2,M
401.25,D6 D5 D4 F#3 D3,2,M
401.5,D6 D5 D4,2,M
401.75,D6 D5 D4,2,M
402.0,D6 D5 D4 E3 C#3,2,M
402.25,D6 D5 D4,2,M
402.5,D6 D5 D4 E3 C#3,2,M
402.75,D6 D5 D4,2,M
403.0,D6 D5 D4 F#3 A3 C3,2,M
403.25,D6 D5 D4 F#3 A3 C3,9,M
403.5,D6 D5 D4,9,M
403.75,D6 D5 D4,9,M
403.875,D5 D6,9,M
404.0,E-5 E-4 E-6 F#3 A3 B2,9,M
404.25,E6 E-6 E-5 E-4,9,M
404.375,E-6 E6 E-5 E-4,9,M
404.5,E-6 E-5 E-4 F#3 A3 B2,9,M
404.625,C#6 E-6 E-5 E-4 F#3 A3 B2,9,M
404.75,C#6 E-5 E-4 E-6,9,M
404.875,E-5 E-6,9,M
405.0,E6 E5 E4 G#3 E3,9,M
405.25,E6 E5 E4 G#3 E3,9,M
405.5,E6 E5 E4,9,M
405.75,E6 E5 E4,9,M
406.0,E6 E5 E4 C#4 A3,9,M
406.25,E6 E5 E4,9,M
406.5,E6 E5 E4 C#4 A3,9,M
406.75,E6 E5 E4,9,M
407.0,E6 E5 E4 B3 G#3,9,M
407.25,E6 E5 E4 B3 G#3,9,M
407.5,E6 E5 E4,9,M
407.75,E6 E5 E4,9,M
408.0,E6 E5 E4 A3 F#3,9,M
408.25,E6 E5 E4,11,M
408.5,E6 E5 E4 A3 F#3,11,M
408.75,E6 E5 E4,11,M
409.0,E6 E5 E4 G#3 E3,11,M
409.25,E6 E5 E4 G#3 E3,11,M
409.5,E6 E5 E4,11,M
409.75,E6 E5 E4,11,M
410.0,E6 E5 E4 F#3 E-3,11,M
410.25,E6 E5 E4,11,M
410.5,E6 E5 E4 F#3 E-3,11,M
410.75,E6 E5 E4,11,M
411.0,E6 E5 E4 G#3 B3 D3,11,M
411.25,E6 E5 E4 G#3 B3 D3,11,M
411.5,E6 E5 E4,11,M
411.75,E6 E5 E4,11,M
411.875,E5 E6,11,M
412.0,F5 F4 F6 G#3 B3 C#3,11,M
412.25,F#6 F6 F5 F4,11,M
412.375,F6 F#6 F5 F4,11,M
412.5,F6 F5 F4 G#3 B3 C#3,11,M
412.625,E-6 F6 F5 F4 G#3 B3 C#3,11,M
412.75,E-6 F5 F4 F6,11,M
412.875,F5 F6,11,M
413.0,F#6 F#5 F#4 B-3 F#3,11,M
413.25,F#6 F#5 F#4 B-3 F#3,11,M
413.5,F#6 F#5 F#4,11,M
413.75,F#6 F#5 F#4,11,M
414.0,F#6 F#5 F#4 E-4 B3,11,M
414.25,F#6 F#5 F#4,11,M
414.5,F#6 F#5 F#4 E-4 B3,11,M
414.75,F#6 F#5 F#4,11,M
415.0,F#6 F#5 F#4 C#4 B-3,11,M
415.25,F#6 F#5 F#4 C#4 B-3,11,M
415.5,F#6 F#5 F#4,11,M
415.75,F#6 F#5 F#4,11,M
416.0,F#6 F#5 F#4 B3 G#3,11,M
416.25,F#6 F#5 F#4,11,M
416.5,F#6 F#5 F#4 B3 G#3,11,M
416.75,F#5 F#6,11,M
417.0,G6 G5 G4 B3 G3,11,M
417.25,G6 G5 G4 B3 G3,11,M
417.5,G6 G5 G4,11,M
417.75,G6 G5 G4,11,M
418.0,G6 G5 G4 E-4 C4,11,M
418.25,G6 G5 G4,0,m
418.5,G6 G5 G4 E-4 C4,0,m
418.75,G6 G5 G4,0,m
419.0,G6 G5 G4 D4 B3,0,m
419.25,G6 G5 G4 D4 B3,0,m
419.5,G6 G5 G4,0,m
419.75,G6 G5 G4,0,m
420.0,G6 G5 G4 C#4 B-3,0,m
420.25,G6 G5 G4,0,m
420.5,G6 G5 G4 C#4 B-3,0,m
420.75,G5 G6,0,m
421.0,G#6 G#5 G#4 C4 G#3,0,m
421.25,G#6 G#5 G#4 C4 G#3,0,m
421.5,G#6 G#5 G#4,0,m
421.75,G#6 G#5 G#4,0,m
422.0,G#6 G#5 G#4 C4 E-4 F#3,0,m
422.25,G#6 G#5 G#4,5,M
422.5,G#6 G#5 G#4 C4 E-4 F#3,5,M
422.75,G#5 G#6,5,M
423.0,A6 A5 A4 C4 E-4 F3,5,M
423.25,A6 A5 A4 C4 E-4 F3,5,M
423.5,A6 A5 A4,5,M
423.75,A6 A5 A4,5,M
424.0,A6 A5 A4 E-4 C4,5,M
424.25,A6 A5 A4,5,M
424.5,A6 A5 A4 E-4 C4,5,M
424.75,A5 A6,5,M
425.0,B-6 B-5 B-4 D4 B-3,5,M
425.25,B-6 B-5 B-4 D4 B-3,0,M
425.5,B-6 B-5 B-4,0,M
425.75,B-6 B-5 B-4,0,M
426.0,B-6 B-5 B-4 D4 F4 G#3,0,M
426.25,B-6 B-5 B-4,0,M
426.5,B-6 B-5 B-4 D4 F4 G#3,0,M
426.75,B-5 B-6,0,M
427.0,B6 B5 B4 D4 F4 G3,0,M
427.25,B6 B5 B4 D4 F4 G3,0,M
427.5,B6 B5 B4,0,M
427.75,B6 B5 B4,0,M
428.0,B6 B5 B4 F4 D4,0,M
428.25,B6 B5 B4,0,M
428.5,B6 B5 B4 F4 D4,0,M
428.75,B5 B6,0,M
429.0,E6 G6 G5 C4 G4 A2 C6 C7 E4 C5 C3 C2,0,M
429.125,C7 E6 G6 G5 C6 C5 C4 E4 G4 C3 A2 C2,0,M
429.25,C7 E6 G6 G5 C6 C5 C4 E4 G4 C3 A2 C2,0,M
429.375,C7 E6 G6 G5 C6 C2 C5 C4 E4 G4 C3 A2,0,M
429.5,C7 E6 G6 G5 C6 C2 C5 C4 E4 G4 C3 A2,0,M
429.625,C7 E6 G6 G5 C6 C5 C4 E4 G4 C3 A2 C2,0,M
429.75,C7 E6 G6 G5 C6 C5 C4 E4 G4 C3 A2 C2,0,M
429.875,C7 E6 G6 G5 C6 C2 G4 C5 C4 E4 C3 A2,0,M
430.0,C7 E6 G6 G5 C6 C2 C5 C4 E4 G4 C3 A2,0,M
430.125,C7 E6 G6 G5 C6 C5 C4 E4 G4 C3 A2 C2,0,M
430.25,C7 E6 G6 G5 C6 C5 C4 E4 G4 C3 A2 C2,0,M
430.375,C7 E6 G6 G5 C6 C2 C5 C4 E4 G4 C3 A2,0,M
430.5,C7 E6 G6 G5 C6 C2 C5 C4 E4 G4 C3 A2,0,M
430.625,C7 E6 G6 G5 C6 C5 C4 E4 G4 C3 A2 C2,0,M
430.75,C7 E6 G6 G5 C6 C5 C4 E4 G4 C3 A2 C2,0,M
430.875,C7 E6 G6 G5 C6 C2 C5 C4 E4 G4 C3 A2,0,M
431.0,C7 E6 G6 G5 C6 C2 C5 C4 E4 G4 C3 A2,0,M
431.125,C7 E6 G6 G5 C6 C5 C4 E4 G4 C3 A2 C2,0,M
431.25,C7 E6 G6 G5 C6 C5 C4 E4 G4 C3 A2 C2,0,M
431.375,C7 E6 G6 G5 C6 C2 C5 C4 E4 G4 C3 A2,0,M
431.5,C7 E6 G6 G5 C6 C2 C5 C4 E4 G4 C3 A2,0,M
431.625,C7 E6 G6 G5 C6 C5 C4 E4 G4 C3 A2 C2,0,M
431.75,C7 E6 G6 G5 C6 C5 C4 E4 G4 C3 A2 C2,0,M
431.875,C7 E6 G6 G5 C6 C2 C5 C4 E4 G4 C3 A2,0,M
432.0,C7 E6 G6 G5 C6 C2 C5 C4 E4 G4 C3 A2,0,M
432.125,C7 E6 G6 G5 C6 C5 C4 E4 G4 C3 A2 C2,0,M
432.25,C7 E6 G6 G5 C6 C5 C4 E4 G4 C3 A2 C2,0,M
432.375,C7 E6 G6 G5 C6 C2 C5 C4 E4 G4 C3 A2,0,M
432.5,C7 E6 G6 G5 C6 C2 C5 C4 E4 G4 C3 A2,0,M
432.625,C7 E6 G6 G5 C6 C5 C4 E4 G4 C3 A2 C2,0,M
432.75,C7 E6 G6 G5 C6 C5 C4 E4 G4 C3 A2 C2,0,M
432.875,C7 E6 G6 G5 C6 C2 C5 C4 E4 G4 C3 A2,0,M
433.0,C7 E6 G6 G5 C6 C2 C5 C4 E4 G4 C3,0,M
433.125,C7 E6 G6 G5 C6 C5 C4 E4 G4 C3 A2 C2,0,M
433.25,C7 E6 G6 G5 C6 C5 C4 E4 G4 C3 A2 C2,0,M
433.375,C7 E6 G6 G5 C6 C2 C5 C4 E4 G4 C3 A2,0,M
433.5,C7 E6 G6 G5 C6 C2 C5 C4 E4 G4 C3 A2,0,M
433.625,C7 E6 G6 G5 C6 C5 C4 E4 G4 C3 A2 C2,0,M
433.75,C7 E6 G6 G5 C6 C5 C4 E4 G4 C3 A2 C2,0,M
433.875,C7 E6 G6 G5 C6 C2 C5 C4 E4 G4 C3 A2,0,M
434.0,C7 E6 G6 G5 C6 C2 C5 C4 E4 G4 C3 A2,0,M
434.125,C7 E6 G6 G5 C6 C5 C4 E4 G4 C3 A2 C2,0,M
434.25,C7 E6 G6 G5 C6 C5 C4 E4 G4 C3 A2 C2,0,M
434.375,C7 E6 G6 G5 C6 C2 C5 C4 E4 G4 C3 A2,0,M
434.5,C7 E6 G6 G5 C6 C2 C5 C4 E4 G4 C3 A2,0,M
434.625,C7 E6 G6 G5 C6 C5 C4 E4 G4 C3 A2 C2,0,M
434.75,C7 E6 G6 G5 C6 C5 C4 E4 G4 C3 A2 C2,0,M
434.875,C7 E6 G6 G5 C6 C2 C5 C4 E4 G4 C3 A2,0,M
435.0,C7 E6 G6 G5 C6 C2 C5 C4 E4 G4 C3 A2,0,M
435.125,C7 E6 G6 G5 C6 C5 C4 E4 G4 C3 A2 C2,?,?
435.25,C7 E6 G6 G5 C6 C5 C4 E4 G4 C3 A2 C2,?,?
435.375,C7 E6 G6 G5 C6 C2 C5 C4 E4 G4 C3 A2,?,?
435.5,C7 E6 G6 G5 C6 C2 C5 C4 E4 G4 C3 A2,?,?
435.625,C7 E6 G6 G5 C6 C5 C4 E4 G4 C3 A2 C2,?,?
435.75,C7 E6 G6 G5 C6 C5 C4 E4 G4 C3 A2 C2,?,?
435.875,C7 E6 G6 G5 C6 C2 C5 C4 E4 G4 C3 A2,?,?
436.0,C7 E6 G6 G5 C6 C2 C5 C4 E4 G4 C3 A2,?,?
436.125,C7 E6 G6 G5 C6 C5 C4 E4 G4 C3 A2 C2,?,?
436.25,C7 E6 G6 G5 C6 C5 C4 E4 G4 C3 A2 C2,?,?
436.375,C7 E6 G6 G5 C6 C2 C5 C4 E4 G4 C3 A2,?,?
436.5,C7 E6 G6 G5 C6 C2 C5 C4 E4 G4 C3 A2,?,?
436.625,C7 E6 G6 G5 C6 C4 E4 C5 G4 A2 C3 C2,?,?
436.75,C7 E6 G6 G5 C6 C4 E4 C5 A2 C3 C2,?,?
436.875,C7 E6 G6 G5 C6 C2 C4 E4 C5 C3,?,?
437.0,C7 E6 G6 G5 C6 C2 C4 E4 C5 C3 A2,?,?
437.5,C4 C3 A2,?,?
438.0,C4 C3,?,?
439.0,C4 C3,?,?
441.0,C4 C3,0,M
442.5,D4 D3,2,m
443.0,D4 D3,2,m
445.0,E4 E3,2,m
446.0,F4 F3,2,m
447.0,G4 G3,2,m
448.0,G#4 G#3,9,M
449.0,E6 C#6 E5 A2 A4 A3 A5 A6 E4 C#5 E3 C#4 A1,9,M
449.125,E6 A6 C#6 E5 C#4 A2 C#5 E4 A5 A4 A3 E3 A1,9,M
449.25,E6 A6 C#6 E5 C#4 A2 C#5 E4 A5 A4 A3 E3 A1,9,M
449.375,E6 A6 C#6 E5 C#4 A2 C#5 E4 A5 A4 A3 E3 A1,9,M
449.5,E6 A6 C#6 E5 C#4 A2 C#5 E4 A5 A4 A3 E3 A1,9,M
449.625,E6 A6 C#6 E5 C#4 A2 C#5 E4 A5 A4 A3 E3 A1,9,M
449.75,E6 A6 C#6 E5 C#4 A2 C#5 E4 A5 A4 A3 E3 A1,9,M
449.875,E6 A6 C#6 E5 C#4 A2 C#5 E4 A5 A4 A3 E3 A1,9,M
450.0,E6 A6 C#6 E5 C#4 A2 C#5 E4 A5 A4 A3 E3 A1,9,M
450.125,E6 A6 C#6 E5 C#4 A2 C#5 E4 A5 A4 A3 E3 A1,9,M
450.25,E6 A6 C#6 E5 C#4 A2 C#5 E4 A5 A4 A3 E3 A1,9,M
450.375,E6 A6 C#6 E5 C#4 A2 C#5 E4 A5 A4 A3 E3 A1,9,M
450.5,E6 A6 C#6 E5 C#4 A2 C#5 E4 A5 A4 A3 E3 A1,9,M
450.625,E6 A6 C#6 E5 C#4 A2 C#5 E4 A5 A4 A3 E3 A1,9,M
450.75,E6 A6 C#6 E5 C#4 A2 C#5 E4 A5 A4 A3 E3 A1,9,M
450.875,E6 A6 C#6 E5 C#4 A2 C#5 E4 A5 A4 A3 E3 A1,9,M
451.0,E6 A6 C#6 E5 C#4 A2 C#5 E4 A5 A4 A3 E3 A1,9,M
451.125,E6 A6 C#6 E5 C#4 A2 C#5 E4 A5 A4 A3 E3 A1,9,M
451.25,E6 A6 C#6 E5 C#4 A2 C#5 E4 A5 A4 A3 E3 A1,9,M
451.375,E6 A6 C#6 E5 C#4 A2 C#5 E4 A5 A4 A3 E3 A1,9,M
451.5,E6 A6 C#6 E5 C#4 A2 C#5 E4 A5 A4 A3 E3 A1,9,M
451.625,E6 A6 C#6 E5 C#4 A2 C#5 E4 A5 A4 A3 E3 A1,9,M
451.75,E6 A6 C#6 E5 C#4 A2 C#5 E4 A5 A4 A3 E3 A1,9,M
451.875,E6 A6 C#6 E5 C#4 A2 C#5 E4 A5 A4 A3 E3 A1,9,M
452.0,E6 A6 C#6 E5 C#4 A2 C#5 E4 A5 A4 A3 E3 A1,9,M
452.125,E6 A6 C#6 E5 C#4 A2 C#5 E4 A5 A4 A3 E3 A1,9,M
452.25,E6 A6 C#6 E5 C#4 A2 C#5 E4 A5 A4 A3 E3 A1,9,M
452.375,E6 A6 C#6 E5 C#4 A2 C#5 E4 A5 A4 A3 E3 A1,9,M
452.5,E6 A6 C#6 E5 C#4 A2 C#5 E4 A5 A4 A3 E3 A1,9,M
452.625,E6 A6 C#6 E5 C#4 A2 C#5 E4 A5 A4 A3 E3 A1,9,M
452.75,E6 A6 C#6 E5 C#4 A2 C#5 E4 A5 A4 A3 E3 A1,9,M
452.875,E6 A6 C#6 E5 C#4 A2 C#5 E4 A5 A4 A3 E3 A1,9,M
453.0,E6 A6 C#6 E5 C#4 A2 C#5 E4 A5 A4 A3 E3 A1,9,M
453.125,E6 A6 C#6 E5 C#4 A2 C#5 E4 A5 A4 A3 E3 A1,9,M
453.25,E6 A6 C#6 E5 C#4 A2 C#5 E4 A5 A4 A3 E3 A1,9,M
453.375,E6 A6 C#6 E5 C#4 A2 C#5 E4 A5 A4 A3 E3 A1,9,M
453.5,E6 A6 C#6 E5 C#4 A2 C#5 E4 A5 A4 A3 E3 A1,9,M
453.625,E6 A6 C#6 E5 C#4 A2 C#5 E4 A5 A4 A3 E3 A1,9,M
453.75,E6 A6 C#6 E5 C#4 A2 C#5 E4 A5 A4 A3 E3 A1,9,M
453.875,E6 A6 C#6 E5 C#4 A2 C#5 E4 A5 A4 A3 E3 A1,9,M
454.0,E6 A6 C#6 E5 C#4 A2 C#5 E4 A5 A4 A3 E3 A1,9,M
454.125,E6 A6 C#6 E5 C#4 A2 C#5 E4 A5 A4 A3 E3 A1,9,M
454.25,E6 A6 C#6 E5 C#4 A2 C#5 E4 A5 A4 A3 E3 A1,9,M
454.375,E6 A6 C#6 E5 C#4 A2 C#5 E4 A5 A4 A3 E3 A1,9,M
454.5,E6 A6 C#6 E5 C#4 A2 C#5 E4 A5 A4 A3 E3 A1,9,M
454.625,E6 A6 C#6 E5 C#4 A2 C#5 E4 A5 A4 A3 E3 A1,9,M
454.75,E6 A6 C#6 E5 C#4 A2 C#5 E4 A5 A4 A3 E3 A1,9,M
454.875,E6 A6 C#6 E5 C#4 A2 C#5 E4 A5 A4 A3 E3 A1,9,M
455.0,E6 A6 C#6 E5 C#4 A2 C#5 E4 A5 A4 A3 E3 A1,9,M
455.125,E6 A6 C#6 E5 C#4 A2 C#5 E4 A5 A4 A3 E3 A1,9,M
455.25,E6 A6 C#6 E5 C#4 A2 C#5 E4 A5 A4 A3 E3 A1,9,M
455.375,E6 A6 C#6 E5 C#4 A2 C#5 E4 A5 A4 A3 E3 A1,9,M
455.5,E6 A6 C#6 E5 C#4 A2 C#5 E4 A5 A4 A3 E3 A1,9,M
455.625,E6 A6 C#6 E5 C#4 A2 C#5 E4 A5 A4 A3 E3 A1,9,M
455.75,E6 A6 C#6 E5 C#4 A2 C#5 E4 A5 A4 A3 E3 A1,9,M
455.875,E6 A6 C#6 E5 C#4 A2 C#5 E4 A5 A4 A3 E3 A1,9,M
456.0,E6 A6 C#6 E5 C#4 A2 C#5 E4 A5 A4 A3 E3 A1,9,M
456.125,E6 A6 C#6 E5 C#4 A2 C#5 E4 A5 A4 A3 E3 A1,9,M
456.25,E6 A6 C#6 E5 C#4 A2 C#5 E4 A5 A4 A3 E3 A1,9,M
456.375,E6 A6 C#6 E5 C#4 A2 C#5 E4 A5 A4 A3 E3 A1,9,M
456.5,E6 A6 C#6 E5 C#4 A2 C#5 E4 A5 A4 A3 E3 A1,9,M
456.625,E6 A6 C#6 E5 C#4 A2 C#5 E4 A5 A4 A3 E3 A1,9,M
456.75,E6 A6 C#6 E5 C#4 A2 C#5 E4 A5 A4 A3 E3 A1,9,M
456.875,E6 A6 C#6 E5 C#4 A2 C#5 E4 A4 A5 A3 E3 A1,9,M
457.0,E6 A6 C#6 E5 C#4 A2 C#5 E4 A4 A5 A3 E3 A1,9,M
457.5,A4 A2,9,M
458.0,A4,9,M
459.0,A4 A3,9,M
461.0,A4 A3,9,M
462.5,B4 B3,11,m
463.0,B4 B3,11,m
465.0,C#5 C#4,11,m
466.0,D5 D4,11,m
467.0,E5 E4,11,m
468.0,F5 F4,11,m
469.0,F#7 C#6 C#5 B-5 F#3 F#4 F#2 A2 F#5 F#6 C#4 B-4 C#3 B-3 F#1,11,m
469.125,F#7 C#6 F#6 C#5 B-5 C#4 B-4 F#5 F#3 B-3 F#4 F#2 A2 C#3 F#1,11,m
469.25,F#7 C#6 F#6 C#5 B-5 C#4 B-4 F#5 F#3 B-3 F#4 F#2 A2 C#3 F#1,11,m
469.375,F#7 C#6 F#6 C#5 B-5 C#4 B-4 F#5 F#3 B-3 F#4 F#2 A2 C#3,11,m
469.5,F#7 C#6 F#6 C#5 B-5 C#4 B-4 F#5 F#3 B-3 F#4 F#2 A2 C#3 F#1,11,m
469.625,F#7 C#6 F#6 C#5 B-5 C#4 B-4 F#5 F#3 B-3 F#4 F#2 A2 C#3 F#1,11,m
469.75,F#7 C#6 F#6 C#5 B-5 C#4 B-4 F#5 F#3 B-3 F#4 F#2 A2 C#3 F#1,11,m
469.875,F#7 C#6 F#6 C#5 B-5 C#4 B-4 F#5 F#3 B-3 F#4 F#2 A2 C#3,11,m
470.0,F#7 C#6 F#6 C#5 B-5 C#4 B-4 F#5 F#3 B-3 F#4 F#2 A2 C#3 F#1,11,m
470.125,F#7 C#6 F#6 C#5 B-5 C#4 B-4 F#5 F#3 B-3 F#4 F#2 A2 C#3 F#1,?,?
470.25,F#7 C#6 F#6 C#5 B-5 C#4 B-4 F#5 F#3 B-3 F#4 F#2 A2 C#3 F#1,?,?
470.375,F#7 C#6 F#6 C#5 B-5 C#4 B-4 F#5 F#3 B-3 F#4 F#2 A2 C#3,?,?
470.5,F#7 C#6 F#6 C#5 B-5 C#4 B-4 F#5 F#3 B-3 F#4 F#2 A2 C#3 F#1,?,?
470.625,F#7 C#6 F#6 C#5 B-5 C#4 B-4 F#5 F#3 B-3 F#4 F#2 A2 C#3 F#1,?,?
470.75,F#7 C#6 F#6 C#5 B-5 C#4 B-4 F#5 F#3 B-3 F#4 F#2 A2 C#3 F#1,?,?
470.875,F#7 C#6 F#6 C#5 B-5 C#4 B-4 F#5 F#3 B-3 F#4 F#2 A2 C#3,?,?
471.0,F#7 C#6 F#6 C#5 B-5 C#4 B-4 F#5 F#3 B-3 F#4 F#2 A2 C#3 F#1,?,?
471.125,F#7 C#6 F#6 C#5 B-5 C#4 B-4 F#5 F#3 B-3 F#4 F#2 A2 C#3 F#1,?,?
471.25,F#7 C#6 F#6 C#5 B-5 C#4 B-4 F#5 F#3 B-3 F#4 F#2 A2 C#3 F#1,?,?
471.375,F#7 C#6 F#6 C#5 B-5 C#4 B-4 F#5 F#3 B-3 F#4 F#2 A2 C#3,?,?
471.5,F#7 C#6 F#6 C#5 B-5 C#4 B-4 F#5 F#3 B-3 F#4 F#2 A2 C#3 F#1,?,?
471.625,F#7 C#6 F#6 C#5 B-5 C#4 B-4 F#5 F#3 B-3 F#4 F#2 A2 C#3 F#1,?,?
471.75,F#7 C#6 F#6 C#5 B-5 C#4 B-4 F#5 F#3 B-3 F#4 F#2 A2 C#3 F#1,?,?
471.875,F#7 C#6 F#6 C#5 B-5 C#4 B-4 F#5 F#3 B-3 F#4 F#2 A2 C#3,?,?
472.0,F#7 C#6 F#6 C#5 B-5 C#4 B-4 F#5 F#3 B-3 F#4 F#2 A2 C#3 F#1,?,?
472.125,F#7 C#6 F#6 C#5 B-5 C#4 B-4 F#5 F#3 B-3 F#4 F#2 A2 C#3 F#1,?,?
472.25,F#7 C#6 F#6 C#5 B-5 C#4 B-4 F#5 F#3 B-3 F#4 F#2 A2 C#3 F#1,?,?
472.375,F#7 C#6 F#6 C#5 B-5 C#4 B-4 F#5 F#3 B-3 F#4 F#2 A2 C#3,?,?
472.5,F#7 C#6 F#6 C#5 B-5 C#4 B-4 F#5 F#3 B-3 F#4 F#2 A2 C#3 F#1,?,?
472.625,F#7 C#6 F#6 C#5 B-5 C#4 B-4 F#5 F#3 B-3 F#4 F#2 A2 C#3 F#1,?,?
472.75,F#7 C#6 F#6 C#5 B-5 C#4 B-4 F#5 F#3 B-3 F#4 F#2 A2 C#3 F#1,?,?
472.875,F#7 C#6 F#6 C#5 B-5 C#4 B-4 F#5 F#3 B-3 F#4 F#2 A2 C#3,?,?
473.0,F#7 C#6 F#6 C#5 B-5 C#4 B-4 F#5 F#3 B-3 F#4 F#2 C#3 F#1,?,?
473.125,F#7 C#6 F#6 C#5 B-5 C#4 B-4 F#5 F#3 B-3 F#4 F#2 A2 C#3 F#1,?,?
473.25,F#7 C#6 F#6 C#5 B-5 C#4 B-4 F#5 F#3 B-3 F#4 F#2 A2 C#3 F#1,?,?
473.375,F#7 C#6 F#6 C#5 B-5 C#4 B-4 F#5 F#3 B-3 F#4 F#2 A2 C#3,?,?
473.5,F#7 C#6 F#6 C#5 B-5 C#4 B-4 F#5 F#3 B-3 F#4 F#2 A2 C#3 F#1,?,?
473.625,F#7 C#6 F#6 C#5 B-5 C#4 B-4 F#5 F#3 B-3 F#4 F#2 A2 C#3 F#1,?,?
473.75,F#7 C#6 F#6 C#5 B-5 C#4 B-4 F#5 F#3 B-3 F#4 F#2 A2 C#3 F#1,?,?
473.875,F#7 C#6 F#6 C#5 B-5 C#4 B-4 F#5 F#3 B-3 F#4 F#2 A2 C#3,?,?
474.0,F#7 C#6 F#6 C#5 B-5 C#4 B-4 F#5 F#3 B-3 F#4 F#2 A2 C#3 F#1,?,?
474.125,F#7 C#6 F#6 C#5 B-5 C#4 B-4 F#5 F#3 B-3 F#4 F#2 A2 C#3 F#1,?,?
474.25,F#7 C#6 F#6 C#5 B-5 C#4 B-4 F#5 F#3 B-3 F#4 F#2 A2 C#3 F#1,?,?
474.375,F#7 C#6 F#6 C#5 B-5 C#4 B-4 F#5 F#3 B-3 F#4 F#2 A2 C#3,?,?
474.5,F#7 C#6 F#6 C#5 B-5 C#4 B-4 F#5 F#3 B-3 F#4 F#2 A2 C#3 F#1,?,?
474.625,F#7 C#6 F#6 C#5 B-5 C#4 B-4 F#5 F#3 B-3 F#4 F#2 A2 C#3 F#1,?,?
474.75,F#7 C#6 F#6 C#5 B-5 C#4 B-4 F#5 F#3 B-3 F#4 F#2 A2 C#3 F#1,?,?
474.875,F#7 C#6 F#6 C#5 B-5 C#4 B-4 F#5 F#3 B-3 F#4 F#2 A2 C#3,?,?
475.0,F#7 C#6 F#6 C#5 B-5 C#4 B-4 F#5 F#3 B-3 F#4 F#2 A2 C#3 F#1,?,?
475.125,F#7 C#6 F#6 C#5 B-5 C#4 B-4 F#5 F#3 B-3 F#4 F#2 A2 C#3 F#1,?,?
475.25,F#7 C#6 F#6 C#5 B-5 C#4 B-4 F#5 F#3 B-3 F#4 F#2 A2 C#3 F#1,?,?
475.375,F#7 C#6 F#6 C#5 B-5 C#4 B-4 F#5 F#3 B-3 F#4 F#2 A2 C#3,?,?
475.5,F#7 C#6 F#6 C#5 B-5 C#4 B-4 F#5 F#3 B-3 F#4 F#2 A2 C#3 F#1,?,?
475.625,F#7 C#6 F#6 C#5 B-5 C#4 B-4 F#5 F#3 B-3 F#4 F#2 A2 C#3 F#1,?,?
475.75,F#7 C#6 F#6 C#5 B-5 C#4 B-4 F#5 F#3 B-3 F#4 F#2 A2 C#3 F#1,?,?
475.875,F#7 C#6 F#6 C#5 B-5 C#4 B-4 F#5 F#3 B-3 F#4 F#2 A2 C#3,?,?
476.0,F#7 C#6 F#6 C#5 B-5 C#4 B-4 F#5 F#3 B-3 F#4 F#2 A2 C#3 F#1,?,?
476.125,F#7 C#6 F#6 C#5 B-5 C#4 B-4 F#5 F#3 B-3 F#4 F#2 A2 C#3 F#1,?,?
476.25,F#7 C#6 F#6 C#5 B-5 C#4 B-4 F#5 F#3 B-3 F#4 F#2 A2 C#3 F#1,?,?
476.375,F#7 C#6 F#6 C#5 B-5 C#4 B-4 F#5 F#3 B-3 F#4 F#2 A2 C#3,?,?
476.5,F#7 C#6 F#6 C#5 B-5 C#4 B-4 F#5 F#3 B-3 F#4 F#2 A2 C#3 F#1,?,?
476.625,A2 F#5 F#6 C#4 B-4 C#3 B-3 F#1,?,?
476.75,A2 F#5 F#6 C#4 B-4 C#3 B-3 F#1,?,?
476.875,A2 F#5 F#6 C#4 B-4 C#3 B-3,?,?
477.0,E-7 B5 F#3 E-5 B3 F#4 D3 A2 F#6 F#5 E-6 E-4 B4 F#2 F#1,?,?
477.125,E-7 E-6 F#6 B5 F#3 B4 E-5 F#5 B3 E-4 F#4 F#2 D3 F#1,?,?
477.25,E-7 E-6 F#6 B5 F#3 B4 E-5 F#5 B3 E-4 F#4 F#2 D3 F#1,?,?
477.375,E-7 E-6 F#6 B5 F#3 B4 E-5 F#5 B3 E-4 F#4 F#2 D3 F#1,?,?
477.5,E-7 E-6 F#6 B5 F#3 B4 E-5 F#5 B3 E-4 F#4 F#2 D3 F#1,?,?
477.625,E-7 E-6 F#6 B5 F#3 B4 E-5 F#5 B3 E-4 F#4 D3 F#2 F#1,?,?
477.75,E-7 E-6 F#6 B5 F#3 B4 E-5 F#5 B3 E-4 F#4 F#2 D3,?,?
477.875,E-7 E-6 F#6 B5 F#3 B4 E-5 F#5 B3 E-4 F#4 F#2 D3,?,?
478.0,E-7 E-6 F#6 B5 F#3 B4 E-5 F#5 B3 E-4 F#4 F#2 D3 B2 B1,?,?
478.125,E-7 E-6 F#6 B5 B2 F#3 B4 E-5 F#5 B3 E-4 F#4 F#2 D3 B1,?,?
478.25,E-7 E-6 F#6 B5 B2 F#3 B4 E-5 F#5 B3 E-4 F#4 F#2 D3 B1,?,?
478.375,E-7 E-6 F#6 B5 B2 F#3 B4 E-5 F#5 B3 E-4 F#4 F#2 D3 B1,?,?
478.5,E-7 E-6 F#6 B5 B2 F#3 B4 E-5 F#5 B3 E-4 F#4 F#2 D3 B1,?,?
478.625,E-7 E-6 F#6 B5 F#3 B4 E-5 F#5 B3 E-4 F#4 F#2 D3 B2 B1,?,?
478.75,E-7 E-6 F#6 B5 F#3 B4 E-5 F#5 B3 E-4 F#4 F#2 D3 B2,?,?
478.875,E-7 E-6 F#6 B5 F#3 B4 E-5 F#5 B3 E-4 F#4 F#2 D3 B2,?,?
479.0,E-7 E-6 F#6 B5 F#3 B4 E-5 F#5 B3 E-4 F#4 F#2 D3 E-3 E-2,?,?
479.125,E-7 E-6 F#6 B5 E-3 F#3 B4 E-5 F#5 B3 E-4 F#4 F#2 D3 E-2,?,?
479.25,E-7 E-6 F#6 B5 E-3 F#3 B4 E-5 F#5 B3 E-4 F#4 F#2 D3 E-2,?,?
479.375,E-7 E-6 F#6 B5 E-3 F#3 B4 E-5 F#5 B3 E-4 F#4 F#2 D3 E-2,?,?
479.5,E-7 E-6 F#6 B5 E-3 F#3 B4 E-5 F#5 B3 E-4 F#4 F#2 D3 E-2,?,?
479.625,E-7 E-6 F#6 B5 F#3 B4 E-5 F#5 B3 E-4 F#4 F#2 D3 E-3 E-2,?,?
479.75,E-7 E-6 F#6 B5 F#3 B4 E-5 F#5 B3 E-4 F#4 F#2 D3 E-3,?,?
479.875,E-7 E-6 F#6 B5 F#3 B4 E-5 F#5 B3 E-4 F#4 F#2 D3 E-3,?,?
480.0,E-7 E-6 F#6 B5 B4 E-5 F#5 B3 E-4 F#4 F#2 D3 F#3,?,?
480.125,E-7 E-6 F#6 B5 F#3 B4 E-5 F#5 B3 E-4 F#4 D3 F#2,?,?
480.25,E-7 E-6 F#6 B5 F#3 B4 E-5 F#5 B3 E-4 F#4 D3 F#2,?,?
480.375,E-7 E-6 F#6 B5 F#3 B4 E-5 F#5 B3 E-4 F#4 D3 F#2,?,?
480.5,E-7 E-6 F#6 B5 F#3 B4 E-5 F#5 B3 E-4 F#4 F#2 D3,?,?
480.625,D3 F#6 F#5 E-6 E-4 B4 F#3 F#2,?,?
480.75,D3 F#6 F#5 E-6 E-4 B4 F#3,?,?
480.875,D3 F#6 F#5 E-6 E-4 B4 F#3,?,?
481.0,B6 E-6 F#4 F#3 F#2 F#5 F#6 E-5 B5 E-4 B4 B3 B2,?,?
481.125,B6 E-6 F#6 B5 B4 E-5 F#4 F#5 F#3 B3 E-4 F#2 D3 B2,?,?
481.25,B6 E-6 F#6 B5 B4 E-5 F#4 F#5 F#3 B3 E-4 F#2 D3 B2,?,?
481.375,B6 E-6 F#6 B5 B4 E-5 F#4 F#5 F#3 B3 E-4 F#2 D3 B2,?,?
481.5,B6 E-6 F#6 B5 B4 E-5 F#4 F#5 F#3 B3 E-4 F#2 D3 B2,?,?
481.625,B6 E-6 F#6 B5 B4 E-5 F#4 F#5 F#3 E-4 F#2 D3 B3 B2,?,?
481.75,B6 E-6 F#6 B5 B4 E-5 F#4 F#5 F#3 B3 E-4 F#2 D3,?,?
481.875,B6 E-6 F#6 B5 B4 E-5 F#4 F#5 F#3 B3 E-4 F#2 D3,?,?
482.0,B6 E-6 F#6 B5 B4 E-5 F#4 F#5 F#3 B3 F#2 D3 E-4 E-3,?,?
482.125,B6 E-6 F#6 B5 B4 E-5 F#4 F#5 F#3 B3 E-4 F#2 D3 E-3,6,M
482.25,B6 E-6 F#6 B5 B4 E-5 F#4 F#5 F#3 B3 E-4 F#2 D3 E-3,6,M
482.375,B6 E-6 F#6 B5 B4 E-5 F#4 F#5 F#3 B3 E-4 F#2 D3 E-3,6,M
482.5,B6 E-6 F#6 B5 B4 E-5 F#4 F#5 F#3 B3 E-4 F#2 D3 E-3,6,M
482.625,B6 E-6 F#6 B5 B4 E-5 F#4 F#5 F#3 B3 F#2 D3 E-4 E-3,6,M
482.75,B6 E-6 F#6 B5 B4 E-5 F#4 F#5 F#3 B3 E-4 F#2 D3,6,M
482.875,B6 E-6 F#6 B5 B4 E-5 F#4 F#5 F#3 B3 E-4 F#2 D3,6,M
483.0,B6 E-6 F#6 B5 B4 E-5 F#5 F#3 B3 E-4 F#2 D3 F#4,6,M
483.125,B6 E-6 F#6 B5 B4 E-5 F#4 F#5 B3 E-4 F#2 D3 F#3,6,M
483.25,B6 E-6 F#6 B5 B4 E-5 F#4 F#5 B3 E-4 F#2 D3 F#3,6,M
483.375,B6 E-6 F#6 B5 B4 E-5 F#4 F#5 B3 E-4 F#2 D3 F#3,6,M
483.5,B6 E-6 F#6 B5 B4 E-5 F#4 F#5 B3 E-4 F#2 D3 F#3,6,M
483.625,B6 E-6 F#6 B5 B4 E-5 F#5 F#3 B3 E-4 F#2 D3 F#4,6,M
483.75,B6 E-6 F#6 B5 B4 E-5 F#4 F#5 F#3 B3 E-4 F#2 D3,6,M
483.875,B6 E-6 F#6 B5 B4 E-5 F#4 F#5 F#3 B3 E-4 F#2 D3,6,M
484.0,B6 E-6 F#6 B5 E-5 F#4 F#5 F#3 E-4 F#2 D3 B4 B3,6,M
484.125,B6 E-6 F#6 B5 B4 E-5 F#4 F#5 F#3 E-4 F#2 D3 B3,6,M
484.25,B6 E-6 F#6 B5 B4 E-5 F#4 F#5 F#3 E-4 F#2 D3 B3,6,M
484.375,B6 E-6 F#6 B5 B4 E-5 F#4 F#5 F#3 E-4 F#2 D3 B3,6,M
484.5,B6 E-6 F#6 B5 B4 E-5 F#4 F#5 F#3 E-4 F#2 D3 B3,6,M
484.625,D3 F#5 F#6 E-5 B5 E-4 B4 B3,6,M
484.75,D3 F#5 F#6 E-5 B5 E-4 B4,6,M
484.875,D3 F#5 F#6 E-5 B5 E-4 B4,6,M
485.0,B-6 C#6 B-5 C#4 F#3 B-4 C#5 F#4 F#2 A2 F#5 F#6 B-3 F#1,6,M
485.5,A2 B-3 F#3 C#4 F#4,6,M
486.0,B-3 F#4 F#3 C#4,6,M
490.0,B-3 F#4 F#3 C#4,6,M
491.0,B-3 F#4 F#3 C#4 G#4,6,M
492.5,B-3 F#4 F#3 C#4 A4,6,M
493.0,A3 C4 F#4 E-3 A4 E-2,6,M
494.0,F#4 C4 E-3 A3 A4 E-2,?,?
498.0,F#4 C4 E-3 A3 E-2,?,?
499.0,F#4 C4 E-3 A3 B3 E-2,9,M
500.0,F#4 C4 E-3 A3 E-2,9,M
500.75,C4,9,M
501.0,E4 C#4 A3 E3 E2,9,M
504.0,E4 C#4 A3 E3 C4 E2,9,M
504.25,E4 C#4 A3 E3 E2,9,M
504.5,E4 C#4 A3 E3 D4 E2,9,M
504.75,E4 C#4 A3 E3 E2,9,M
505.0,C#4 B-3 E3 F#4 E2,9,M
508.5,E3 C#4 B-3 F4 E2,9,M
509.0,E3 B3 D4 E4 E2,9,M
510.0,E3 D4 B3 E4 E2,9,M
511.0,E3 C#4 B-3 E4 E2,9,M
512.5,E2 E3 C4 A3 E4,9,M
513.0,B3 G#3 E4 E2,9,M
514.0,B3 G#3 E-4 E2,9,M
515.0,B3 G#3 D4 E2,9,M
516.5,B3 G#3 E2,9,M
516.75,B3,9,M
517.0,A4 C#4 E4 A3 A2,9,M
517.5,A4 C#4 E4 A3 A2,9,M
518.0,A3 C#4 E4 G#4,9,M
518.25,A4,9,M
518.5,A3 C#4 E4 B4,9,M
518.75,A4,9,M
519.0,F#5 B3 E4 G#3 G#2,9,M
519.5,F#5 B3 E4 G#3 G#2,9,M
520.0,G#3 B3 E4 F#5,9,M
520.25,F#5,9,M
520.5,G#3 B3 E4 E5,9,M
520.75,E5,9,M
521.0,D5 F#4 A3 F#3 F#2,9,M
521.5,D5 F#4 A3 F#3 F#2,9,M
522.0,F#3 C#4 A3 F#4 C#5,9,M
522.25,C#5,9,M
522.5,F#3 C#4 A3 F#4 C#5,9,M
522.75,C#5,9,M
523.0,A4 E4 A3 C#3 C#2,9,M
523.5,A4 E4 A3 C#3 C#2,9,M
524.0,A3 C#4 E4,9,M
524.25,E4,9,M
524.5,A3 C#4 E4,9,M
524.75,E4,9,M
525.0,F#4 A3 D4 F#3 D3 D2,9,M
525.5,F#4 A3 D4 F#3 D3 D2,9,M
526.0,A3 D4 F#4,9,M
526.25,F#4,9,M
526.5,A3 D4 F#4,9,M
526.75,F#4,9,M
527.0,G#4 C#4 E4 G#3 C#3 C#2,9,M
527.5,G#4 C#4 E4 G#3 C#3 C#2,9,M
528.0,A3 C#4 E4 G#4 A2 A1,9,M
528.25,G#4 A2 A1,9,M
528.5,A3 C#4 E4 A4 A2 A1,9,M
528.75,A4 A2 A1,9,M
529.0,B4 B3 G#4 G#3 E4 E2 E1,9,M
529.5,B4 B3 G#4 G#3 E4 E2 E1,9,M
530.0,G#3 B3 E4 B4,9,M
530.25,B4,9,M
530.5,G#3 B3 E4 B4,9,M
530.75,B4,9,M
531.0,B4 B3 G#4 G#3 E4 E3 E2,9,M
531.5,B4 B3 G#4 G#3 E4 E3 E2,9,M
532.0,G#3 B3 E4 B4,9,M
532.25,B4,9,M
532.5,G#3 B3 E4 B4,9,M
532.75,B4,9,M
533.0,A5 A4 C#4 E4 A3 A2,9,M
533.5,A5 A4 C#4 E4 A3 A2,9,M
534.0,G#5 A3 C#4 E4 G#4,9,M
534.25,A5 A4,9,M
534.5,B5 A3 C#4 E4 B4,9,M
534.75,A5 A4,9,M
535.0,F#6 F#5 B3 E4 G#3 G#2,9,M
535.5,F#6 F#5 B3 E4 G#3 G#2,9,M
536.0,F#6 G#3 B3 E4 F#5,9,M
536.25,F#6 F#5,9,M
536.5,E6 G#3 B3 E4 E5,9,M
536.75,E6 E5,9,M
537.0,D6 D5 A3 F#4 F#3 F#2,9,M
537.5,D6 D5 A3 F#4 F#3 F#2,9,M
538.0,C#6 F#3 C#4 A3 F#4 C#5,9,M
538.25,C#6 C#5,9,M
538.5,C#6 F#3 C#4 A3 F#4 C#5,9,M
538.75,C#6 C#5,9,M
539.0,A5 A4 E4 A3 C#3 C#2,9,M
539.5,A5 A4 E4 A3 C#3 C#2,9,M
540.0,E5 A3 C#4 E4,9,M
540.25,E5 E4,9,M
540.5,E5 A3 C#4 E4,9,M
540.75,E5 E4,9,M
541.0,F#5 F#4 A3 D4 F#3 D3 D2,9,M
541.5,F#5 F#4 A3 D4 F#3 D3 D2,9,M
542.0,F#5 A3 D4 F#4,9,M
542.25,F#5 F#4,9,M
542.5,F#5 A3 D4 F#4,9,M
542.75,F#5 F#4,9,M
543.0,G#5 G#4 C#4 E4 G#3 C#3 C#2,9,M
543.5,G#5 G#4 C#4 E4 G#3 C#3 C#2,9,M
544.0,G#5 A3 E4 A4 G#4 C3 C2,9,M
544.25,G#5 G#4 C3 C2,9,M
544.5,A5 A3 E4 A4 C3 C2,9,M
544.75,A5 A4 C3 C2,9,M
545.0,B5 B4 B3 F#4 F#3 E-4 B2 B1,9,M
545.5,B5 B4 B3 F#4 F#3 E-4 B2 B1,6,m
546.0,B5 B3 E-4 F#4 B4,6,m
546.25,B5 B4,6,m
546.5,B5 B3 E-4 F#4 B4,6,m
546.75,B5 B4,6,m
547.0,B5 B4 B3 F#4 F#3 D4 D3 D2,6,m
547.5,B5 B4 B3 F#4 F#3 D4 D3 D2,6,m
548.0,B3 D4 F#4 B4,6,m
548.25,B4,6,m
548.5,B3 D4 F#4 B4,6,m
548.75,B4,6,m
549.0,C#5 G#3 F4 C#4 C#3 C#2,6,m
549.5,C#5 G#3 F4 C#4 C#3 C#2,6,m
550.0,G#3 B3 F4 C#5,6,m
550.25,C#5,6,m
550.5,G#3 B3 F4 C#5,6,m
550.75,C#5,6,m
551.0,C#5 F4 G#3 C#4 C#3,6,m
551.5,C#5 F4 G#3 C#4 C#3,6,m
552.0,G#3 C#4 F4 C#5 B3 B2,6,m
552.25,C#5 B3 B2,6,m
552.333333333,B3 B2,6,m
552.5,G#3 C#4 F4 C#5 B3 B2,6,m
552.75,C#5 B3 B2,6,m
552.875,B3 B2,6,m
553.0,C#5 C#4 F#4 A3 A2,6,m
553.5,C#5 C#4 F#4 A3 A2,6,m
554.0,B3 C#4 F4 C#5 G#3 G#2,6,m
554.25,C#5 G#3 G#2,6,m
554.5,B3 C#4 F4 C#5 G#3 G#2,6,m
554.75,C#5 G#3 G#2,6,m
555.0,C#5 A3 F#4 C#4 F#3 F#2,6,m
555.5,C#5 A3 F#4 C#4 F#3 F#2,6,m
556.0,G#3 C#4 E4 C#5 E3 E2,6,m
556.25,C#5 E3 E2,6,m
556.333333333,E3 E2,6,m
556.5,G#3 C#4 E4 C#5 E3 E2,6,m
556.75,C#5 E3 E2,6,m
556.875,E3 E2,6,m
557.0,C#5 F#4 F#3 D4 D3 D2,6,m
557.5,C#5 F#4 F#3 D4 D3 D2,6,m
558.0,B3 D4 F#3 B4,6,m
558.25,B4,6,m
558.5,B3 D4 F#3 B4,6,m
558.75,B4,6,m
559.0,A4 B3 F#3 D3 D2,6,m
559.5,A4 B3 F#3 D3 D2,6,m
560.0,F#3 B3 D4 F#4 G#4,6,m
560.25,G#4,6,m
560.5,F#3 B3 D4 F#4 G#4,6,m
560.75,G#4,6,m
561.0,F#4 B3 G#3 C#3 C#2,6,m
561.5,F#4 B3 G#3 C#3 C#2,6,m
562.0,G#3 B3 F#4 D3 D2,6,m
562.25,F#4 D3 D2,9,M
562.5,G#3 B3 F#4 D3 D2,9,M
562.75,F#4 D3 D2,9,M
563.0,F4 B3 G#3 C#3 C#2,9,M
563.5,F4 B3 G#3 C#3 C#2,9,M
564.0,G#3 B3 F4,9,M
564.25,F4,9,M
564.5,G#3 B3 E4,9,M
564.75,E4,9,M
565.0,E6 E5 G#3 E4 D4,9,M
565.5,E6 E5 G#3 E4 D4,9,M
566.0,E6 G#3 D4 E4 E5 B2 B1,9,M
566.25,E6 E5 B2 B1,9,M
566.5,E6 G#3 D4 E4 E5 B2 B1,9,M
566.75,E6 E5 B2 B1,9,M
567.0,E6 E5 A3 E4 C#4 A2 A1,9,M
567.5,E6 E5 A3 E4 C#4 A2 A1,9,M
568.0,E6 B3 D4 E4 E5 G#2 G#1,9,M
568.25,E6 E5 G#2 G#1,9,M
568.333333333,G#2 G#1,9,M
568.5,E6 B3 D4 E4 E5 G#2 G#1,9,M
568.75,E6 E5 G#2 G#1,9,M
568.875,G#2 G#1,9,M
569.0,E6 E5 A3 E4 C#4 A2 A1,9,M
569.5,E6 E5 A3 E4 C#4 A2 A1,9,M
570.0,E6 G#3 D4 E4 E5 B2 B1,9,M
570.25,E6 E5 B2 B1,9,M
570.5,E6 G#3 D4 E4 E5 B2 B1,9,M
570.75,E6 E5 B2 B1,9,M
571.0,E6 E5 E4 A3 C3 C2,9,M
571.5,E6 E5 E4 A3 C3 C2,9,M
572.0,E6 G3 B-3 E4 E5 C#3 C#2,9,M
572.25,E6 E5 C#3 C#2,9,M
572.333333333,C#3 C#2,9,M
572.5,E6 G3 B-3 E4 E5 C#3 C#2,9,M
572.75,E6 E5 C#3 C#2,9,M
572.875,C#3 C#2,9,M
573.0,E6 E5 B3 D4 F#3 D3 D2,9,M
573.25,E6 E5 D3 D2,9,M
573.5,E6 E5 B3 D4 F#3 D3 D2,9,M
573.75,E6 E5 D3 D2,9,M
574.0,D6 F#3 B3 D4 D5 D3 D2,9,M
574.25,D6 D5 D3 D2,9,M
574.5,D6 F#3 B3 D4 D5 D3 D2,9,M
574.75,D6 D5,9,M
575.0,F#5 F#4 B3 D4 F#3 D3 D2,9,M
575.25,F#5 F#4 D3 D2,9,M
575.5,F#5 F#4 B3 D4 F#3 D3 D2,9,M
575.75,F#5 F#4 D3 D2,9,M
576.0,B5 F#3 B3 D4 B4 D3 D2,9,M
576.25,B5 B4 D3 D2,9,M
576.5,B5 F#3 B3 D4 B4 D3 D2,9,M
576.75,B5 B4,9,M
577.0,E5 A4 C#5 E4 C#4 A3 E3 E2,9,M
577.25,E5 A4 C#5 E4 E3 E2,9,M
577.5,E5 A4 C#5 E4 C#4 A3,9,M
577.75,E5 A4 C#5 E4,9,M
578.0,E-5 A4 C#5 E3 C#4 A3 E4 E-4,9,M
578.25,E5 A4 C#5 E4,9,M
578.5,F#5 A4 C#5 E3 C#4 A3 E4 F#4,9,M
578.75,E5 A4 C#5 E4,9,M
579.0,C#6 G#4 D5 C#5 D4 G#3 E3 E2,9,M
579.25,C#6 G#4 D5 C#5 E3 E2,9,M
579.5,C#6 G#4 D5 C#5 D4 G#3,9,M
579.75,C#6 G#4 D5 C#5,9,M
580.0,C#6 G#4 D5 G#3 D4 E4 C#5,9,M
580.25,C#6 G#4 D5 C#5,9,M
580.5,B5 G#4 D5 G#3 D4 E4 B4,9,M
580.75,B5 G#4 D5 B4,9,M
581.0,A5 C#5 E4 A4 C#4 A3 A2,9,M
581.5,A4 A3,9,M
583.0,A4 A3,9,M
585.0,A4 A3,9,M
586.5,B4 B3,11,m
587.0,B4 B3,11,m
589.0,C#5 C#4,11,m
590.0,D5 D4,11,m
591.0,E5 E4,11,m
592.0,F5 F4,11,m
593.0,F#5 F#4,11,m
595.0,F#4 F#3,2,M
597.0,A4 D5 F#5 A3 D4 F#4 D3,2,M
599.0,A4 D5 F#5 A3 D4 F#4 D3,2,M
601.0,A4 D5 F#5 A3 D4 F#4 D3,2,M
602.5,C#5 A4 E5 A3 C#4 E4 A2,9,M
603.0,C#5 A4 E5 A3 C#4 E4 A2,9,M
605.0,B4 F#4 D5 B3 D4 B2,9,M
607.0,G#4 C#5 G#3 C#4 F4 C#3,9,M
608.0,B4 B3 F#4 D3,9,M
609.0,A4 A3 C#4 C#5 E5 E4 E3,9,M
611.0,A4 C#5 A3 C#4 E5 E4 E3,9,M
611.25,A4 C#5 A3 C#4,9,M
611.5,A4 C#5 A3 C#4 C#3,9,M
611.75,A4 C#5 A3 C#4,9,M
612.0,A4 C#5 A3 C#4 A2,9,M
612.25,A4 C#5 A3 C#4,9,M
612.5,A4 C#5 A3 C#4 C#3,9,M
612.625,C#5 C#4 C#3,9,M
613.0,G#4 B4 G#3 B3 E5 E4 E3,9,M
613.5,G#4 B4 G#3 B3,9,M
614.0,G#4 B4 G#3 B3 F#5 F#4 F#3,9,M
614.5,G#4 B4 G#3 B3,9,M
615.0,G#4 B4 G#3 B3 E5 E4 E3,9,M
615.25,G#4 B4 G#3 B3,9,M
615.5,G#4 B4 G#3 B3 D5 D4 D3,9,M
615.75,G#4 B4 G#3 B3,9,M
616.0,G#4 B4 G#3 B3 C#5 C#4 C#3,9,M
616.25,G#4 B4 G#3 B3,9,M
616.5,G#4 B4 G#3 B3 B2,9,M
616.625,B4 B3 B2,9,M
617.0,A4 A3 A5 A2 A1,9,M
617.5,A2 A5,9,M
618.0,E4 C#4 E3 A3,9,M
618.125,E4,9,M
618.333333333,C#4 E4 E3 A3,9,M
618.5,E4 C#4 E3 A3,9,M
618.583333333,E4,9,M
618.666666667,E4 C#4 E3 A3,9,M
618.75,C#4 E4 E3 A3,9,M
619.0,A4 C#4 E4 E3 A3,9,M
619.5,A4,9,M
620.0,A4 C#4 E4 E3 A3,9,M
620.5,A4,9,M
621.0,E3 A3 C#4 A5 A4 A2 A1,9,M
621.5,A2 A5,9,M
622.0,E4 C#4 E3 A3,9,M
622.125,E4,9,M
622.333333333,C#4 E4 E3 A3,9,M
622.5,E4 C#4 E3 A3,9,M
622.583333333,E4,9,M
622.666666667,E4 C#4 E3 A3,9,M
622.75,C#4 E4 E3 A3,9,M
623.0,C#5 C#4 E4 E3 A3,9,M
624.0,D5 C#4 E4 E3 A3,9,M
625.0,G#3 D4 D3 A5 B-4 E3 E2,9,M
625.5,G#3 D4 D3 A5 B-4,9,M
626.0,G#3 D4 B-4 E4 E3,9,M
626.125,G#3 D4 B-4,9,M
626.333333333,D4 E4 E3 G#3 B-4,9,M
626.583333333,G#3 D4 B-4,9,M
626.666666667,G#3 D4 B-4 E4 E3,9,M
626.791666667,G#3 D4 B-4,9,M
627.0,G#3 D4 B4 E4 E3,9,M
627.5,G#3 D4,9,M
628.0,G#3 D4 E4 E3,9,M
628.5,G#3 D4,9,M
629.0,A3 C#4 E3 A5 E5 A2 A1,9,M
629.5,A3 C#4 A2 A5 E5,9,M
630.0,A3 C#4 E5 E4 E3,9,M
630.125,A3 C#4 E5,9,M
630.25,A3 C#4,9,M
630.333333333,C#4 E4 E3 A3,9,M
630.5,A3 C#4 C#5 E4 E3,9,M
630.583333333,A3 C#4 C#5,9,M
630.666666667,A3 C#4 C#5 E4 E3,9,M
630.791666667,A3 C#4 C#5,9,M
631.0,A3 C#4 A4 E4 E3,9,M
631.5,A3 C#4 A4,9,M
631.75,A3 C#4,9,M
632.0,A3 C#4 E4 E3,9,M
632.5,A3 C#4,9,M
633.0,E3 A3 C#4 A5 A2 A1,9,M
633.5,A2 A5,9,M
634.0,E4 C#4 E3 A3,9,M
634.125,E4,9,M
634.333333333,C#4 E4 E3 A3,9,M
634.5,E4 C#4 E3 A3,9,M
634.583333333,E4,9,M
634.666666667,E4 C#4 E3 A3,9,M
634.75,C#4 E4 E3 A3,9,M
635.0,A4 C#4 E4 E3 A3,9,M
635.5,A4,9,M
636.0,A4 C#4 E4 E3 A3,9,M
636.5,A4,9,M
637.0,E3 A3 C#4 A5 A4 A2 A1,9,M
637.5,A2 A5,9,M
638.0,E4 C#4 E3 A3,9,M
638.125,E4,9,M
638.333333333,C#4 E4 E3 A3,9,M
638.5,E4 C#4 E3 A3,9,M
638.583333333,E4,9,M
638.666666667,E4 C#4 E3 A3,9,M
638.75,C#4 E4 E3 A3,9,M
639.0,C#5 C#4 E4 E3 A3,9,M
640.0,D5 C#4 E4 E3 A3,9,M
641.0,E3 G#3 B3 A5 B-4 B2 B1,4,M
641.5,A5 B-4,4,M
642.0,G#3 E4 B-4 E3,4,M
642.125,G#3 E4 B-4,4,M
642.333333333,E4 E3 G#3 B-4,4,M
642.583333333,G#3 E4 B-4,4,M
642.666666667,G#3 E4 B-4 E3,4,M
642.791666667,G#3 E4 B-4,4,M
643.0,G#3 E4 B4 E3,4,M
643.5,G#3 E4,4,M
644.0,G#3 F4 C#5 B3,4,M
644.5,G#3 F4 C#5,4,M
645.0,A3 F#4 E-4 A5 C#5 F#3 B2 B1,4,M
645.5,A3 F#4 A5 B4,4,M
646.0,F#3 A4 E-4 A3,4,M
646.125,F#3 A4 E-4,4,M
646.333333333,F#3 A3 E-4 A4,4,M
646.5,F#3 E-4 A4 A3,4,M
646.583333333,F#3 E-4 A4,4,M
646.625,F#3 E-4,4,M
646.666666667,F#3 E-4 A3,4,M
646.75,F#3 E-4 F#4 A3,4,M
646.791666667,F#3 E-4 F#4,4,M
647.0,B3 E4 G#3 E3 E2,4,M
647.5,E-4,4,M
648.0,B3 E4 D4 E3 G#3,4,M
648.5,B3,4,M
649.0,A3 C#4 E4 B1 A5 A2 A1,4,M
649.5,A2 B1 A5,4,M
650.0,E5 E4 C#4 E3 A3,4,M
650.125,E5 E4,9,M
650.333333333,C#4 E4 E3 A3,9,M
650.5,E5 E4 C#4 E3 A3,9,M
650.583333333,E5 E4,9,M
650.666666667,E5 E4 C#4 E3 A3,9,M
650.75,C#4 E4 E3 A3,9,M
651.0,A5 A4 C#4 E4 E3 A3,9,M
651.5,A5 A4,9,M
652.0,A5 A4 C#4 E4 E3 A3,9,M
652.125,A5 A4 C#4 E4 E3 A3,9,M
652.333333333,E4 A5 A4 C#4 E3 A3,9,M
652.5,E4 A5 A4,9,M
652.583333333,A5 A4,9,M
652.666666667,A5 E4 A4,9,M
652.791666667,A5 A4,9,M
653.0,A5 A3 C#4 E4 B1 A4 A2 A1,9,M
653.5,A2 B1 A5,9,M
654.0,E5 E4 C#4 E3 A3,9,M
654.125,E5 E4,9,M
654.333333333,C#4 E4 E3 A3,9,M
654.5,E5 E4 C#4 E3 A3,9,M
654.583333333,E5 E4,9,M
654.666666667,E5 E4 C#4 E3 A3,9,M
654.75,C#4 E4 E3 A3,9,M
655.0,C#6 C#5 C#4 E4 E3 A3,9,M
656.0,D6 A5 D5 C#4 E4 E3 A3,9,M
656.125,D6 A5 D5 C#4 E4 E3 A3,9,M
656.333333333,E4 A5 D6 D5 C#4 E3 A3,9,M
656.5,E4 A5,9,M
656.583333333,A5,9,M
656.666666667,E4 A5,9,M
656.791666667,A5,9,M
657.0,B-5 E4 G#3 D4 D3 B1 A5 B-4 E3 E2,9,M
657.5,B-5 D3 B1 A5 B-4,9,M
658.0,B-5 G#4 B-4 D4 E4 E3 G#3,9,M
658.125,B-5 B-4,9,M
658.333333333,G#4 D4 E4 E3 G#3 B-5 B-4,9,M
658.583333333,B-5 B-4,9,M
658.666666667,B-5 G#4 B-4 D4 E4 E3 G#3,9,M
658.791666667,B-5 B-4,9,M
659.0,B5 G#4 B4 D4 E4 E3 G#3,9,M
660.0,E5 B3 G#4 A5 D4 E4 E3 G#3,9,M
660.125,E5 B3 G#4 A5 D4 E4 E3 G#3,9,M
660.333333333,E4 A5 E5 B3 G#4 D4 E3 G#3,9,M
660.5,E4 A5,9,M
660.583333333,A5,9,M
660.666666667,E4 A5,9,M
660.791666667,A5,9,M
661.0,E6 E4 E3 A3 C#4 B1 A5 E5 A2 A1,9,M
661.5,E6 A2 B1 A5 E5,9,M
662.0,E6 E5 C#4 E4 E3 A3,9,M
662.125,E6 E5,9,M
662.333333333,C#4 E4 E3 A3,9,M
662.5,C#6 C#5 C#4 E4 E3 A3,9,M
662.583333333,C#6 C#5,9,M
662.666666667,C#6 C#5 C#4 E4 E3 A3,9,M
662.791666667,C#6 C#5,9,M
663.0,A5 A4 C#4 E4 E3 A3,9,M
663.5,A5 A4,9,M
664.0,A5 C#4 E4 E3 A3,9,M
664.125,A5 C#4 E4 E3 A3,9,M
664.333333333,E4 A5 C#4 E3 A3,9,M
664.5,E4 A5,9,M
664.583333333,A5,9,M
664.666666667,E4 A5,9,M
664.791666667,A5,9,M
665.0,A3 C#4 E4 B1 A5 A2 A1,9,M
665.5,A2 B1 A5,9,M
666.0,E5 E4 C#4 E3 A3,9,M
666.125,E5 E4,9,M
666.333333333,C#4 E4 E3 A3,9,M
666.5,E5 E4 C#4 E3 A3,9,M
666.583333333,E5 E4,9,M
666.666666667,E5 E4 C#4 E3 A3,9,M
666.75,C#4 E4 E3 A3,9,M
667.0,A5 A4 C#4 E4 E3 A3,9,M
667.5,A5 A4,9,M
668.0,A5 A4 C#4 E4 E3 A3,9,M
668.125,A5 A4 C#4 E4 E3 A3,9,M
668.333333333,E4 A5 A4 C#4 E3 A3,9,M
668.5,E4 A5 A4,9,M
668.583333333,A5 A4,9,M
668.666666667,A5 E4 A4,9,M
668.791666667,A5 A4,9,M
669.0,A5 A3 C#4 E4 B1 A4 A2 A1,9,M
669.5,A2 B1 A5,9,M
670.0,E5 E4 C#4 E3 A3,9,M
670.125,E5 C#4 E4,9,M
670.25,C#4,9,M
670.333333333,C#4 E4 E3 A3,9,M
670.5,E5 E4 C#4 E3 A3,9,M
670.583333333,E5 E4,9,M
670.666666667,E5 E4 C#4 E3 A3,9,M
670.75,C#4 E4 E3 A3,9,M
671.0,C#6 C#5 C#4 E4 E3 A3,9,M
672.0,D6 A5 D5 C#4 E4 E3 A3,9,M
672.125,D6 A5 D5 C#4 E4 E3 A3,9,M
672.333333333,E4 A5 D6 D5 C#4 E3 A3,9,M
672.5,E4 A5,9,M
672.583333333,A5,9,M
672.666666667,E4 A5,9,M
672.791666667,A5,9,M
673.0,B-5 G#4 G#3 B3 E4 B1 A5 B-4 B2,9,M
673.5,B-5 B1 A5 B-4,4,M
674.0,B-5 G#3 E4 B3 B-4,4,M
674.125,B-5 G#3 E4 B-4,4,M
674.333333333,B3 G#3 E4 B-5 B-4,4,M
674.583333333,B-5 G#3 E4 B-4,4,M
674.666666667,B-5 G#3 E4 B3 B-4,4,M
674.791666667,B-5 G#3 E4 B-4,4,M
675.0,B5 G#3 E4 B3 B4,4,M
675.5,G#3 E4,4,M
676.0,C#6 G#4 A5 C#5 G#3 F4 B3,4,M
676.125,C#6 A5 C#5 G#3 F4 B3,4,M
676.333333333,F4 G#4 A5 C#6 C#5 G#3 B3,4,M
676.5,C#6 F4 G#4 A5 C#5,4,M
676.583333333,C#6 A5 C#5,4,M
676.666666667,C#6 F4 G#4 A5 C#5,4,M
676.791666667,C#6 A5 C#5,4,M
677.0,C#6 B3 A4 F#3 B1 A5 C#5 A3 F#4 E-4 B2,4,M
677.5,B5 B1 A5 B4,4,M
678.0,A5 F#3 A4 A3 F#4 E-4,4,M
678.5,A5 A4,4,M
678.75,F#5 F#4,4,M
679.0,E5 G#4 B1 A5 G#3 E4 B3 E3 E2,4,M
679.5,B1 A5,4,M
680.0,E4 E3,4,M
680.5,C#5 C#4,4,M
681.0,A4 F#3 E-4 B2 C#5 C#4 B1,4,M
681.5,A4 F#3 E-4 B2 C#5 F#4 E-3 C#4,4,M
681.75,A4 F#3 E-4 B2 C#5 C#4,4,M
682.0,A4 F#3 E-4 B2 C#5 A3 C#4,4,M
682.25,A4 F#3 E-4 B2,4,M
682.5,A4 F#3 E-4 B2 B4 B3 A3,4,M
682.75,B4 B3,4,M
683.0,B3 E-4 F#4 A4 A3,4,M
683.5,B3 E-4 A3 F#4 A4,4,M
684.25,B3 E-4 A3 F#4,4,M
684.5,B3 E-4 A3 F#4 F#3,4,M
684.75,F#4 F#3,4,M
685.0,G#4 G#3 B3 E2 E4 E3,4,M
685.5,G#4 G#3 B3 E2 E4 E3,4,M
685.75,G#4 G#3 B3 E2 E4 E3,4,M
686.0,G#4 G#3 B3 E2 E4 E3,4,M
686.25,G#4 G#3 B3 E2 E4 E3,4,M
686.5,E4 G#4 G#3 B3 E2 E3,4,M
686.75,E4 E3,4,M
687.0,G#3 B3 E4 G#4 E3,4,M
687.5,G#3 B3 E4 E3,4,M
687.875,G#3 B3 E4,4,M
688.0,G#3 B3 E4 E3,4,M
688.5,G#3 B3 E4 D5 D4,6,m
688.75,D5 D4,6,m
689.0,B4 G#3 F4 C#3 D5 D4 C#2,6,m
689.5,B4 G#3 F4 C#3 D5 F3 D4,6,m
689.75,B4 G#3 F4 C#3 D5 D4,6,m
690.0,B4 G#3 F4 C#3 D5 B3 D4,6,m
690.25,B4 G#3 F4 C#3 D5 D4,6,m
690.5,B4 G#3 F4 C#3 D5 B3 D4,6,m
690.75,D5 D4,6,m
691.0,B3 G#4 F4 D5 D4,6,m
691.5,B3 G#4 F4 C#5 C#4,6,m
692.0,B3 G#4 F4 B4,6,m
692.5,B3 G#4 F4 G#3,6,m
692.75,G#4 G#3,6,m
693.0,A4 A3 C#4 F#2 F#4 F#3,6,m
693.5,A4 A3 C#4 F#2 F#4 F#3,6,m
693.75,A4 A3 C#4 F#2 F#4 F#3,6,m
694.0,A4 A3 C#4 F#2 F#4 F#3,6,m
694.25,A4 A3 C#4 F#2 F#4 F#3,6,m
694.5,F#4 A4 A3 C#4 F#2 F#3,6,m
694.75,F#4 F#3,6,m
695.0,A3 C#4 F#4 A4 F#3,6,m
695.5,A3 C#4 F#4 F#3,6,m
695.875,A3 C#4 F#4,6,m
696.0,A3 C#4 F#4 F#3,6,m
696.5,A3 C#4 F#4 F#5,6,m
696.75,F#5 F#4,6,m
697.0,B4 D5 G#3 B3 F#5 F#4 G#2,6,m
697.5,B4 D5 G#3 B3 F#5 F#4,6,m
697.75,B4 D5 G#3 B3 F#5 F#4,6,m
698.0,B4 D5 G#3 B3 F#5 D4 F#4,6,m
698.25,B4 D5 G#3 B3 F#5 F#4,6,m
698.5,B4 D5 G#3 B3 G#5 D4 G#4,6,m
698.75,F#5 F#4,6,m
699.0,B3 G#4 D4 E5 B4 E4 E2,6,m
699.5,B3 G#4 D4 E5 E4,9,M
700.0,B3 G#4 D4 D5,9,M
700.75,D5 D4,9,M
701.0,A4 A3 F#3 D5 D4 F#2,9,M
701.5,A4 A3 F#3 D5 D4,9,M
701.75,A4 A3 F#3 D5 D4,9,M
702.0,A4 A3 F#3 C#5 C#4,9,M
702.25,A4 A3 F#3 C#5 C#4,9,M
702.5,A4 A3 F#3 C#5 F#4 C#4,9,M
702.75,A4 A3 F#3 C#5 C#4,9,M
703.0,F3 A3 A4 B4 D4 B3 F2,9,M
703.5,F3 A4 B4 D4 A3 B3,9,M
704.0,F3 C4 E-4 A4 A3,9,M
704.875,F3 C4 E-4 A4 A3,9,M
705.0,E5 E3 C#4 A4 E4 E2,9,M
705.5,E5 C#4 A3 E4,9,M
705.75,E5 E4,9,M
706.0,E4 C#4 E3,9,M
706.25,E4 E3,9,M
706.5,E4 A4 E3,9,M
706.75,E4 E3,9,M
707.0,E3 D4 G#4 E4 C#5 C#4 E2,9,M
707.5,C#5 E3 D4 G#4 E4 C#4,9,M
707.875,C#5 E3 D4 G#4 E4,9,M
708.5,E3 D4 G#4 E4 B4 B3,9,M
709.0,A4 A3 C#4 E4 A2,9,M
709.5,C#4 E4 A4 A3,9,M
709.75,C#4 E4 A4 A3,9,M
710.0,C#4 E4 A4 E-4 A3,9,M
710.25,C#4 E4 A4 A3,4,M
710.5,C#4 A4 A3 E4 D4,4,M
710.625,C#4 A4 A3 E4 D4,4,M
711.0,A3 C#4 E4,4,M
711.25,A3 C#4 E4,4,M
711.5,A3 C#4 E4 B3,4,M
711.75,A3 C#4 E4,4,M
712.0,A3 C#4 E5 E4,4,M
712.25,A3 C#4 E5 E4,4,M
712.5,A3 C#4 E4 C#6 G#3 C#5,4,M
712.75,C#6 C#5,4,M
713.0,C#5 A3 B2 E-4 F#4 A4 C#6 C#4 B1,4,M
713.5,C#5 A3 B2 E-4 F#4 A4 C#6 E-3 C#4 B1,4,M
713.75,C#5 A3 B2 E-4 F#4 A4 C#6 C#4 B1,4,M
713.875,C#5 A3 B2 E-4 F#4 A4 C#6 C#4,4,M
714.0,C#5 A3 B2 E-4 F#4 A4 C#6 F#3 C#4,4,M
714.25,A3 B2 E-4 F#4 A4,4,M
714.5,B4 A3 B2 E-4 F#4 A4 B5 B3,4,M
714.75,B4 B5 B3,4,M
715.0,A4 F#3 E-4 A5 B3 A3,4,M
715.25,A4 F#3 E-4 A5 A3,4,M
715.5,A4 F#3 E-4 A5 E4 C#4 A3,4,M
715.75,A4 F#3 E-4 A5 A3,4,M
716.0,A4 F#3 A3 E-4 A5 F#4,4,M
716.25,F#3 A3 E-4,4,M
716.5,F#4 F#3 A3 E-4 F#5 B3,4,M
716.75,F#4 F#5 F#3,4,M
717.0,G#3 B3 E4 G#4 E5 E3 E2,4,M
717.5,G#3 B3 E4 G#4 E5 E3 E2,4,M
717.75,G#3 E2 B3 E4 G#4 E5 E3,4,M
717.875,G#3 E2 B3 E4 G#4 E5 E3,4,M
718.0,G#3 E2 B3 E4 G#4 E5 E3,4,M
718.25,G#3 E2 B3 E4 G#4 E5 E3,4,M
718.5,E4 G#3 E2 B3 G#4 E5 E3,4,M
718.75,E4 E5 E3,4,M
719.0,E4 G#3 B3 E5 G#4 E3,4,M
719.25,G#3 B3 E4 E5 E3,4,M
719.5,G#3 B3 E4 E5 A4 F#4 E3,4,M
719.75,E4 G#3 B3 E5 E3,4,M
719.875,G#3 B3 E4,4,M
720.0,E4 G#3 B3 E5 B4 G#4 E3,4,M
720.25,E4 G#3 B3 E5 E3,6,m
720.5,D5 G#3 B3 E4 D6 G#4 D4,6,m
720.75,D5 D6 D4,6,m
721.0,D5 G#3 C#3 B3 G#4 F4 B4 D6 D4 C#2,6,m
721.5,D5 G#3 C#3 B3 G#4 F4 B4 D6 F3 D4 C#2,6,m
721.75,D5 G#3 C#3 B3 G#4 F4 B4 D6 D4 C#2,6,m
721.875,D5 G#3 C#3 B3 G#4 F4 B4 D6 D4,6,m
722.0,D5 G#3 C#3 B3 G#4 F4 B4 D6 D4,6,m
722.25,D5 G#3 C#3 B3 G#4 F4 B4 D6 D4,6,m
722.5,D5 G#3 C#3 B3 G#4 F4 B4 D6 D4,6,m
722.75,D5 D6 D4,6,m
723.0,D5 G#3 B3 F4 D6 G#4 D4,6,m
723.25,D5 G#3 B3 F4 D6 D4,6,m
723.5,C#5 G#3 B3 F4 C#6 G#4 C#4,6,m
723.75,C#5 G#3 B3 F4 C#6 C#4,6,m
724.0,B4 G#3 B3 F4 B5 C#4,6,m
724.25,B4 G#3 B3 F4 B5,6,m
724.5,G#4 G#3 B3 F4 G#5 C#4,6,m
724.75,G#4 G#5 G#3,6,m
725.0,A3 C#4 F#4 A4 F#5 F#3 F#2,6,m
725.5,A3 C#4 F#4 A4 F#5 F#3 F#2,6,m
725.75,A3 F#2 C#4 F#4 A4 F#5 F#3,6,m
725.875,A3 F#2 C#4 F#4 A4 F#5 F#3,6,m
726.0,A3 F#2 C#4 F#4 A4 F#5 F#3,6,m
726.25,A3 F#2 C#4 F#4 A4 F#5 F#3,6,m
726.5,F#4 A3 F#2 C#4 A4 F#5 F#3,6,m
726.75,F#4 F#5 F#3,6,m
727.0,F#4 A3 C#4 F#5 A4 F#3,6,m
727.25,A3 C#4 F#4 F#5 F#3,6,m
727.5,A3 C#4 F#4 F#5 F#3,6,m
727.75,F#4 A3 C#4 F#5 F#3,6,m
727.875,A3 C#4 F#4,6,m
728.0,F#4 A3 C#4 F#5 F#3,6,m
728.25,F#4 A3 C#4 F#5 F#3,6,m
728.5,F#5 A3 C#4 F#4 F#6 F#3,6,m
728.75,F#5 F#6 F#4,6,m
729.0,F#5 G#2 B3 D4 B4 D5 F#6 F#4,6,m
729.5,F#5 G#2 B3 D4 B4 D5 F#6 G#3 F#4,6,m
729.75,F#5 G#2 B3 D4 B4 D5 F#6 F#4,6,m
730.0,F#5 G#2 B3 D4 B4 D5 F#6 F#4,6,m
730.25,F#5 G#2 B3 D4 B4 D5 F#6 F#4,6,m
730.5,G#5 G#2 B3 D4 B4 D5 G#6 G#4,6,m
730.75,F#5 F#6 F#4,6,m
731.0,E5 E3 G#3 E6 B4 G#4 E4 E2,6,m
731.25,E5 E3 G#3 E6 E4 E2,6,m
731.5,E5 E3 G#3 E6 G#4 D4 E4,6,m
731.75,E5 E3 G#3 E4 E6,6,m
732.0,D5 E3 G#3 E4 D6 B3 D4,6,m
732.25,D5 E3 G#3 E4 D6 D4,9,M
732.5,D5 E3 G#3 E4 D6 B3 D4,9,M
732.75,D5 D6 D4,9,M
733.0,D5 A3 A4 A2 D6 D4 F#2,9,M
733.125,D5 A3 A4 A2 D6 D4 F#2,9,M
733.25,D5 A3 A4 A2 D6 D4 F#2,9,M
733.375,D5 A3 A4 A2 D6 D4 F#2,9,M
733.5,D5 A3 A4 A2 D6 F#3 D4,9,M
733.625,D5 A3 A4 A2 D6 F#3 D4,9,M
733.75,D5 A3 A4 A2 D6 D4,9,M
733.875,D5 A3 A4 A2 D6 D4,9,M
734.0,C#5 A3 A4 A2 C#6 C#4,9,M
734.125,C#5 A3 A4 A2 C#6 C#4,9,M
734.25,C#5 A3 A4 A2 C#6 C#4,9,M
734.375,C#5 A3 A4 A2 C#6 C#4,9,M
734.5,C#5 A3 A4 A2 C#6 F#4 C#4,9,M
734.625,C#5 A3 A4 A2 C#6 F#4 C#4,9,M
734.75,C#5 A3 A2 C#6 C#4,9,M
734.875,C#5 A3 A2 C#6 C#4,9,M
735.0,B4 A3 F3 A2 B5 G#4 D4 B3 F2,9,M
735.125,B4 D4 F3 A3 A2 B5 G#4 B3 F2,9,M
735.25,B4 D4 F3 A3 A2 B5 B3 F2,9,M
735.375,B4 D4 F3 A3 A2 B5 B3 F2,9,M
735.5,B4 D4 F3 A3 A2 B5 A4 C#4 B3,9,M
735.625,B4 A3 D4 F3 A2 B5 A4 C#4 B3,9,M
735.666666667,B4 D4 F3 A3 A2 B5 A4 C#4 B3,9,M
735.75,B4 D4 F3 A3 A2 B5 B3,9,M
735.875,B4 D4 F3 A3 A2 B5 B3,9,M
736.0,A4 C4 E-4 F3 A3 A2 A5 B4 D4,9,M
736.125,A4 C4 E-4 F3 A2 A5 B4 D4 A3,9,M
736.25,A4 C4 E-4 F3 A2 A5 A3,9,M
736.375,A4 C4 E-4 F3 A2 A5 A3,9,M
736.5,A4 C4 E-4 F3 A2 A5 C5 A3,9,M
736.625,A4 C4 E-4 F3 A2 A5 C5 A3,9,M
736.75,A4 C4 E-4 F3 A2 A5 A3,9,M
737.0,A4 E3 C#4 A2 A5 C#5 E4 A3 E2,9,M
737.5,A2,9,M
738.0,E5 E4 E3,9,M
739.0,C#6 C#5 C#4,9,M
740.0,A5 A4 A3,9,M
741.0,E6 G#4 E3 B3 E5 G#5 B4 G#3 E4 E2,9,M
741.125,F#6 G#4 E3 B3 E5 E6 G#5 B4 G#3 E4 E2,9,M
741.25,G#4 E3 B3 E5 E6 G#5 B4 G#3 E4 E2,9,M
741.333333333,E6 G#4 E3 B3 E5 G#5 B4 G#3 E4 E2,9,M
741.458333333,E6 E5 G#4 E3 B3 G#5 B4 G#3 E4 E2,9,M
741.5,F#6 E6 E5 E4,9,M
741.625,E6 E5 E4,9,M
741.666666667,E6 E5 E4,9,M
741.791666667,E6 E5 E4,9,M
741.875,F#6 E6 E5 E4,9,M
742.0,E6 E5 E4,9,M
742.125,F#6 E6 E5 E4,9,M
742.25,E6 E5 E4,9,M
742.333333333,E6 E5 E4,9,M
742.458333333,E6 E5 E4,9,M
742.5,F#6 E6 E5 E4,9,M
742.625,E6 E5 E4,9,M
742.666666667,E6 E5 E4,9,M
742.791666667,E6 E5 E4,9,M
742.875,F#6 E6 E5 E4,9,M
743.0,E6 E5 E4,9,M
743.125,F#6 E6 E5 E4,9,M
743.25,E6 E5 E4,9,M
743.333333333,E6 E5 E4,9,M
743.458333333,E6 E5 E4,9,M
743.5,F#6 E-6 E-5 E-4,9,M
743.625,E-6 E-5 E-4,9,M
743.666666667,E6 E-6 E-5 E-4,9,M
743.791666667,E-6 E-5 E-4,9,M
743.875,F#6 E-6 E-5 E-4,9,M
744.0,E6 D6 D5 D4,9,M
744.125,F#6 D6 D5 D4,9,M
744.25,D6 D5 D4,9,M
744.333333333,E6 D6 D5 D4,9,M
744.458333333,D6 D5 D4,9,M
744.5,F#6 B5 B4 B3,9,M
744.625,B5 B4 B3,9,M
744.666666667,E6 B5 B4 B3,9,M
744.791666667,B5 B4 B3,9,M
744.875,F#6 B5 B4 B3,9,M
745.0,E6 A4 E4 A2 C#3 B1 E2 A5 E3 C#4 A3 A1,9,M
745.125,F#6 A4 E4 A2 C#3 B1 E2 A5 E3 C#4 A3 A1,9,M
745.25,A4 E4 A2 C#3 B1 E2 A5 E3 C#4 A3 A1,9,M
745.333333333,E6 A4 E4 A2 C#3 B1 E2 A5 E3 C#4 A3 A1,9,M
745.458333333,A5 A4 E4 A2 C#3 B1 E2 E3 C#4 A3 A1,9,M
745.5,F#6 A2 C#3 B1 E2 A5,9,M
745.625,A2 C#3 B1 E2 A5,9,M
745.666666667,E6 A2 C#3 B1 E2 A5,9,M
745.791666667,A2 C#3 B1 E2 A5,9,M
745.875,F#6 A2 C#3 B1 E2 A5,9,M
746.0,E6 E4 A3 A2 E2 A5 E5 E3 C#4 A1,9,M
746.125,E6 E4 A3 A2 E2 A5 E5 E3 C#4 A1,9,M
746.25,F#6 A3 A2 E2 A5 E3 C#4 A1,9,M
746.333333333,C#4 E4 A5 F#6 A3 A2 E2 E3 A1,9,M
746.375,E6 F#6 E4 A3 A2 E2 A5 E3 C#4 A1,9,M
746.5,E6 C#4 E4 A2 E2 A5 E5,9,M
746.583333333,E6 E4 A2 E2 A5 E5,9,M
746.625,E-6 E4 A2 E2 A5 E5,9,M
746.666666667,E-6 C#4 E4 A2 E2 A5 E5,9,M
746.75,E6 E-6 C#4 E4 A2 E2 A5,9,M
746.791666667,E-6 E6 A2 E2 A5,9,M
746.875,E6 A2 E2 A5,9,M
747.0,A6 E4 A4 A3 A2 E2 A5 E3 C#4 A1,9,M
747.5,A6 A4 A2 E2 A5,9,M
748.0,A6 E4 A4 A3 A2 E2 A5 E3 C#4 A1,9,M
748.333333333,E2 A6 E4 A4 A3 A2 A5 E3 C#4 A1,9,M
748.5,A6 A4 A2 E2 A5,9,M
748.666666667,A6 A4 A2 E2 A5,9,M
749.0,A6 E4 A4 A3 A2 C#3 B1 E2 A5 E3 C#4 A1,9,M
749.5,A2 C#3 B1 E2 A5,9,M
750.0,E6 E4 A3 A2 E2 A5 E5 E3 C#4 A1,9,M
750.125,E6 E4 A3 A2 E2 A5 E5 E3 C#4 A1,9,M
750.25,A3 A2 E2 A5 E3 C#4 A1,9,M
750.333333333,C#4 E4 E2 A5 A3 A2 E3 A1,9,M
750.5,E6 C#4 E4 A2 E2 A5 E5,9,M
750.583333333,E6 E4 A2 E2 A5 E5,9,M
750.666666667,E6 C#4 E4 A2 E2 A5 E5,9,M
750.75,C#4 E4 A2 E2 A5,9,M
750.791666667,A2 E2 A5,9,M
751.0,C#7 E4 C#5 A3 A2 E2 A5 C#6 E3 C#4 A1,9,M
751.5,A2 E2 A5,9,M
752.0,D7 E4 D5 A3 A2 E2 A5 D6 E3 C#4 A1,9,M
752.333333333,E2 D7 E4 D5 A3 A2 A5 D6 E3 C#4 A1,9,M
752.5,A2 E2 A5,9,M
752.666666667,A2 E2 A5,9,M
753.0,B-6 G#4 B-4 D3 C#3 B1 A5 B-5 E3 D4 G#3 E4 E2,9,M
753.125,B-6 G#4 B-4 D3 C#3 B1 A5 B-5 E3 D4 G#3 E4 E2,9,M
753.25,B-6 G#4 B-4 D3 C#3 B1 A5 B-5 E3 D4 G#3 E4 E2,9,M
753.375,B-6 G#4 B-4 D3 C#3 B1 A5 B-5 E3 D4 G#3 E4 E2,9,M
753.5,B-6 B-4 D3 C#3 B1 E2 A5 B-5,9,M
753.625,B-6 B-4 D3 C#3 B1 E2 A5 B-5,9,M
753.75,B-6 B-4 D3 C#3 B1 E2 A5 B-5,9,M
753.875,B-6 B-4 D3 C#3 B1 E2 A5 B-5,9,M
754.0,B-6 G#4 E4 B-4 D3 A5 B-5 E3 D4 G#3 E2,9,M
754.125,B-6 B-4 D3 A5 B-5 E3 D4 G#3 E4 E2,9,M
754.25,B-6 B-4 D3 A5 B-5 E3 D4 G#3 E4 E2,9,M
754.333333333,G#4 E4 B-6 B-4 D3 A5 B-5 E3 D4 G#3 E2,9,M
754.375,B-6 G#4 E4 B-4 D3 A5 B-5 E3 D4 G#3 E2,9,M
754.5,B-6 G#4 E4 B-4 D3 E2 A5 B-5,9,M
754.583333333,B-6 B-4 D3 E2 A5 B-5,9,M
754.625,B-6 B-4 D3 E2 A5 B-5,9,M
754.666666667,B-6 G#4 E4 B-4 D3 E2 A5 B-5,9,M
754.75,B-6 G#4 E4 B-4 D3 E2 A5 B-5,9,M
754.791666667,B-6 B-4 D3 E2 A5 B-5,9,M
754.875,B-6 B-4 D3 E2 A5 B-5,9,M
755.0,B6 G#4 B4 D3 A5 B5 E3 D4 G#3 E4 E2,9,M
755.125,B6 G#4 B4 D3 A5 B5 E3 D4 G#3 E4 E2,9,M
755.25,B6 G#4 B4 D3 A5 B5 E3 D4 G#3 E4 E2,9,M
755.375,B6 G#4 B4 D3 A5 B5 E3 D4 G#3 E4 E2,9,M
755.5,D3 E2 A5,9,M
755.625,D3 E2 A5,9,M
755.75,D3 E2 A5,9,M
755.875,D3 E2 A5,9,M
756.0,E6 G#4 D3 A5 E5 E3 D4 G#3 E4 E2,9,M
756.125,E6 G#4 D3 A5 E5 E3 D4 G#3 E4 E2,9,M
756.25,E6 G#4 D3 A5 E5 E3 D4 G#3 E4 E2,9,M
756.333333333,E2 E6 G#4 D3 A5 E5 E3 D4 G#3 E4,9,M
756.375,E6 G#4 D3 A5 E5 E3 D4 G#3 E4 E2,9,M
756.5,D3 E2 A5,9,M
756.625,D3 E2 A5,9,M
756.666666667,D3 E2 A5,9,M
756.75,D3 E2 A5,9,M
756.875,D3 E2 A5,9,M
757.0,E7 E4 E5 A3 A2 C#3 B1 E2 E6 E3 C#4 A1,9,M
757.125,E7 E4 E5 A3 A2 C#3 B1 E2 A5 E6 E3 C#4 A1,9,M
757.25,E7 E4 E5 A3 A2 C#3 B1 E2 A5 E6 E3 C#4 A1,9,M
757.375,E7 E4 E5 A3 A2 C#3 B1 E2 A5 E6 E3 C#4 A1,9,M
757.5,E7 E5 A2 C#3 B1 E2 A5 E6,9,M
757.625,E7 E5 A2 C#3 B1 E2 A5 E6,9,M
757.75,E7 E5 A2 C#3 B1 E2 A5 E6,9,M
757.875,E7 E5 A2 C#3 B1 E2 A5 E6,9,M
758.0,E7 E4 E5 A3 A2 E2 A5 E6 E3 C#4 A1,9,M
758.125,E7 E5 A3 A2 E2 A5 E6 E3 C#4 A1,9,M
758.25,A3 A2 E2 A5 E3 C#4 A1,9,M
758.333333333,C#4 E4 A3 A2 E2 A5 E3 A1,9,M
758.375,E4 A3 A2 E2 A5 E3 C#4 A1,9,M
758.5,C#7 C#4 E4 C#5 A2 E2 A5 C#6,9,M
758.583333333,C#7 C#5 A2 E2 A5 C#6,9,M
758.625,C#7 C#5 A2 E2 A5 C#6,9,M
758.666666667,C#7 C#4 E4 C#5 A2 E2 A5 C#6,9,M
758.75,C#7 C#4 E4 C#5 A2 E2 A5 C#6,9,M
758.791666667,C#7 C#5 A2 E2 A5 C#6,9,M
758.875,C#7 C#5 A2 E2 A5 C#6,9,M
759.0,A6 E4 A4 A3 A2 E2 A5 E3 C#4 A1,9,M
759.5,A6 A4 A2 E2 A5,9,M
759.75,A2 E2 A5,9,M
760.0,E4 A3 A2 E2 A5 E3 C#4 A1,9,M
760.333333333,E2 E4 A3 A2 A5 E3 C#4 A1,9,M
760.5,A2 E2 A5,9,M
760.666666667,A2 E2 A5,9,M
761.0,E4 A3 A2 C#3 B1 E2 A5 E3 C#4 A1,9,M
761.5,A2 C#3 B1 E2 A5,9,M
762.0,E6 E4 A3 A2 E2 A5 E5 E3 C#4 A1,9,M
762.125,E6 E4 A3 A2 E2 A5 E5 E3 C#4 A1,9,M
762.25,A3 A2 E2 A5 E3 C#4 A1,9,M
762.333333333,C#4 E4 A5 A3 A2 E2 E3 A1,9,M
762.5,E6 C#4 E4 A2 E2 A5 E5,9,M
762.583333333,E6 E4 A2 E2 A5 E5,9,M
762.666666667,E6 C#4 E4 A2 E2 A5 E5,9,M
762.75,C#4 E4 A2 E2 A5,9,M
762.791666667,A2 E2 A5,9,M
763.0,A6 E4 A4 A3 A2 E2 A5 E3 C#4 A1,9,M
763.5,A6 A4 A2 E2 A5,9,M
764.0,A6 E4 A4 A3 A2 E2 A5 E3 C#4 A1,9,M
764.333333333,E2 A6 E4 A4 A3 A2 A5 E3 C#4 A1,9,M
764.5,A6 A4 A2 E2 A5,9,M
764.666666667,A6 A4 A2 E2 A5,9,M
765.0,A6 E4 A4 A3 A2 C#3 B1 E2 A5 E3 C#4 A1,9,M
765.5,A2 C#3 B1 E2 A5,9,M
766.0,E6 E4 A3 A2 E2 A5 E5 E3 C#4 A1,9,M
766.125,E6 E4 A3 A2 E2 A5 E5 E3 C#4 A1,9,M
766.25,A3 A2 E2 A5 E3 C#4 A1,9,M
766.333333333,C#4 E4 E2 A5 A3 A2 E3 A1,9,M
766.5,E6 C#4 E4 A2 E2 A5 E5,9,M
766.583333333,E6 E4 A2 E2 A5 E5,9,M
766.666666667,E6 C#4 E4 A2 E2 A5 E5,9,M
766.75,C#4 E4 A2 E2 A5,9,M
766.791666667,A2 E2 A5,9,M
767.0,C#7 E4 C#5 A3 A2 E2 A5 C#6 E3 C#4 A1,9,M
767.5,A2 E2 A5,9,M
768.0,D7 E4 D5 A2 E2 A5 D6 A3 E3 C#4 A1,9,M
768.333333333,E2 D7 E4 D5 A2 A5 D6 A3 E3 C#4 A1,9,M
768.5,A2 E2 A5,9,M
768.666666667,A2 E2 A5,9,M
769.0,B-6 B-4 F#4 E-3 B1 E2 A5 B-5 F#3 D4 D3 D2,9,M
769.5,D3 E-3 B1 E2 A5,9,M
770.0,B6 B4 B5,9,M
771.0,F#7 F#5 F#6,9,M
772.0,F#7 A4 F#4 F#5 A3 C4 A2 E2 A5 F#6 E-3 E-2,9,M
772.125,F#7 A4 F#4 F#5 A3 C4 A2 E2 A5 F#6 E-3 E-2,9,M
772.25,F#7 A4 F#4 F#5 A3 C4 A2 E2 A5 F#6 E-3 E-2,9,M
772.333333333,C4 A4 F#7 F#4 F#5 A3 A2 E2 A5 F#6 E-3 E-2,9,M
772.375,F#7 F#4 F#5 A3 A2 E2 A5 F#6 C4 A4 E-3 E-2,9,M
772.5,F#7 A4 F#4 F#5 A3 C4 A2 E2 A5 F#6 E-3 E-2,9,M
772.583333333,F#7 A4 F#4 F#5 A3 C4 A2 E2 A5 F#6 E-3 E-2,9,M
772.625,F#7 A4 F#4 F#5 A3 C4 A2 E2 A5 F#6 E-3 E-2,9,M
772.666666667,F#7 A4 F#4 F#5 A3 C4 A2 E2 A5 F#6 E-3 E-2,9,M
772.75,F#7 A4 F#4 F#5 A3 C4 A2 E2 A5 F#6 E-3 E-2,9,M
772.791666667,F#7 A4 F#4 F#5 A3 C4 A2 E2 A5 F#6 E-3 E-2,9,M
772.875,F#7 A4 F#4 F#5 A3 C4 E2 A5 F#6 E-3 E-2,9,M
773.0,F#7 A4 F#5 A3 A2 E-3 B1 A5 F#6 C#4 E3 E2,9,M
773.5,A2 E-3 B1 E2 A5,?,?
774.0,E7 E5 E6,?,?
775.0,E7 E4 E5 G#3 D3 E-3 B1 A5 E6 G#4 E3 B3 E2,9,M
775.375,E4 E5 G#3 D3 E-3 B1 A5 G#4 E3 B3 E2,9,M
775.5,E-7 E-6 E-5 D3 E-3 B1 E2 A5,9,M
775.875,D3 E-3 B1 E2 A5,9,M
776.0,D7 D6 D5 G#4,9,M
776.5,B6 B5 B4,9,M
777.0,A6 E4 A3 E-3 B1 E2 A5 C#4 A4 E3 A2 A1,9,M
777.25,A6 E4 A3 E-3 B1 E2 A5 C#4 A4 E3 A2 A1,9,M
777.333333333,E-4 A6 A5 E4 A3 E-3 B1 E2 C#4 A4 E3 A2 A1,9,M
777.5,A2 E-3 B1 E2 A5 E-4,9,M
777.583333333,A2 E-3 B1 E2 A5,9,M
777.666666667,A2 E-3 B1 E2 A5 E4,9,M
777.916666667,A2 E-3 B1 E2 A5,9,M
778.0,F#4,9,M
778.333333333,E4,9,M
778.666666667,C#5,9,M
779.0,E6 C#5 E5 A4 B4 E3 C#4 E4 A3 A2,9,M
779.25,E6 C#5 E5 A4 E3 C#4 E4 A3 A2,9,M
779.333333333,A4 E6 C#5 E5 E3 C#4 E4 A3 A2,9,M
779.5,A4,9,M
779.666666667,G#4,9,M
780.0,A4,9,M
780.333333333,C#5,9,M
780.666666667,F#5,9,M
781.0,A6 A5 C#5 E5 C#4 E4 A4 A3 A2,9,M
781.25,A6 A5 C#5 E5 C#4 E4 A4 A3 A2,9,M
781.333333333,E-5 A6 A5 C#5 E5 C#4 E4 A4 A3 A2,9,M
781.5,E-5,9,M
781.666666667,E5,9,M
782.0,F#5,9,M
782.333333333,E5,9,M
782.666666667,C#6,9,M
783.0,C#7 A5 C#6 E5 A4 C#4 B5 C#5 E4 A3 A2,9,M
783.25,C#7 A5 C#6 E5 A4 C#4 C#5 E4 A3 A2,9,M
783.333333333,A5 C#7 C#6 E5 A4 C#4 C#5 E4 A3 A2,9,M
783.5,A5,9,M
783.666666667,G#5,9,M
784.0,A5,9,M
784.333333333,C#6 C#5,9,M
784.666666667,F#6 F#5,9,M
785.0,E7 E6 G#4 D3 E4 E5 G#3,9,M
785.125,F#7 F#6 G#4 G#3 E4 E5 D3 E6,9,M
785.25,G#4 G#3 E4 E5 D3 E6,9,M
785.333333333,E7 E6 G#4 D3 E4 E5 G#3,9,M
785.375,E7 E6 G#4 D3 E4 E5 G#3,9,M
785.458333333,G#4 G#3 E4 D3 E6 E5,9,M
785.5,F#7 F#6 G#4 G#3 E4 E5 D3 E6 E3 E2,9,M
785.625,G#4 D3 E6 E4 E5 G#3 E3 E2,9,M
785.666666667,E7 E6 G#4 E2 G#3 E4 E5 D3 E3,9,M
785.75,E7 E6 G#4 E2 G#3 E4 E5 D3,9,M
785.791666667,G#4 E2 D3 E6 E4 E5 G#3,9,M
785.875,F#7 F#6 G#4 E2 G#3 E4 E5 D3 E6,9,M
786.0,E7 E6 G#4 G#3 E4 E5 D3 F3 F2,9,M
786.125,F#7 F#6 G#4 G#3 E4 E5 D3 E6 F3 F2,9,M
786.25,G#4 G#3 E4 E5 D3 E6 F3 F2,9,M
786.333333333,E7 E6 G#4 D3 E4 E5 G#3 F3 F2,9,M
786.375,E7 E6 G#4 D3 E4 E5 G#3 F3 F2,9,M
786.458333333,G#4 E4 E5 D3 E6 G#3 F3 F2,9,M
786.5,F#7 F#6 A4 E4 E5 D3 E6 A3 F3 F2,9,M
786.625,A4 D3 E6 E4 E5 A3 F3 F2,9,M
786.666666667,E7 E6 A4 A3 E4 E5 D3 F3 F2,9,M
786.75,E7 E6 A4 A3 E4 E5 D3 F3 F2,9,M
786.791666667,A4 D3 E6 E4 E5 A3 F3 F2,9,M
786.875,F#7 F#6 A4 E4 E5 D3 E6 A3 F3 F2,9,M
787.0,E7 E6 B-4 E4 D3 E5 B-3 F3 F2,9,M
787.125,F#7 F#6 B-4 F2 B-3 E4 E5 D3 E6 F3,9,M
787.25,B-4 F2 B-3 E4 E5 D3 E6,9,M
787.333333333,E7 E6 B-4 F2 D3 E4 E5 B-3,9,M
787.375,E7 E6 B-4 F2 D3 E4 E5 B-3,9,M
787.458333333,B-4 F2 B-3 E4 D3 E6 E5,9,M
787.5,F#7 F#6 B-4 B-3 E4 E5 D3 E6 F#3 F#2,9,M
787.625,B-4 D3 E6 E4 E5 B-3 F#3 F#2,9,M
787.666666667,E7 E6 B-4 F#2 B-3 E4 E5 D3 F#3,9,M
787.75,E7 E6 B-4 F#2 B-3 E4 E5 D3,9,M
787.791666667,B-4 F#2 D3 E6 E4 E5 B-3,9,M
787.875,F#7 F#6 B-4 F#2 B-3 E4 E5 D3 E6,9,M
788.0,E7 E6 B-4 B-3 E4 E5 D3 G3 G2,9,M
788.125,F#7 F#6 B-4 B-3 E4 E5 D3 E6 G3 G2,9,M
788.25,B-4 B-3 E4 E5 D3 E6 G3 G2,9,M
788.333333333,E7 E6 B-4 D3 E4 E5 B-3 G3 G2,9,M
788.375,E7 E6 B-4 D3 E4 E5 B-3 G3 G2,9,M
788.458333333,B-4 E4 E5 D3 E6 B-3 G3 G2,9,M
788.5,F#7 F#6 B4 E4 E5 D3 E6 B3 G3 G2,9,M
788.625,B4 D3 E6 E4 E5 B3 G3 G2,9,M
788.666666667,E7 E6 B4 B3 E4 E5 D3 G3 G2,9,M
788.75,E7 E6 B4 B3 E4 E5 D3 G3 G2,9,M
788.791666667,B4 D3 E6 E4 E5 B3 G3 G2,9,M
788.875,F#7 F#6 B4 E4 E5 D3 E6 B3 G3 G2,9,M
789.0,E7 E6 C5 E4 E5 C4 G3 G2,9,M
789.125,F#7 F#6 C5 G2 C4 E4 E5 D3 E6 G3,9,M
789.25,C5 G2 C4 E4 E5 D3 E6,9,M
789.333333333,E7 E6 C5 G2 D3 E4 E5 C4,9,M
789.375,E7 E6 C5 G2 D3 E4 E5 C4,9,M
789.458333333,C5 G2 C4 E4 D3 E6 E5,9,M
789.5,F#7 F#6 C5 C4 E4 E5 D3 E6 G#3 G#2,9,M
789.625,C5 D3 E6 E4 E5 C4 G#3 G#2,9,M
789.666666667,E7 E6 C5 G#2 C4 E4 E5 D3 G#3,9,M
789.75,E7 E6 C5 G#2 C4 E4 E5 D3,9,M
789.791666667,C5 G#2 D3 E6 E4 E5 C4,9,M
789.875,F#7 F#6 C5 G#2 E4 E5 D3 E6 C4,9,M
790.0,E7 E6 C#5 E4 E5 D3 C#4 A3 A2,9,M
790.125,F#7 F#6 C#5 A2 C#4 E4 E5 D3 E6 A3,9,M
790.25,C#5 A2 C#4 E4 E5 D3 E6,9,M
790.333333333,E7 E6 C#5 A2 D3 E4 E5 C#4,9,M
790.375,E7 E6 C#5 A2 D3 E4 E5 C#4,9,M
790.458333333,C#5 A2 E4 E5 D3 E6 C#4,9,M
790.5,F#7 F#6 D5 E4 E5 D3 E6 D4 B3 B2,9,M
790.625,D5 D3 E6 E4 E5 D4 B3 B2,9,M
790.666666667,E7 E6 D5 B2 D4 E4 E5 D3 B3,9,M
790.75,E7 E6 D5 B2 D4 E4 E5 D3,9,M
790.791666667,D5 B2 D3 E6 E4 E5 D4,9,M
790.875,F#7 F#6 D5 B2 E4 E5 D3 E6 D4,9,M
791.0,E7 E6 D3 E5 E4 C#4 C#3,9,M
791.125,F#7 F#6 C#3 E4 E5 D3 E6 C#4,9,M
791.25,C#3 E4 E5 D3 E6,9,M
791.333333333,E7 E6 C#3 D3 E5 E4,9,M
791.375,E7 E6 C#3 D3 E5 E4,9,M
791.458333333,C#3 D3 E6 E5 E4,9,M
791.5,F#7 F#6 F5 E4 E5 E6 F4 D4 D3,9,M
791.625,F5 E6 E4 E5 F4 D4 D3,9,M
791.666666667,E7 E6 F5 D3 F4 E4 E5 D4,9,M
791.75,E7 E6 F5 D3 F4 E4 E5,9,M
791.791666667,F5 D3 E6 E4 E5 F4,9,M
791.875,F#7 F#6 F5 D3 E4 E5 E6 F4,9,M
792.0,E7 F#5 E4 E5 D3 E6 F#4 E-4 E-3,9,M
792.125,E7 F#5 E-3 F#4 E4 E5 D3 E6 E-4,9,M
792.25,F#7 F#6 F#5 E-3 F#4 E4 E5 D3 E6,9,M
792.375,E7 F#7 E6 F#6 F#5 E-3 E4 E5 D3 F#4,9,M
792.5,E7 E6 G#5 E4 E5 D3 G#4 E3,9,M
792.625,E-7 E-6 G#5 E3 G#4 D3 E6 E5 E4,9,M
792.75,E7 E-7 E-6 G#5 E3 G#4 D3 E6 E4 E5,9,M
792.875,E7 G#5 E3 D3 E6 E4 E5 G#4,9,M
793.0,A6 A5 C#5 E5 C#4 E4 A4 A3 A2,9,M
793.25,A6 A5 C#5 E5 C#4 E4 A4 A3 A2,9,M
793.333333333,E-4 A6 A5 C#5 E5 C#4 E4 A4 A3 A2,9,M
793.5,A2 E-4,9,M
793.583333333,A2,9,M
793.666666667,A2 E4,9,M
793.916666667,A2,9,M
794.0,F#4,9,M
794.333333333,E4,9,M
794.666666667,C#5,9,M
795.0,E6 C#5 E5 A4 B4 E3 C#4 E4 A3 A2,9,M
795.25,E6 C#5 E5 A4 E3 C#4 E4 A3 A2,9,M
795.333333333,A4 E6 C#5 E5 E3 C#4 E4 A3 A2,9,M
795.5,A4,9,M
795.666666667,G#4,9,M
796.0,A4,9,M
796.333333333,C#5,9,M
796.666666667,F#5,9,M
797.0,A6 A5 C#5 E5 C#4 E4 A4 A3 A2,9,M
797.25,A6 A5 C#5 E5 C#4 E4 A4 A3 A2,9,M
797.333333333,E-5 A6 A5 C#5 E5 C#4 E4 A4 A3 A2,9,M
797.5,E-5,9,M
797.666666667,E5,9,M
798.0,F#5,9,M
798.333333333,E5,9,M
798.666666667,C#6,9,M
799.0,C#7 C#6 E5 A4 C#4 B5 C#5 E4 A3 A2,9,M
799.25,C#7 C#6 E5 A4 C#4 C#5 E4 A3 A2,9,M
799.333333333,A5 C#7 C#6 E5 A4 C#4 C#5 E4 A3 A2,9,M
799.5,A5,9,M
799.666666667,G#5,9,M
800.0,A5,9,M
800.333333333,C#6 C#5,9,M
800.666666667,F#6 F#5,9,M
801.0,C#7 C#6 C#5 C#4 F4 F6 F5 C#3,9,M
801.125,D7 D6 D5 D4 C#5 F4 C#4 F5 C#3,6,m
801.25,C#5 F4 C#4 F5 C#3,6,m
801.333333333,C#7 C#6 C#5 C#4 F4 F5 C#3,6,m
801.458333333,C#5 F4 F5 C#3 C#4,6,m
801.5,D7 D6 D5 D4 F4 F5 C#4 C#3 C#2,6,m
801.625,F4 F5 C#4 C#3 C#2,6,m
801.666666667,C#7 C#6 C#5 C#4 C#2 F4 F5 C#3,6,m
801.75,C#7 C#6 C#5 C#4 C#2 F4 F5 C#3,6,m
801.791666667,C#2 F4 F5 C#3 C#4,6,m
801.875,D7 D6 D5 D4 C#2 F4 F5 C#3 C#4,6,m
802.0,C#7 C#6 C#5 C#4 F4 F5 C#3 D3 D2,6,m
802.125,D7 D6 D5 D4 F4 F5 C#3 C#4 D3 D2,6,m
802.25,F4 F5 C#3 C#4 D3 D2,6,m
802.333333333,C#7 C#6 C#5 C#4 F5 F4 C#3 D3 D2,6,m
802.458333333,F5 F4 C#3 C#4 D3 D2,6,m
802.5,D7 D6 D5 D4 F#5 F#4 C#3 C#4 D3 D2,6,m
802.625,F#5 F#4 C#3 C#4 D3 D2,6,m
802.666666667,C#7 C#6 C#5 C#4 F#4 F#5 C#3 D3 D2,6,m
802.75,C#7 C#6 C#5 C#4 F#4 F#5 C#3 D3 D2,6,m
802.791666667,F#5 F#4 C#3 C#4 D3 D2,6,m
802.875,C#7 D7 C#6 D6 C#5 D5 C#4 D4 F#5 F#4 C#3 D3 D2,6,m
803.0,C#7 C#6 C#5 C#4 G5 G4 C#3 D3 D2,6,m
803.125,D7 D6 D5 D4 D2 C#5 G4 C#4 G5 C#3 D3,6,m
803.25,D2 C#5 G4 C#4 G5 C#3,6,m
803.333333333,C#7 C#6 C#5 C#4 D2 G5 G4 C#3,6,m
803.458333333,D2 C#5 G4 G5 C#3 C#4,6,m
803.5,D7 D6 D5 D4 G4 G5 C#3 C#4 E-3 E-2,6,m
803.625,G5 G4 C#3 C#4 E-3 E-2,6,m
803.666666667,C#7 C#6 C#5 C#4 E-2 G4 G5 C#3 E-3,6,m
803.75,C#7 C#6 C#5 C#4 E-2 G4 G5 C#3,6,m
803.791666667,E-2 G5 G4 C#3 C#4,6,m
803.875,D7 D6 D5 D4 E-2 G4 G5 C#3 C#4,6,m
804.0,C#7 C#6 C#5 C#4 G4 G5 C#3 E3 E2,6,m
804.125,D7 D6 D5 D4 G4 G5 C#3 C#4 E3 E2,6,m
804.25,G4 G5 C#3 C#4 E3 E2,6,m
804.333333333,C#7 C#6 C#5 C#4 G5 G4 C#3 E3 E2,6,m
804.458333333,G5 G4 C#3 C#4 E3 E2,6,m
804.5,D7 D6 D5 D4 G#5 G#4 C#3 C#4 E3 E2,6,m
804.625,G#5 G#4 C#3 C#4 E3 E2,6,m
804.666666667,C#7 C#6 C#5 C#4 G#4 G#5 C#3 E3 E2,6,m
804.75,C#7 C#6 C#5 C#4 G#4 G#5 C#3 E3 E2,6,m
804.791666667,G#5 G#4 C#3 C#4 E3 E2,6,m
804.875,D7 D6 D5 D4 G#5 G#4 C#3 C#4 E3 E2,6,m
805.0,C#7 C#6 C#5 C#4 A5 A4 C#3 E3 E2,6,m
805.125,D7 D6 D5 D4 E2 C#5 A4 C#4 A5 C#3 E3,6,m
805.25,E2 C#5 A4 C#4 A5 C#3,6,m
805.333333333,C#7 C#6 C#5 C#4 E2 A5 A4 C#3,6,m
805.458333333,E2 C#5 A5 A4 C#3 C#4,6,m
805.5,D7 D6 D5 D4 A5 A4 C#3 C#4 F3 F2,6,m
805.625,A5 A4 C#3 C#4 F3 F2,6,m
805.666666667,C#7 C#6 C#5 C#4 F2 A5 A4 C#3 F3,6,m
805.75,C#7 C#6 C#5 C#4 F2 A5 A4 C#3,6,m
805.791666667,F2 A5 A4 C#3 C#4,6,m
805.875,D7 D6 D5 D4 F2 A5 A4 C#3 C#4,6,m
806.0,C#7 C#6 C#5 C#4 B-5 B-4 C#3 F#3 F#2,6,m
806.125,D7 D6 D5 D4 F#2 B-4 B-5 C#3 C#4 F#3,6,m
806.25,F#2 B-4 B-5 C#3 C#4,6,m
806.333333333,C#7 C#6 C#5 C#4 F#2 B-5 B-4 C#3,6,m
806.458333333,F#2 B-5 B-4 C#3 C#4,6,m
806.5,D7 D6 D5 D4 B5 B4 C#3 C#4 G#3 G#2,6,m
806.625,B5 B4 C#3 C#4 G#3 G#2,6,m
806.666666667,C#7 C#6 C#5 C#4 G#2 B4 B5 C#3 G#3,6,m
806.75,C#7 C#6 C#5 C#4 G#2 B4 B5 C#3,6,m
806.791666667,G#2 B5 B4 C#3 C#4,6,m
806.875,D7 D6 D5 D4 G#2 B5 B4 C#3 C#4,6,m
807.0,C#7 C#6 C#5 C#4 C#3 A3 A2,6,m
807.125,D7 D6 D5 D4 A2 C#5 C#4 C#6 C#3 A3,6,m
807.25,A2 C#5 C#4 C#6 C#3,6,m
807.333333333,C#7 C#6 C#5 C#4 A2 C#3,6,m
807.458333333,A2 C#6 C#5 C#3 C#4,6,m
807.5,D7 D6 D5 D4 C#3 C#4 B3 B2,6,m
807.625,D6 D5 C#3 C#4 B3 B2,6,m
807.666666667,C#7 C#6 C#5 C#4 B2 D5 D6 C#3 B3,6,m
807.75,C#7 C#6 C#5 C#4 B2 D5 D6 C#3,6,m
807.791666667,B2 D6 D5 C#3 C#4,6,m
807.875,D7 D6 D5 D4 B2 C#3 C#4,6,m
808.0,C#7 C#6 C#5 C3 E-5 E-6 C#3 C#4 C4,6,m
808.25,D7 D6 D5 D4 C3 E-5 E-6 C#3 C#4,6,m
808.375,C#7 D7 C#6 D6 C#5 D5 C#4 D4 C3 E-6 E-5 C#3,6,m
808.5,C#7 C#6 C#5 C#4 F6 F5 C#3,6,m
808.625,C7 C6 C5 C4 C#3 F5 F6 C#4,6,m
808.75,C#7 C7 C#6 C6 C#5 C5 C4 C#3 F5 F6 C#4,6,m
808.875,C#7 C#6 C#5 F6 F5 C#3 C#4,6,m
809.0,F#7 F#4 F#5 A3 C#4 F#6 F#3 F#2,6,m
809.25,F#7 F#4 F#5 A3 C#4 F#6 F#3 F#2,6,m
809.333333333,C4 F#7 F#4 F#5 A3 C#4 F#6 F#3 F#2,6,m
809.5,C4,6,m
809.666666667,C#4,6,m
810.0,D4,6,m
810.333333333,C#4,6,m
810.666666667,A4,6,m
811.0,F#3 C#4 G#4 A3 A2,6,m
811.25,F#3 C#4 A3 A2,6,m
811.333333333,F#4 F#3 C#4 A3 A2,6,m
811.5,F#4,6,m
811.666666667,F4,6,m
812.0,F#4,6,m
812.333333333,A4,6,m
812.666666667,C#5,6,m
813.0,F#4 F#3 D5 D3 D4,6,m
813.25,F#4 F#3 D4 D5 D3,6,m
813.5,F#4 F#3 D4 D5 D3 D2,6,m
813.75,F#4 F#3 D4 D5 D3 D2,6,m
814.0,F#4 F#3 D4 D5 E-3 E-2,6,m
814.25,F#4 F#3 D4 D5 E-3 E-2,6,m
814.5,G4 G3 D4 D5 E-3 E-2,6,m
814.75,G4 G3 D4 D5 E-3 E-2,6,m
815.0,G#4 G#3 D4 D5 E-3 E-2,6,m
815.25,G#4 G#3 D4 D5 E-3 E-2,?,?
815.5,G#3 D4 D5 G#4 E3 E2,?,?
815.75,G#3 D4 D5 G#4 E3 E2,?,?
816.0,A4 A3 D4 D5 F3 F2,?,?
816.25,A4 A3 D4 D5 F3 F2,?,?
816.5,B-4 B-3 D4 D5 F#3 F#2,?,?
816.75,B-4 B-3 D4 D5 F#3 F#2,?,?
817.0,B4 D4 D5 B3 G#4 G3 G2,?,?
817.25,B4 D5 B3 D4 G#4 G3 G2,8,m
817.333333333,C#4 B4 D5 B3 D4 G#4 G3 G2,8,m
817.5,C#4,8,m
817.666666667,D4,8,m
818.0,E4,8,m
818.333333333,D4,8,m
818.666666667,B4,8,m
819.0,B3 D4 A4 G3 G2,8,m
819.25,B3 D4 G3 G2,8,m
819.333333333,G4 B3 D4 G3 G2,8,m
819.5,G4,8,m
819.666666667,F#4,8,m
820.0,G4,8,m
820.333333333,B4,8,m
820.666666667,D5,8,m
821.0,G4 G3 E-5 E-4 E-3,8,m
821.25,G4 G3 E-5 E-4 E-3,8,m
821.5,G4 G3 E-5 E-4 E-3 E-2,8,m
821.75,G4 G3 E-5 E-4 E-3 E-2,8,m
822.0,G4 G3 E-5 E-4 E3 E2,8,m
822.25,G4 G3 E-5 E-4 E3 E2,8,m
822.5,G#4 G#3 E-5 E-4 E3 E2,8,m
822.75,G#4 G#3 E-5 E-4 E3 E2,8,m
823.0,A4 A3 E-5 E-4 E3 E2,8,m
823.25,A4 A3 E-5 E-4 E3 E2,8,m
823.5,A4 A3 E-5 E-4 F3 F2,8,m
823.75,A4 A3 E-5 E-4 F3 F2,8,m
824.0,B-4 B-3 E-5 E-4 F#3 F#2,8,m
824.25,B-4 B-3 E-5 E-4 F#3 F#2,8,m
824.5,B4 B3 E-5 E-4 G3 G2,8,m
824.75,B4 B3 E-5 E-4 G3 G2,8,m
825.0,C5 E-5 E-4 G#4 C4 G#3 G#2,8,m
825.333333333,G4 G3 C5 E-5 E-4 C4 G#3 G#2,8,m
825.5,G4 G3,8,m
825.666666667,G#4 G#3,8,m
826.0,B-4 B-3,8,m
826.333333333,G#4 G#3,8,m
826.666666667,E-5 E-4,8,m
827.0,D5 D4,8,m
827.5,F#2 D5 D4 F#3,?,?
827.875,F#2 D5 D4,?,?
828.0,F#4 C5 C4 D4 D5 G3 G2,?,?
828.25,F#4 C5 G2 C4 D5 D4 G3,?,?
828.375,F#4 C5 G2 C4 D5 D4,?,?
828.5,F#4 C5 C4 D5 D4 G#3 G#2,?,?
828.75,F#4 C5 G#2 C4 D5 D4 G#3,?,?
828.875,F#4 C5 G#2 D5 D4 C4,?,?
829.0,G4 B4 D4 D5 B3 G3 G2,?,?
829.333333333,F#4 G4 B4 D4 B3 G3 G2,9,M
829.5,F#4,9,M
829.666666667,G4,9,M
830.0,A4,9,M
830.333333333,G4,9,M
830.666666667,F5 F4,9,M
831.0,E5 E4,9,M
831.5,G#2 E5 E4 G#3,11,m
831.875,G#2 E5 E4,11,m
832.0,G#4 D5 D4 E4 E5 A3 A2,11,m
832.25,G#4 D5 A2 D4 E5 E4 A3,11,m
832.375,G#4 D5 A2 D4 E5 E4,11,m
832.5,G#4 D5 D4 E5 E4 B-3 B-2,11,m
832.75,G#4 D5 B-2 D4 E5 E4 B-3,11,m
832.875,G#4 D5 B-2 E5 E4 D4,11,m
833.0,A4 C#5 E4 E5 C#4 A3 A2,11,m
833.333333333,G#4 G#3 A4 C#5 E4 C#4 A3 A2,11,m
833.5,G#4 G#3,11,m
833.666666667,A4 A3,11,m
834.0,B4 B3,11,m
834.333333333,A4 A3,11,m
834.666666667,G5 G4,11,m
835.0,F#5 F#4,11,m
835.5,B-2 F#5 F#4 B-3,11,m
835.875,B-2 F#5 F#4,11,m
836.0,B-4 E5 D4 E4 F#4 F#5 B3 B2,11,m
836.25,B-4 E5 D4 B2 E4 F#5 F#4 B3,11,m
836.375,B-4 E5 D4 B2 E4 F#5 F#4,11,m
836.5,B-4 E5 D4 E4 F#5 F#4 C4 C3,11,m
836.75,B-4 E5 D4 C3 E4 F#5 F#4 C4,11,m
836.875,B-4 E5 D4 C3 F#5 F#4 E4,11,m
837.0,B4 E-5 F#4 F#5 E-4 B3 B2,11,m
837.333333333,B-4 B-3 B4 E-5 F#4 E-4 B3 B2,11,m
837.5,B-4 B-3,11,m
837.666666667,B4 B3,11,m
838.0,C5 C4,11,m
838.333333333,B4 B3,11,m
838.666666667,F#5 F#4,11,m
839.0,G5 G4,11,m
839.5,B-2 G5 G4 B-1,11,m
839.875,B-2 G5 G4,11,m
840.0,E5 G4 E4 G5 B2 B1,11,m
840.25,E5 B2 E4 G5 G4 B1,4,m
840.375,E5 B2 E4 G5 G4,4,m
840.5,E5 G4 E4 G5 B-2 B-1,4,m
840.625,E5 G4 E4 B-2 B-1,4,m
840.75,E4 B-2 B-1,4,m
840.875,E4,4,m
841.0,A3 A2 A1,4,m
841.125,A2 A3 A1,4,m
841.25,A2 A3 A1,4,m
841.333333333,A2 A3 A1,4,m
841.458333333,A2 A3 A1,4,m
841.5,A2 A3 B-3 B-2 B-1,4,m
841.625,A2 A3 B-3 B-2 B-1,4,m
841.666666667,A2 A3 B-3 B-2 B-1,4,m
841.75,A2 A3 B-3 B-2 B-1,4,m
841.791666667,A2 A3 B-3 B-2 B-1,4,m
841.875,A2 A3 B-3 B-2 B-1,4,m
842.0,A2 A3 A1,4,m
842.125,A2 A3 A1,4,m
842.25,A2 A3 A1,4,m
842.333333333,A2 A3 A1,4,m
842.458333333,A2 A3 A1,4,m
842.5,A2 A3 B-3 B-2 B-1,4,m
842.625,A2 A3 B-3 B-2 B-1,4,m
842.666666667,A2 A3 B-3 B-2 B-1,4,m
842.75,A2 A3 B-3 B-2 B-1,4,m
842.791666667,A2 A3 B-3 B-2 B-1,4,m
842.875,A2 A3 B-3 B-2 B-1,4,m
843.0,A2 A3 B3 B2 B1,4,m
843.125,A2 A3 B3 B2 B1,4,m
843.25,A2 A3 B3 B2 B1,4,m
843.333333333,A2 A3 B3 B2 B1,4,m
843.458333333,A2 A3 B3 B2 B1,4,m
843.5,A2 A3 C4 C3 C2,4,m
843.625,A2 A3 C4 C3 C2,4,m
843.666666667,A2 A3 C4 C3 C2,4,m
843.75,A2 A3 C4 C3 C2,4,m
843.791666667,A2 A3 C4 C3 C2,4,m
843.875,A2 A3 C4 C3 C2,4,m
844.0,A2 A3 C#4 C#3 C#2,4,m
844.125,A2 A3 C#4 C#3 C#2,7,m
844.25,A2 A3 C#4 C#3 C#2,7,m
844.333333333,A2 A3 C#4 C#3 C#2,7,m
844.458333333,A2 A3 C#4 C#3 C#2,7,m
844.5,A2 A3 D4 D3 D2,7,m
844.625,A2 A3 D4 D3 D2,7,m
844.666666667,A2 A3 D4 D3 D2,7,m
844.75,A2 A3 D4 D3 D2,7,m
844.791666667,A2 A3 D4 D3 D2,7,m
844.875,A2 A3 D4 D3 D2,7,m
845.0,A2 A3 E-4 E-3 E-2,7,m
845.125,A2 A3 E-4 E-3 E-2,7,m
845.25,A2 A3 E-4 E-3 E-2,7,m
845.333333333,A2 A3 E-4 E-3 E-2,7,m
845.458333333,A2 A3 E-4 E-3 E-2,7,m
845.5,A2 A3 E4 E3 E2,7,m
845.625,A2 A3 E4 E3 E2,7,m
845.666666667,A2 A3 E4 E3 E2,7,m
845.75,A2 A3 E4 E3 E2,7,m
845.791666667,A2 A3 E4 E3 E2,7,m
845.875,A2 A3 E4 E3 E2,7,m
846.0,A2 A3 F4 F3 F2,7,m
846.125,A2 A3 F4 F3 F2,7,m
846.25,A2 A3 F4 F3 F2,7,m
846.333333333,A2 A3 F4 F3 F2,7,m
846.458333333,A2 A3 F4 F3 F2,7,m
846.5,A2 A3 F#4 F#3 F#2,7,m
846.625,A2 A3 F#4 F#3 F#2,7,m
846.666666667,A2 A3 F#4 F#3 F#2,7,m
846.75,A2 A3 F#4 F#3 F#2,7,m
846.791666667,A2 A3 F#4 F#3 F#2,7,m
846.875,A2 A3 F#4 F#3 F#2,7,m
847.0,A2 A3 G4 G3 G2,7,m
847.125,A2 A3 G4 G3 G2,7,m
847.25,A2 A3 G4 G3 G2,7,m
847.333333333,A2 A3 G4 G3 G2,7,m
847.458333333,A2 A3 G4 G3 G2,7,m
847.5,A2 A3 G#4 G#3 G#2,7,m
847.625,A2 A3 G#4 G#3 G#2,7,m
847.666666667,A2 A3 G#4 G#3 G#2,7,m
847.75,A2 A3 G#4 G#3 G#2,7,m
847.791666667,A2 A3 G#4 G#3 G#2,7,m
847.875,A2 G#4 G#3 G#2,7,m
848.0,A4 A3 A2,7,m
849.0,B-1 G4 D5 D3 G3 D4 B-2 B-3,7,m
849.25,B-1 G4 D5 D3 G3 D4 B-2 B-3,7,m
849.5,B-1 G4 D5 D3 G3 D4 B-2 B-3,7,m
849.75,B-1 G4 D5 D3 G3 D4 B-2 B-3,7,m
850.0,B-1 G4 D5 D3 G3 D4 B-2 B-3,7,m
850.25,B-1 G4 D5 D3 G3 D4 B-2 B-3,7,m
850.5,B-1 G4 D5 D3 G3 D4 B-2 B-3,7,m
850.625,B-1 G4 B-2 B-3,7,m
850.75,B-1 G4 B-2 B-3,7,m
851.0,B-1 G4 D5 D3 G3 D4 B-2 B-3,7,m
851.25,B-1 G4 D5 D3 G3 D4 B-2 B-3,7,m
851.5,B-1 G4 D5 D3 G3 D4 B-2 B-3,7,m
851.75,B-1 G4 D5 D3 G3 D4 B-2 B-3,7,m
852.0,B-1 G4 D5 D3 G3 D4 B-2 B-3,7,m
852.25,B-1 G4 D5 D3 G3 D4 B-2 B-3,7,m
852.5,B-1 G4 D5 D3 G3 D4 B-2 B-3,7,m
852.625,B-1 G4 B-3 B-2,7,m
852.75,B-1 G4 B-3 B-2,7,m
853.0,B-1 G4 D5 D3 G3 D4 B-2 B-3,7,m
853.25,B-1 G4 D5 D3 G3 D4 B-2 B-3,7,m
853.5,B-1 G4 D5 D3 G3 D4 B-2 B-3,7,m
853.75,B-1 G4 D5 D3 G3 D4 B-2 B-3,7,m
854.0,B-1 G4 D5 D3 G3 D4 B-2 B-3,7,m
854.25,B-1 G4 B-2 B-3,7,m
854.5,E5 B-1 G4 D4 D5 E3 G3 E4 B-2 B-3,7,m
854.75,E5 B-1 G4 D4 D5 E3 G3 E4 B-2 B-3,7,m
854.875,B-1 G4 B-2 B-3,7,m
855.0,E5 B-1 G4 D4 D5 E3 G3 E4 B-2 B-3,7,m
855.25,E5 B-1 G4 D4 D5 E3 G3 E4 B-2 B-3,7,m
855.5,E5 B-1 G4 D4 D5 E3 G3 E4 B-2 B-3,7,m
855.75,E5 B-1 G4 D4 D5 E3 G3 E4 B-2 B-3,7,m
856.0,E5 B-1 G4 D4 D5 E3 G3 E4 B-2 B-3,7,m
856.25,E5 B-1 G4 D4 D5 E3 G3 E4 B-2 B-3,7,m
856.5,E5 B-1 G4 D4 D5 E3 G3 E4 B-2 B-3,7,m
856.625,B-1 G4 B-3 B-2,7,m
856.75,B-1 G4 B-3 B-2,7,m
857.0,F5 B-1 D5 F3 D4 F4 B-2 B-3,7,m
857.25,F5 D4 B-1 D5 F3 F4 B-2 B-3,7,m
857.5,D4 B-2 B-3 B-1,7,m
857.75,D4 B-2 B-3 B-1,7,m
858.0,F#5 D4 D5 F#3 F#4 B-2 B-3 B-1,7,m
858.25,F#5 D4 D5 F#3 F#4 B-2 B-3 B-1,7,m
858.5,D4 B-2 B-3 B-1,7,m
858.75,D4 B-2 B-3 B-1,7,m
859.0,G5 D4 D5 G3 G4 B-2 B-3 B-1,7,m
859.25,G5 D4 D5 G3 G4 B-2 B-3 B-1,7,m
859.5,D4 B-2 B-3 B-1,7,m
859.75,D4 B-2 B-3 B-1,7,m
860.0,G#5 D4 D5 G#3 G#4 B-2 B-3 B-1,7,m
860.25,G#5 D4 D5 G#3 G#4 B-2 B-3 B-1,7,m
860.5,D4 B-2 B-3 B-1,7,m
860.625,D4 B-3 B-2 B-1,7,m
860.75,D4 B-3 B-2 B-1,7,m
861.0,A5 A4 A3 A2 A1,7,m
861.125,A5 A3 A4 A2 A1,7,m
861.25,A5 A3 A4 A2 A1,7,m
861.333333333,A2 A5 A4 A3 A1,7,m
861.458333333,A5 A2 A3 A4 A1,7,m
861.5,A2 A3 B-3 B-2 B-1,7,m
861.625,A2 A3 B-3 B-2 B-1,7,m
861.666666667,A2 A3 B-3 B-2 B-1,7,m
861.75,A2 A3 B-3 B-2 B-1,7,m
861.791666667,A2 A3 B-3 B-2 B-1,7,m
861.875,A2 A3 B-3 B-2 B-1,7,m
862.0,A2 A3 A1,7,m
862.125,A2 A3 A1,7,m
862.25,A2 A3 A1,7,m
862.333333333,A2 A3 A1,7,m
862.458333333,A2 A3 A1,7,m
862.5,A2 A3 B-3 B-2 B-1,7,m
862.625,A2 A3 B-3 B-2 B-1,7,m
862.666666667,A2 A3 B-3 B-2 B-1,7,m
862.75,A2 A3 B-3 B-2 B-1,7,m
862.791666667,A2 A3 B-3 B-2 B-1,7,m
862.875,A2 A3 B-3 B-2 B-1,7,m
863.0,A2 A3 B3 B2 B1,7,m
863.125,A2 A3 B3 B2 B1,7,m
863.25,A2 A3 B3 B2 B1,7,m
863.333333333,A2 A3 B3 B2 B1,7,m
863.458333333,A2 A3 B3 B2 B1,7,m
863.5,A2 A3 C4 C3 C2,7,m
863.625,A2 A3 C4 C3 C2,7,m
863.666666667,A2 A3 C4 C3 C2,7,m
863.75,A2 A3 C4 C3 C2,7,m
863.791666667,A2 A3 C4 C3 C2,7,m
863.875,A2 A3 C4 C3 C2,7,m
864.0,A2 A3 C#4 C#3 C#2,7,m
864.125,A2 A3 C#4 C#3 C#2,7,m
864.25,A2 A3 C#4 C#3 C#2,7,m
864.333333333,A2 A3 C#4 C#3 C#2,7,m
864.458333333,A2 A3 C#4 C#3 C#2,7,m
864.5,A2 A3 D4 D3 D2,7,m
864.625,A2 A3 D4 D3 D2,7,m
864.666666667,A2 A3 D4 D3 D2,7,m
864.75,A2 A3 D4 D3 D2,7,m
864.791666667,A2 A3 D4 D3 D2,7,m
864.875,A2 A3 D4 D3 D2,7,m
865.0,A2 A3 E-4 E-3 E-2,7,m
865.125,A2 A3 E-4 E-3 E-2,7,m
865.25,A2 A3 E-4 E-3 E-2,7,m
865.333333333,A2 A3 E-4 E-3 E-2,7,m
865.458333333,A2 A3 E-4 E-3 E-2,7,m
865.5,A2 A3 E4 E3 E2,7,m
865.625,A2 A3 E4 E3 E2,7,m
865.666666667,A2 A3 E4 E3 E2,7,m
865.75,A2 A3 E4 E3 E2,7,m
865.791666667,A2 A3 E4 E3 E2,7,m
865.875,A2 A3 E4 E3 E2,7,m
866.0,A2 A3 F4 F3 F2,7,m
866.125,A2 A3 F4 F3 F2,7,m
866.25,A2 A3 F4 F3 F2,7,m
866.333333333,A2 A3 F4 F3 F2,7,m
866.458333333,A2 A3 F4 F3 F2,7,m
866.5,A2 A3 F#4 F#3 F#2,7,m
866.625,A2 A3 F#4 F#3 F#2,7,m
866.666666667,A2 A3 F#4 F#3 F#2,7,m
866.75,A2 A3 F#4 F#3 F#2,7,m
866.791666667,A2 A3 F#4 F#3 F#2,7,m
866.875,A2 A3 F#4 F#3 F#2,7,m
867.0,A2 A3 G4 G3 G2,7,m
867.125,A2 A3 G4 G3 G2,7,m
867.25,A2 A3 G4 G3 G2,7,m
867.333333333,A2 A3 G4 G3 G2,7,m
867.458333333,A2 A3 G4 G3 G2,7,m
867.5,A2 A3 G#4 G#3 G#2,7,m
867.625,A2 A3 G#4 G#3 G#2,7,m
867.666666667,A2 A3 G#4 G#3 G#2,7,m
867.75,A2 A3 G#4 G#3 G#2,7,m
867.791666667,A2 A3 G#4 G#3 G#2,7,m
867.875,A2 G#4 G#3 G#2,7,m
868.0,A4 A3 A2,7,m
869.0,B-1 G4 D5 D3 G3 D4 B-2 B-3,7,m
869.25,B-1 G4 D5 D3 G3 D4 B-2 B-3,7,m
869.5,B-1 G4 D5 D3 G3 D4 B-2 B-3,7,m
869.75,B-1 G4 D5 D3 G3 D4 B-2 B-3,7,m
870.0,B-1 G4 D5 D3 G3 D4 B-2 B-3,7,m
870.25,B-1 G4 D5 D3 G3 D4 B-2 B-3,7,m
870.5,B-1 G4 D5 D3 G3 D4 B-2 B-3,7,m
870.625,B-1 G4 B-2 B-3,7,m
870.75,B-1 G4 B-2 B-3,7,m
871.0,B-1 G4 D5 D3 G3 D4 B-2 B-3,7,m
871.25,B-1 G4 D5 D3 G3 D4 B-2 B-3,7,m
871.5,B-1 G4 D5 D3 G3 D4 B-2 B-3,7,m
871.75,B-1 G4 D5 D3 G3 D4 B-2 B-3,7,m
872.0,B-1 G4 D5 D3 G3 D4 B-2 B-3,7,m
872.25,B-1 G4 D5 D3 G3 D4 B-2 B-3,7,m
872.5,B-1 G4 D5 D3 G3 D4 B-2 B-3,7,m
872.625,B-1 G4 B-3 B-2,7,m
872.75,B-1 G4 B-3 B-2,7,m
873.0,B-1 G4 D5 D3 G3 D4 B-2 B-3,7,m
873.25,B-1 G4 D5 D3 G3 D4 B-2 B-3,7,m
873.5,B-1 G4 D5 D3 G3 D4 B-2 B-3,7,m
873.75,B-1 G4 D5 D3 G3 D4 B-2 B-3,7,m
874.0,B-1 G4 D5 D3 G3 D4 B-2 B-3,7,m
874.25,B-1 G4 B-2 B-3,7,m
874.5,E5 B-1 G4 D4 D5 E3 G3 E4 B-2 B-3,7,m
874.75,E5 B-1 G4 D4 D5 E3 G3 E4 B-2 B-3,7,m
874.875,B-1 G4 B-2 B-3,7,m
875.0,E5 B-1 G4 D4 D5 E3 G3 E4 B-2 B-3,7,m
875.25,E5 B-1 G4 D4 D5 E3 G3 E4 B-2 B-3,10,M
875.5,E5 B-1 G4 D4 D5 E3 G3 E4 B-2 B-3,10,M
875.75,E5 B-1 G4 D4 D5 E3 G3 E4 B-2 B-3,10,M
876.0,E5 B-1 G4 D4 D5 E3 G3 E4 B-2 B-3,10,M
876.25,E5 B-1 G4 D4 D5 E3 G3 E4 B-2 B-3,10,M
876.5,E5 B-1 G4 D4 D5 E3 G3 E4 B-2 B-3,10,M
876.625,B-1 G4 B-3 B-2,10,M
876.75,B-1 G4 B-3 B-2,10,M
877.0,F5 B-1 D5 F3 D4 F4 B-2 B-3,10,M
877.25,F5 B-1 D5 F3 D4 F4 B-2 B-3,10,M
877.5,B-3 B-2 B-1,10,M
877.75,B-3 B-2 B-1,10,M
878.0,F#5 C4 E-5 C5 F#3 E-4 F#4 A2 A3 A1,10,M
878.25,F#5 C4 E-5 C5 F#3 E-4 F#4 A2 A3 A1,10,M
878.5,A3 A2 A1,10,M
878.75,A3 A2 A1,10,M
879.0,G5 E-4 E-5 C5 G3 C4 G4 G2 G1,10,M
879.25,G5 E-4 E-5 C5 G3 C4 G4 G2 G1,10,M
879.5,G3 G2 G1,10,M
879.75,G3 G2 G1,10,M
880.0,A5 C4 E-5 C5 A3 E-4 A4 F2 F3 F1,10,M
880.25,A5 C4 E-5 C5 A3 E-4 A4 F2 F3 F1,10,M
880.5,F3 F2 F1,10,M
880.75,F3 F2 F1,10,M
881.0,B-5 F4 D5 D4 B-4 D3 B-3 B-2 B-1,10,M
881.125,B-5 B-1 F4 D5 B-3 D4 B-4 B-2 D3,10,M
881.25,B-5 B-1 F4 D5 B-3 D4 B-4 B-2,10,M
881.333333333,D3 B-5 F4 D5 D4 B-4 B-3 B-2 B-1,10,M
881.458333333,B-5 B-3 B-1 F4 D5 D4 B-4 B-2,10,M
881.5,B-3 B-1 B-2 D3 B3 B2 B1,10,M
881.625,B-3 B-1 B-2 B3 B2 B1,10,M
881.666666667,B-3 B-1 B-2 D3 B3 B2 B1,10,M
881.75,B-3 B-1 B-2 D3 B3 B2 B1,10,M
881.791666667,B-3 B-1 B-2 B3 B2 B1,10,M
881.875,B-3 B-1 B-2 D3 B3 B2 B1,10,M
882.0,B-3 B-1 B-2 D3,10,M
882.125,B-1 B-3 B-2 D3,10,M
882.25,B-1 B-3 B-2,10,M
882.333333333,D3 B-3 B-2 B-1,10,M
882.458333333,B-1 B-3 B-2,10,M
882.5,B-1 B-3 B-2 D3 B3 B2 B1,10,M
882.625,B-1 B-3 B-2 B3 B2 B1,10,M
882.666666667,B-1 B-3 B-2 D3 B3 B2 B1,10,M
882.75,B-1 B-3 B-2 D3 B3 B2 B1,10,M
882.791666667,B-1 B-3 B-2 B3 B2 B1,10,M
882.875,B-1 B-3 B-2 D3 B3 B2 B1,10,M
883.0,B-1 B-3 B-2 D3 C4 C3 C2,10,M
883.125,B-1 B-3 B-2 D3 C4 C3 C2,10,M
883.25,B-1 B-3 B-2 C4 C3 C2,10,M
883.333333333,D3 B-1 B-3 B-2 C4 C3 C2,10,M
883.458333333,B-1 B-3 B-2 C4 C3 C2,10,M
883.5,B-1 B-3 B-2 D3 C#4 C#3 C#2,10,M
883.625,B-1 B-3 B-2 C#4 C#3 C#2,10,M
883.666666667,B-1 B-3 B-2 D3 C#4 C#3 C#2,10,M
883.75,B-1 B-3 B-2 D3 C#4 C#3 C#2,10,M
883.791666667,B-1 B-3 B-2 C#4 C#3 C#2,10,M
883.875,B-1 B-3 B-2 D3 C#4 C#3 C#2,10,M
884.0,B-1 B-3 B-2 D3 D4 D2,10,M
884.125,B-1 B-3 B-2 D3 D4 D2,10,M
884.25,B-1 B-3 B-2 D4 D3 D2,10,M
884.333333333,D3 B-1 B-3 B-2 D4 D2,10,M
884.458333333,B-1 B-3 B-2 D4 D3 D2,10,M
884.5,B-1 B-3 B-2 D3 E-4 E-3 E-2,10,M
884.625,B-1 B-3 B-2 E-4 E-3 E-2,10,M
884.666666667,B-1 B-3 B-2 D3 E-4 E-3 E-2,10,M
884.75,B-1 B-3 B-2 D3 E-4 E-3 E-2,10,M
884.791666667,B-1 B-3 B-2 E-4 E-3 E-2,10,M
884.875,B-1 B-3 B-2 D3 E-4 E-3 E-2,10,M
885.0,B-1 B-3 B-2 D3 E4 E3 E2,10,M
885.125,B-1 B-3 B-2 D3 E4 E3 E2,10,M
885.25,B-1 B-3 B-2 E4 E3 E2,10,M
885.333333333,D3 B-1 B-3 B-2 E4 E3 E2,10,M
885.458333333,B-1 B-3 B-2 E4 E3 E2,10,M
885.5,B-1 B-3 B-2 D3 F4 F3 F2,10,M
885.625,B-1 B-3 B-2 F4 F3 F2,10,M
885.666666667,B-1 B-3 B-2 D3 F4 F3 F2,10,M
885.75,B-1 B-3 B-2 D3 F4 F3 F2,10,M
885.791666667,B-1 B-3 B-2 F4 F3 F2,10,M
885.875,B-1 B-3 B-2 D3 F4 F3 F2,10,M
886.0,B-1 B-3 B-2 D3 F#4 F#3 F#2,10,M
886.125,B-1 B-3 B-2 D3 F#4 F#3 F#2,7,M
886.25,B-1 B-3 B-2 F#4 F#3 F#2,7,M
886.333333333,D3 B-1 B-3 B-2 F#4 F#3 F#2,7,M
886.458333333,B-1 B-3 B-2 F#4 F#3 F#2,7,M
886.5,B-1 B-3 B-2 D3 G4 G3 G2,7,M
886.625,B-1 B-3 B-2 G4 G3 G2,7,M
886.666666667,B-1 B-3 B-2 D3 G4 G3 G2,7,M
886.75,B-1 B-3 B-2 D3 G4 G3 G2,7,M
886.791666667,B-1 B-3 B-2 G4 G3 G2,7,M
886.875,B-1 B-3 B-2 D3 G4 G3 G2,7,M
887.0,B-1 B-3 B-2 D3 G#4 G#3 G#2,7,M
887.125,B-1 B-3 B-2 D3 G#4 G#3 G#2,7,M
887.25,B-1 B-3 B-2 G#4 G#3 G#2,7,M
887.333333333,D3 B-1 B-3 B-2 G#4 G#3 G#2,7,M
887.458333333,B-1 B-3 B-2 G#4 G#3 G#2,7,M
887.5,B-1 B-3 B-2 D3 A4 A3 A2,7,M
887.625,B-1 B-3 B-2 A4 A3 A2,7,M
887.666666667,B-1 B-3 B-2 D3 A4 A3 A2,7,M
887.75,B-1 B-3 B-2 D3 A4 A3 A2,7,M
887.791666667,B-3 B-1 B-2 A4 A3 A2,7,M
887.875,B-1 B-3 D3 A4 A3 A2,7,M
888.0,D3 B-4 B-3 B-2,7,M
889.0,C#4 E4 G4 C#5 E5 B-3,7,M
891.0,D4 E4 G#4 D5 E5 B3,9,m
893.0,E4 A4 C5 E5 C4,9,m
894.5,G4 B4 D5 G3 B3 D4,9,m
895.0,G4 B4 D5 G3 B3 D4,9,m
897.0,E4 A4 C5 A3,9,m
899.0,E-4 B4 F#4 B3,?,?
900.0,A4 C4 E4,?,?
901.0,B4 F#4 E-4 A2 B3 B2 B1,?,?
901.125,B1 B4 F#4 B3 E-4 B2 A2,?,?
901.25,B1 B4 F#4 B3 E-4 B2,?,?
901.333333333,A2 B4 F#4 E-4 B3 B2 B1,?,?
901.458333333,B1 B4 F#4 E-4 B2 B3,?,?
901.5,B1 B2 A2 C4 C3 C2,?,?
901.625,B1 B2 C4 C3 C2,?,?
901.666666667,B1 B2 A2 C4 C3 C2,?,?
901.75,B1 B2 A2 C4 C3 C2,?,?
901.791666667,B1 B2 C4 C3 C2,?,?
901.875,B1 B2 A2 C4 C3 C2,?,?
902.0,B1 B2 A2 B3,?,?
902.125,B1 B3 B2 A2,9,m
902.25,B1 B3 B2,9,m
902.333333333,A2 B3 B2 B1,9,m
902.458333333,B1 B3 B2,9,m
902.5,B1 B3 B2 A2 C4 C3 C2,9,m
902.625,B1 B3 B2 C4 C3 C2,9,m
902.666666667,B1 B3 B2 A2 C4 C3 C2,9,m
902.75,B1 B3 B2 A2 C4 C3 C2,9,m
902.791666667,B1 B3 B2 C4 C3 C2,9,m
902.875,B1 B3 B2 A2 C4 C3 C2,9,m
903.0,B1 B3 B2 A2 C#4 C#3 C#2,9,m
903.125,B1 B3 B2 A2 C#4 C#3 C#2,9,m
903.25,B1 B3 B2 C#4 C#3 C#2,9,m
903.333333333,A2 B1 B3 B2 C#4 C#3 C#2,9,m
903.458333333,B1 B3 B2 C#4 C#3 C#2,9,m
903.5,B1 B3 B2 A2 D4 D3 D2,9,m
903.625,B1 B3 B2 D4 D3 D2,9,m
903.666666667,B1 B3 B2 A2 D4 D3 D2,9,m
903.75,B1 B3 B2 A2 D4 D3 D2,9,m
903.791666667,B1 B3 B2 D4 D3 D2,9,m
903.875,B1 B3 B2 A2 D4 D3 D2,9,m
904.0,B1 B3 B2 A2 E-4 E-3 E-2,9,m
904.125,B1 B3 B2 A2 E-4 E-3 E-2,9,m
904.25,B1 B3 B2 E-4 E-3 E-2,9,m
904.333333333,A2 B1 B3 B2 E-4 E-3 E-2,9,m
904.458333333,B1 B3 B2 E-4 E-3 E-2,9,m
904.5,B1 B3 B2 A2 E4 E3 E2,9,m
904.625,B1 B3 B2 E4 E3 E2,9,m
904.666666667,B1 B3 B2 A2 E4 E3 E2,9,m
904.75,B1 B3 B2 A2 E4 E3 E2,9,m
904.791666667,B1 B3 B2 E4 E3 E2,9,m
904.875,B1 B3 B2 A2 E4 E3 E2,9,m
905.0,B1 B3 B2 A2 F4 F3 F2,9,m
905.125,B1 B3 B2 A2 F4 F3 F2,9,m
905.25,B1 B3 B2 F4 F3 F2,9,m
905.333333333,A2 B1 B3 B2 F4 F3 F2,9,m
905.458333333,B1 B3 B2 F4 F3 F2,9,m
905.5,B1 B3 B2 A2 F#4 F#3 F#2,9,m
905.625,B1 B3 B2 F#4 F#3 F#2,9,m
905.666666667,B1 B3 B2 A2 F#4 F#3 F#2,9,m
905.75,B1 B3 B2 A2 F#4 F#3 F#2,9,m
905.791666667,B1 B3 B2 F#4 F#3 F#2,9,m
905.875,B1 B3 B2 A2 F#4 F#3 F#2,9,m
906.0,B1 B3 B2 A2 G4 G3 G2,9,m
906.125,B1 B3 B2 A2 G4 G3 G2,9,m
906.25,B1 B3 B2 G4 G3 G2,9,m
906.333333333,A2 B1 B3 B2 G4 G3 G2,9,m
906.458333333,B1 B3 B2 G4 G3 G2,9,m
906.5,B1 B3 B2 A2 G#4 G#3 G#2,9,m
906.625,B1 B3 B2 G#4 G#3 G#2,9,m
906.666666667,B1 B3 B2 A2 G#4 G#3 G#2,9,m
906.75,B1 B3 B2 A2 G#4 G#3 G#2,9,m
906.791666667,B1 B3 B2 G#4 G#3 G#2,9,m
906.875,B1 B3 B2 A2 G#4 G#3 G#2,9,m
907.0,B1 B3 B2 A2 A4 A3,9,m
907.125,B1 B3 B2 A2 A4 A3,9,m
907.25,B1 B3 B2 A4 A3 A2,9,m
907.333333333,A2 B1 B3 B2 A4 A3,9,m
907.458333333,B1 B3 B2 A4 A3 A2,9,m
907.5,B1 B3 B2 A2 B-4 B-3 B-2,9,m
907.625,B1 B3 B2 B-4 B-3 B-2,9,m
907.666666667,B1 B3 B2 A2 B-4 B-3 B-2,9,m
907.75,B1 B3 B2 A2 B-4 B-3 B-2,9,m
907.791666667,B2 B1 B3 B-4 B-3 B-2,9,m
907.875,B2 B1 B3 A2 B-4 B-3 B-2,9,m
908.0,A2 B4 B3 B2,9,m
909.0,G#4 D5 F5 B3 D4 F4,9,m
911.0,A4 E-5 F5 C4 E-4 F4,10,m
913.0,B-4 C#5 F5 C#4 F4,10,m
914.5,C5 E-5 G#3 C4 E-4,10,m
915.0,G#4 C5 E-5 G#3 C4 E-4,10,m
917.0,F4 C#5 B-3 C#4 B-4,10,m
919.0,C5 C4 E4 G4,5,M
920.0,B-4 C#4 F4,5,M
921.0,C5 E4 G4 A2 C4 C3 C2,5,M
921.125,C2 C5 C4 E4 G4 C3 A2,5,M
921.25,C2 C5 C4 E4 G4 C3,5,M
921.333333333,A2 C5 E4 G4 C4 C3 C2,5,M
921.458333333,C2 C5 E4 G4 C3 C4,5,M
921.5,C2 C4 C3 A2 C#4 C#3 C#2,5,M
921.625,C2 C4 C3 C#4 C#3 C#2,5,M
921.666666667,C2 C4 C3 A2 C#4 C#3 C#2,5,M
921.75,C2 C4 C3 A2 C#4 C#3 C#2,5,M
921.791666667,C2 C4 C3 C#4 C#3 C#2,5,M
921.875,C2 C4 C3 A2 C#4 C#3 C#2,5,M
922.0,C2 C4 C3 A2,5,M
922.125,C2 C4 C3 A2,5,M
922.25,C2 C4 C3,5,M
922.333333333,A2 C4 C3 C2,5,M
922.458333333,C2 C4 C3,5,M
922.5,C2 C4 C3 A2 C#4 C#3 C#2,5,M
922.625,C2 C4 C3 C#4 C#3 C#2,5,M
922.666666667,C2 C4 C3 A2 C#4 C#3 C#2,5,M
922.75,C2 C4 C3 A2 C#4 C#3 C#2,5,M
922.791666667,C2 C4 C3 C#4 C#3 C#2,5,M
922.875,C2 C4 C3 A2 C#4 C#3 C#2,5,M
923.0,C2 C4 C3 A2 D4 D3 D2,5,M
923.125,C2 C4 C3 A2 D4 D3 D2,5,M
923.25,C2 C4 C3 D4 D3 D2,5,M
923.333333333,A2 C2 C4 C3 D4 D3 D2,5,M
923.458333333,C2 C4 C3 D4 D3 D2,5,M
923.5,C2 C4 C3 A2 E4 E3 E2,5,M
923.625,C2 C4 C3 E4 E3 E2,5,M
923.666666667,C2 C4 C3 A2 E4 E3 E2,5,M
923.75,C2 C4 C3 A2 E4 E3 E2,5,M
923.791666667,C2 C4 C3 E4 E3 E2,5,M
923.875,C2 C4 C3 A2 E4 E3 E2,5,M
924.0,C2 C4 C3 A2 F4 F3 F2,5,M
924.125,C2 C4 C3 A2 F4 F3 F2,5,M
924.25,C2 C4 C3 F4 F3 F2,5,M
924.333333333,A2 C2 C4 C3 F4 F3 F2,5,M
924.458333333,C2 C4 C3 F4 F3 F2,5,M
924.5,C2 C4 C3 A2 F#4 F#3 F#2,5,M
924.625,C2 C4 C3 F#4 F#3 F#2,5,M
924.666666667,C2 C4 C3 A2 F#4 F#3 F#2,5,M
924.75,C2 C4 C3 A2 F#4 F#3 F#2,5,M
924.791666667,C2 C4 C3 F#4 F#3 F#2,5,M
924.875,C2 C4 C3 A2 F#4 F#3 F#2,5,M
925.0,B-3 B-2 A2 G4 G3 G2,5,M
925.125,B-3 B-2 A2 G4 G3 G2,5,M
925.25,B-3 B-2 G4 G3 G2,5,M
925.333333333,A2 B-3 B-2 G4 G3 G2,5,M
925.458333333,B-3 B-2 G4 G3 G2,5,M
925.5,B-3 B-2 A2 A4 A3,5,M
925.625,B-3 B-2 A4 A3 A2,5,M
925.666666667,B-3 B-2 A2 A4 A3,5,M
925.75,B-3 B-2 A2 A4 A3,5,M
925.791666667,B-3 B-2 A4 A3 A2,5,M
925.875,B-3 B-2 A2 A4 A3,5,M
926.0,B-3 B-2 A2 B-4,5,M
926.125,B-3 B-2 A2 B-4,2,M
926.25,B-3 B-2 B-4,2,M
926.333333333,A2 B-4 B-3 B-2,2,M
926.458333333,B-3 B-2 B-4,2,M
926.5,B-3 B-2 A2 C5 C4 C3,2,M
926.625,B-3 B-2 C5 C4 C3,2,M
926.666666667,B-3 B-2 A2 C5 C4 C3,2,M
926.75,B-3 B-2 A2 C5 C4 C3,2,M
926.791666667,B-3 B-2 C5 C4 C3,2,M
926.875,B-3 B-2 A2 C5 C4 C3,2,M
927.0,B-3 B-2 A2 C#5 C#4 C#3,2,M
927.125,B-3 B-2 A2 C#5 C#4 C#3,2,M
927.25,B-3 B-2 C#5 C#4 C#3,2,M
927.333333333,A2 B-3 B-2 C#5 C#4 C#3,2,M
927.458333333,B-3 B-2 C#5 C#4 C#3,2,M
927.5,B-3 B-2 A2 D5 D4 D3,2,M
927.625,B-3 B-2 D5 D4 D3,2,M
927.666666667,B-3 B-2 A2 D5 D4 D3,2,M
927.75,B-3 B-2 A2 D5 D4 D3,2,M
927.791666667,B-3 B-2 D5 D4 D3,2,M
927.875,B-3 B-2 A2 D5 D4 D3,2,M
928.0,C#5 C#4 E4 A4 E5 A3 A2 E3,2,M
928.25,C#5 C#4 E4 A4 E5 A3 A2 E3,2,M
928.5,F5 F4,2,M
928.75,F5 F4,2,M
929.0,D5 F#5 D4 F#4 A3 A4 D3 D2,2,M
930.625,D5 F#5 D4 F#4,2,M
931.0,D5 F#5 D4 F#4 A3 A4 D3 D2,2,M
932.625,D5 F#5 D4 F#4,2,M
933.0,D4 A3 F#4 D5 A4 F#5 D3 D2,2,M
934.5,C#4 A3 E4 C#5 A4 E5 E3 E2,2,M
935.0,C#5 E5 C#4 E4 A3 A4 E3 E2,2,M
936.625,C#5 E5 C#4 E4,2,M
937.0,A3 D4 D5 A4 F#4 F#3 F#2,2,M
937.5,D4 D5,2,M
938.0,B3 D4 B4 D5 G3 G2,2,M
938.5,D5 D4,2,M
938.625,D5 D4,2,M
939.0,C#4 A4 C#5 A3 A2,2,M
940.0,G3 B4 G4 B3 B2,2,M
941.0,F#4 A4 F#3 A3 C#4 C#3,2,M
942.625,F#4 A4 F#3 A3,2,M
943.0,E3 G3 E4 G4 C#3,2,M
943.25,E3 G3 E4 G4 C#3 A4,2,M
943.5,E3 G3 E4 G4 C#3,2,M
943.625,E3 G3 E4 G4 C#3 B4,2,M
943.875,E3 G3 E4 G4 C#3 C#5,2,M
944.0,C#3 C#5,2,M
944.125,C#3 D5,2,M
944.375,C#3 E5,2,M
944.666666667,F#5,2,M
945.0,B3 E4 G4 B4 G5 E5 E3 E2,2,M
945.5,E5 G5 E4 G4 B3 B4 E3 E2,4,m
946.625,E5 G5 E4 G4,4,m
947.0,E5 G5 E4 G4 B3 B4 E3 E2,4,m
948.625,E5 G5 E4 G4,4,m
949.0,B3 E4 G4 B4 G5 E5 E3 E2,4,m
950.5,B3 D4 F#4 B4 F#5 D5 F#3 F#2,4,m
951.0,D5 F#5 D4 F#4 B3 B4 F#3 F#2,4,m
952.625,D5 F#5 D4 F#4,4,m
953.0,B3 E4 E5 B4 G3 G2,4,m
953.5,E4 E5,4,m
954.0,C#4 E4 C#5 E5 A3 A2,4,m
954.5,E5 E4,?,?
954.625,E5 E4,?,?
955.0,D4 B4 D5 B3 B2,?,?
956.0,A3 C#5 A4 C#4 C#3,7,m
957.0,B4 G3 B3 G4 D4 D3,7,m
958.625,B4 G3 B3,7,m
959.0,F#3 A3 D4 F#4 A4 D3,7,m
959.25,F#3 A3 D4 F#4 A4 D3 B4,3,M
959.5,F#3 A3 D4 F#4 A4 D3 C#5,3,M
959.75,F#3 A3 D4 F#4 A4 D3 D5,3,M
960.0,D3 E5,3,M
960.25,D3 F#5,3,M
960.5,D3 G5,3,M
960.625,G5,3,M
960.75,A5,3,M
961.0,G5 B-5 B-3 G4 G2 D5 D4 B-4 G3,3,M
962.625,G5 B-5 B-3 G4 G2,3,M
963.0,F5 B-5 B-3 F4 G#2 D5 D4 B-4 G#3,3,M
964.625,F5 B-5 B-3 F4 G#2,3,M
965.0,E-5 B-5 B-4 B-3 E-4 G3 G2,3,M
966.5,B-5 C4 E5 C6 E4 C5 B-3 B-4 F#3 F#2,3,M
967.0,C6 E5 B-5 B-3 E4 F#2 C4 C5 B-4 F#3,3,M
968.625,C6 E5 B-5 B-3 E4 F#2,8,M
969.0,F5 B-5 D4 D6 F4 D5 B-3 B-4 F3 F2,8,M
970.0,F#5 B-5 B-4 F#3 E-4 E-6 E-5 B-3 F#4 E-3 E-2,8,M
971.0,B-5 F3 F6 B-4 F5 B-3 F4 C#3 C#2,8,M
972.0,E-6 B-5 G4 E-5 G3 E-4 G6 G5 C#4 B-4 B-2 B-1,8,M
973.0,E-6 C6 G#4 E-5 G#3 C4 A2 G#6 G#5 E-4 C5 G#2 G#1,8,M
973.125,E-6 G#6 G#5 C6 G#4 E-5 C5 G#3 C4 E-4 G#2 A2 G#1,8,M
973.25,E-6 G#6 G#5 C6 G#4 E-5 C5 G#3 C4 E-4 G#2 A2 G#1,8,M
973.375,E-6 G#6 G#5 C6 G#4 E-5 C5 G#3 C4 E-4 G#2 A2 G#1,8,M
973.5,E-6 G#6 G#5 C6 G#4 E-5 C5 G#3 C4 E-4 G#2 A2 G#1,8,M
973.625,E-6 G#6 G#5 C6 G#4 E-5 C5 G#3 C4 E-4 G#2 A2 G#1,8,M
973.75,E-6 G#6 G#5 C6 G#4 E-5 C5 G#3 C4 E-4 G#2 A2 G#1,8,M
973.875,E-6 G#6 G#5 C6 G#4 E-5 C5 G#3 C4 E-4 G#2 A2 G#1,8,M
974.0,E-6 G#6 G#5 C6 G#4 E-5 C5 G#3 C4 E-4 G#2 A2 G#1,8,M
974.125,E-6 G#6 G#5 C6 G#4 E-5 C5 G#3 C4 E-4 G#2 A2 G#1,8,M
974.25,E-6 G#6 G#5 C6 G#4 E-5 C5 G#3 C4 E-4 G#2 A2 G#1,8,M
974.375,E-6 G#6 G#5 C6 G#4 E-5 C5 G#3 C4 E-4 G#2 A2 G#1,8,M
974.5,E-6 G#6 G#5 C6 G#4 E-5 C5 G#3 C4 E-4 G#2 A2 G#1,8,M
974.625,E-6 G#6 G#5 C6 G#4 E-5 C5 G#3 C4 E-4 G#2 A2 G#1,8,M
974.75,E-6 G#6 G#5 C6 G#4 E-5 C5 G#3 C4 E-4 G#2 A2 G#1,8,M
974.875,E-6 G#6 G#5 C6 G#4 E-5 C5 G#3 C4 E-4 G#2 A2 G#1,8,M
975.0,E-6 G#6 G#5 C6 G#4 E-5 C5 G#3 C4 E-4 G#2 A2 G#1,8,M
975.125,E-6 G#6 G#5 C6 G#4 E-5 C5 G#3 C4 E-4 G#2 A2 G#1,8,M
975.25,E-6 G#6 G#5 C6 G#4 E-5 C5 G#3 C4 E-4 G#2 A2 G#1,8,M
975.375,E-6 G#6 G#5 C6 G#4 E-5 C5 G#3 C4 E-4 G#2 A2 G#1,8,M
975.5,E-6 G#6 G#5 C6 G#4 E-5 C5 G#3 C4 E-4 G#2 A2 G#1,8,M
975.625,E-6 G#6 G#5 C6 G#4 E-5 C5 G#3 C4 E-4 G#2 A2 G#1,8,M
975.75,E-6 G#6 G#5 C6 G#4 E-5 C5 G#3 C4 E-4 G#2 A2 G#1,8,M
975.875,E-6 G#6 G#5 C6 G#4 E-5 C5 G#3 C4 E-4 G#2 A2 G#1,8,M
976.0,E-6 G#6 G#5 C6 G#4 E-5 C5 G#3 C4 E-4 G#2 A2 G#1,8,M
976.125,E-6 G#6 G#5 C6 G#4 E-5 C5 G#3 C4 E-4 G#2 A2 G#1,1,M
976.25,E-6 G#6 G#5 C6 G#4 E-5 C5 G#3 C4 E-4 G#2 A2 G#1,1,M
976.375,E-6 G#6 G#5 C6 G#4 E-5 C5 G#3 C4 E-4 G#2 A2 G#1,1,M
976.5,E-6 G#6 G#5 C6 G#4 E-5 C5 G#3 C4 E-4 G#2 A2 G#1,1,M
976.625,E-6 G#6 G#5 C6 G#4 E-5 C5 G#3 C4 E-4 G#2 A2 G#1,1,M
976.75,E-6 G#6 G#5 C6 G#4 E-5 C5 G#3 C4 E-4 G#2 A2 G#1,1,M
976.875,E-6 G#6 G#5 C6 G#4 E-5 C5 G#3 C4 E-4 G#2 A2 G#1,1,M
977.0,E-6 G#6 G#5 C6 G#4 E-5 C5 G#3 C4 E-4 G#2 G#1,1,M
977.125,E-6 G#6 G#5 C6 G#4 E-5 C5 G#3 C4 E-4 G#2 A2 G#1,1,M
977.25,E-6 G#6 G#5 C6 G#4 E-5 C5 G#3 C4 E-4 G#2 A2 G#1,1,M
977.375,E-6 G#6 G#5 C6 G#4 E-5 C5 G#3 C4 E-4 G#2 A2 G#1,1,M
977.5,E-6 G#6 G#5 C6 G#4 E-5 C5 G#3 C4 E-4 G#2 A2 G#1,1,M
977.625,E-6 G#6 G#5 C6 G#4 E-5 C5 G#3 C4 E-4 G#2 A2 G#1,1,M
977.75,E-6 G#6 G#5 C6 G#4 E-5 C5 G#3 C4 E-4 G#2 A2 G#1,1,M
977.875,E-6 G#6 G#5 C6 G#4 E-5 C5 G#3 C4 E-4 G#2 A2 G#1,1,M
978.0,E-6 G#6 G#5 C6 G#4 E-5 C5 G#3 C4 E-4 G#2 A2 G#1,1,M
978.125,E-6 G#6 G#5 C6 G#4 E-5 C5 G#3 C4 E-4 G#2 A2 G#1,1,M
978.25,E-6 G#6 G#5 C6 G#4 E-5 C5 G#3 C4 E-4 G#2 A2 G#1,1,M
978.375,E-6 G#6 G#5 C6 G#4 E-5 C5 G#3 C4 E-4 G#2 A2 G#1,1,M
978.5,E-6 G#6 G#5 C6 G#4 E-5 C5 G#3 C4 E-4 G#2 A2 G#1,1,M
978.625,E-6 G#6 G#5 C6 G#4 E-5 C5 G#3 C4 E-4 G#2 A2 G#1,1,M
978.75,E-6 G#6 G#5 C6 G#4 E-5 C5 G#3 C4 E-4 G#2 A2 G#1,1,M
978.875,E-6 C6 G#4 E-5 G#3 C4 A2 G#6 G#5 E-4 C5 G#2 G#1,1,M
979.0,E-5 G#4 C4 A2 G#5 E-4 C5 G#3 G#2,1,M
979.5,A2,1,M
981.0,G#5 G#3 F5 C#6 F4 C#5 C#4 G#4 C#3 C#2,1,M
983.0,B-5 F3 B-3 F5 C#6 F4 C#5 C#4 B-4 B-2 B-1,1,M
985.0,F#5 B-5 B-3 C#6 F#4 C#5 C#4 B-4 F#3 F#2,11,M
986.5,A5 B5 B4 A3 E-4 E-6 E-5 B3 A4 F3 F2,11,M
987.0,A5 B5 B4 A3 E-4 E-6 E-5 B3 A4 F3 F2,11,M
989.0,G#5 B5 B4 G#3 E4 E6 E5 B3 G#4 E3 E2,11,m
990.0,B5 F#3 B3 F#6 F#5 F#4 B4 D3 D2,11,m
991.0,F6 G#4 F5 G#3 C#4 G#6 G#5 F4 C#5 C#3 C#2,11,m
992.0,E6 B-4 E5 F#4 F#5 F#3 C#4 B-6 B-5 E4 C#5 F#2 F#1,11,m
993.0,E-6 F#4 F#5 F#3 B3 B6 E-5 B5 E-4 B4 B2 B1,7,M
995.0,G3 G4 B4 D4 B3 G2,7,M
996.0,G3 G4 B4 D4,7,M
997.0,G3 G4 B4 D4,7,M
998.5,D3 A4 D4 F#4,7,M
999.0,D3 A4 D4 F#4 A3 D2,7,M
1000.0,D3 A4 D4 F#4,7,M
1001.0,E4 E3 B3 G4,7,M
1002.0,E4 E3 B3 G4 E2,7,M
1002.75,G4 E4 B3 E3 E2,2,M
1003.0,C#4 F#3 B-3 F#4 F#2,2,M
1003.875,F#4 C#4 B-3 F#3 F#2,2,M
1004.0,G3 B3 E4 G2,2,M
1004.875,E4 B3 G3 G2,2,M
1005.0,F#4 D4 A3 A4 A2,2,M
1005.75,A4 D4 F#4 A3 A2,2,M
1006.0,A4,2,M
1013.0,A4 A2 E-4 C4 F#3 A1,?,?
1013.125,A4 A2 E-4 C4 F#3 A1,?,?
1013.25,A4 A2 E-4 C4 F#3 A1,?,?
1013.33333333,A2 A4 E-4 C4 F#3 A1,?,?
1013.375,A4 A2 E-4 C4 F#3 A1,?,?
1013.45833333,A4 A2 E-4 C4 F#3 A1,?,?
1013.5,A4 A2 E-4 C4 F#3 A1,?,?
1013.625,A4 A2 E-4 C4 F#3 A1,?,?
1013.66666667,A4 A2 E-4 C4 F#3 A1,?,?
1013.75,A2 E-4 C4 F#3 A1,?,?
1013.79166667,A2 E-4 C4 F#3 A1,?,?
1013.875,A2 E-4 C4 F#3 A1,?,?
1014.0,A2 E-4 C4 F#3 A1,?,?
1014.125,A2 E-4 C4 F#3 A1,?,?
1014.25,A2 E-4 C4 F#3 A1,?,?
1014.33333333,A2 E-4 C4 F#3 A1,?,?
1014.375,A2 E-4 C4 F#3 A1,?,?
1014.45833333,A2 E-4 C4 F#3 A1,?,?
1014.5,A2 E-4 C4 F#3 A1,?,?
1014.625,A2 E-4 C4 F#3 A1,?,?
1014.66666667,A2 E-4 C4 F#3 A1,?,?
1014.75,A2 E-4 C4 F#3 A1,?,?
1014.79166667,A2 E-4 C4 F#3 A1,?,?
1014.875,A2 E-4 C4 F#3 A1,?,?
1015.0,A2 E-4 C4 F#3 A1,?,?
1015.125,A2 E-4 C4 F#3 A1,?,?
1015.25,A2 E-4 C4 F#3 A1,?,?
1015.33333333,A2 E-4 C4 F#3 A1,?,?
1015.375,A2 E-4 C4 F#3 A1,?,?
1015.45833333,A2 E-4 C4 F#3 A1,?,?
1015.5,A2 E-4 C4 F#3 A1,?,?
1015.625,A2 E-4 C4 F#3 A1,?,?
1015.66666667,A2 E-4 C4 F#3 A1,?,?
1015.75,A2 E-4 C4 F#3 A1,?,?
1015.79166667,A2 E-4 C4 F#3 A1,?,?
1015.875,A2 E-4 C4 F#3 A1,?,?
1016.0,A2 E-4 C4 F#3 A1,?,?
1016.125,A2 E-4 C4 F#3 A1,?,?
1016.25,A2 E-4 C4 F#3 A1,?,?
1016.33333333,A2 E-4 C4 F#3 A1,?,?
1016.375,A2 E-4 C4 F#3 A1,?,?
1016.45833333,A2 E-4 C4 F#3 A1,?,?
1016.5,A2 E-4 C4 F#3 A1,?,?
1016.625,A2 E-4 C4 F#3 A1,?,?
1016.66666667,A2 E-4 C4 F#3 A1,?,?
1016.75,A2 E-4 C4 F#3 A1,?,?
1016.79166667,A2 E-4 C4 F#3 A1,?,?
1016.875,A2 E-4 C4 F#3 A1,?,?
1017.0,A2 E-4 C4 F#3 A1,?,?
1017.125,A2 E-4 C4 F#3 A1,?,?
1017.25,A2 E-4 C4 F#3 A1,?,?
1017.33333333,A2 E-4 C4 F#3 A1,?,?
1017.375,A2 E-4 C4 F#3 A1,?,?
1017.45833333,A2 E-4 C4 F#3 A1,?,?
1017.5,A2 E-4 C4 F#3 A1,?,?
1017.625,A2 E-4 C4 F#3 A1,?,?
1017.66666667,A2 E-4 C4 F#3 A1,?,?
1017.75,A2 E-4 C4 F#3 A1,?,?
1017.79166667,A2 E-4 C4 F#3 A1,?,?
1017.875,A2 E-4 C4 F#3 A1,?,?
1018.0,A2 E-4 C4 F#3 A1,?,?
1018.125,A2 E-4 C4 F#3 A1,?,?
1018.25,A2 E-4 C4 F#3 A1,?,?
1018.33333333,A2 E-4 C4 F#3 A1,?,?
1018.375,A2 E-4 C4 F#3 A1,?,?
1018.45833333,A2 E-4 C4 F#3 A1,?,?
1018.5,A2 E-4 C4 F#3 A1,?,?
1018.625,A2 E-4 C4 F#3 A1,?,?
1018.66666667,A2 E-4 C4 F#3 A1,?,?
1018.75,A2 E-4 C4 F#3 A1,?,?
1018.79166667,A2 E-4 C4 F#3 A1,?,?
1018.875,A2 E-4 C4 F#3 A1,?,?
1019.0,A2 E-4 C4 F#3 A1,?,?
1019.125,A2 E-4 C4 F#3 A1,?,?
1019.25,A2 E-4 C4 F#3 A1,?,?
1019.33333333,A2 E-4 C4 F#3 A1,?,?
1019.375,A2 E-4 C4 F#3 A1,?,?
1019.45833333,A2 E-4 C4 F#3 A1,?,?
1019.5,A2 E-4 C4 F#3 A1,?,?
1019.625,A2 E-4 C4 F#3 A1,?,?
1019.66666667,A2 E-4 C4 F#3 A1,?,?
1019.75,A2 E-4 C4 F#3 A1,?,?
1019.79166667,A2 E-4 C4 F#3 A1,?,?
1019.875,A2 E-4 C4 F#3 A1,?,?
1020.0,A2 E-4 C4 F#3 A1,?,?
1020.125,A2 E-4 C4 F#3 A1,?,?
1020.25,A2 E-4 C4 F#3 A1,?,?
1020.33333333,A2 E-4 C4 F#3 A1,?,?
1020.375,A2 E-4 C4 F#3 A1,?,?
1020.45833333,A2 E-4 C4 F#3 A1,?,?
1020.5,A2 E-4 C4 F#3 A1,?,?
1020.625,A2 E-4 C4 F#3 A1,?,?
1020.66666667,A2 E-4 C4 F#3 A1,?,?
1020.75,A2,?,?
1020.79166667,A2,?,?
1021.0,A4,?,?
1029.0,A4 A2 E4 C#4 G3 A1,?,?
1029.125,A4 A2 E4 C#4 G3 A1,?,?
1029.25,A4 A2 E4 C#4 G3 A1,?,?
1029.33333333,A4 A2 E4 C#4 G3 A1,?,?
1029.375,A4 A2 E4 C#4 G3 A1,?,?
1029.45833333,A4 A2 E4 C#4 G3 A1,?,?
1029.5,A4 A2 E4 C#4 G3 A1,?,?
1029.625,A4 A2 E4 C#4 G3 A1,?,?
1029.66666667,A2 A4 E4 C#4 G3 A1,?,?
1029.75,A2 E4 C#4 G3 A1,?,?
1029.79166667,A2 E4 C#4 G3 A1,?,?
1029.875,A2 E4 C#4 G3 A1,?,?
1030.0,A2 E4 C#4 G3 A1,?,?
1030.125,A2 E4 C#4 G3 A1,?,?
1030.25,A2 E4 C#4 G3 A1,?,?
1030.33333333,A2 E4 C#4 G3 A1,?,?
1030.375,A2 E4 C#4 G3 A1,?,?
1030.45833333,A2 E4 C#4 G3 A1,?,?
1030.5,A2 E4 C#4 G3 A1,?,?
1030.625,A2 E4 C#4 G3 A1,?,?
1030.66666667,A2 E4 C#4 G3 A1,?,?
1030.75,A2 E4 C#4 G3 A1,?,?
1030.79166667,A2 E4 C#4 G3 A1,?,?
1030.875,A2 E4 C#4 G3 A1,?,?
1031.0,A2 E4 C#4 G3 A1,?,?
1031.125,A2 E4 C#4 G3 A1,?,?
1031.25,A2 E4 C#4 G3 A1,?,?
1031.33333333,A2 E4 C#4 G3 A1,?,?
1031.375,A2 E4 C#4 G3 A1,?,?
1031.45833333,A2 E4 C#4 G3 A1,?,?
1031.5,A2 E4 C#4 G3 A1,?,?
1031.625,A2 E4 C#4 G3 A1,?,?
1031.66666667,A2 E4 C#4 G3 A1,?,?
1031.75,A2 E4 C#4 G3 A1,?,?
1031.79166667,A2 E4 C#4 G3 A1,?,?
1031.875,A2 E4 C#4 G3 A1,?,?
1032.0,A2 E4 C#4 G3 A1,?,?
1032.125,A2 E4 C#4 G3 A1,?,?
1032.25,A2 E4 C#4 G3 A1,?,?
1032.33333333,A2 E4 C#4 G3 A1,?,?
1032.375,A2 E4 C#4 G3 A1,?,?
1032.45833333,A2 E4 C#4 G3 A1,?,?
1032.5,A2 E4 C#4 G3 A1,?,?
1032.625,A2 E4 C#4 G3 A1,?,?
1032.66666667,A2 E4 C#4 G3 A1,?,?
1032.75,A2 E4 C#4 G3 A1,?,?
1032.79166667,A2 E4 C#4 G3 A1,?,?
1032.875,A2 E4 C#4 G3 A1,?,?
1033.0,A2 E4 C#4 G3 A1,?,?
1033.125,A2 E4 C#4 G3 A1,?,?
1033.25,A2 E4 C#4 G3 A1,?,?
1033.33333333,A2 E4 C#4 G3 A1,?,?
1033.375,A2 E4 C#4 G3 A1,?,?
1033.45833333,A2 E4 C#4 G3 A1,?,?
1033.5,A2 E4 C#4 G3 A1,?,?
1033.625,A2 E4 C#4 G3 A1,?,?
1033.66666667,A2 E4 C#4 G3 A1,?,?
1033.75,A2 E4 C#4 G3 A1,?,?
1033.79166667,A2 E4 C#4 G3 A1,?,?
1033.875,A2 E4 C#4 G3 A1,?,?
1034.0,A2 E4 C#4 G3 A1,?,?
1034.125,A2 E4 C#4 G3 A1,?,?
1034.25,A2 E4 C#4 G3 A1,?,?
1034.33333333,A2 E4 C#4 G3 A1,?,?
1034.375,A2 E4 C#4 G3 A1,?,?
1034.45833333,A2 E4 C#4 G3 A1,?,?
1034.5,A2 E4 C#4 G3 A1,?,?
1034.625,A2 E4 C#4 G3 A1,?,?
1034.66666667,A2 E4 C#4 G3 A1,?,?
1034.75,A2 E4 C#4 G3 A1,?,?
1034.79166667,A2 E4 C#4 G3 A1,?,?
1034.875,A2 E4 C#4 G3 A1,?,?
1035.0,A2 E4 C#4 G3 A1,?,?
1035.125,A2 E4 C#4 G3 A1,?,?
1035.25,A2 E4 C#4 G3 A1,?,?
1035.33333333,A2 E4 C#4 G3 A1,?,?
1035.375,A2 E4 C#4 G3 A1,?,?
1035.45833333,A2 E4 C#4 G3 A1,?,?
1035.5,A2 E4 C#4 G3 A1,?,?
1035.625,A2 E4 C#4 G3 A1,?,?
1035.66666667,A2 E4 C#4 G3 A1,?,?
1035.75,A2 E4 C#4 G3 A1,?,?
1035.79166667,A2 E4 C#4 G3 A1,?,?
1035.875,A2 E4 C#4 G3 A1,?,?
1036.0,A2 E4 C#4 G3 A1,?,?
1036.125,A2 E4 C#4 G3 A1,?,?
1036.25,A2 E4 C#4 G3 A1,?,?
1036.33333333,A2 E4 C#4 G3 A1,?,?
1036.375,A2 E4 C#4 G3 A1,?,?
1036.45833333,A2 E4 C#4 G3 A1,?,?
1036.5,A2 E4 C#4 G3 A1,?,?
1036.625,A2 E4 C#4 G3 A1,?,?
1036.66666667,A2 E4 C#4 G3 A1,?,?
1036.75,A2,?,?
1036.79166667,A2,?,?
1037.125,A4,2,M
1045.0,D7 F#6 F#5 A5 A4 F#3 D4 D5 D6 A3 F#4 D3 D2,2,M
1045.125,E7 D6 F#6 F#5 A5 F#4 A4 D5 F#3 A3 D4 D3 D2,2,M
1045.25,D6 F#6 F#5 A5 F#4 A4 D5 F#3 A3 D4 D3 D2,2,M
1045.33333333,D7 F#6 F#5 A5 A4 F#3 D4 D5 D6 A3 F#4 D3 D2,2,M
1045.45833333,D6 F#6 F#5 A5 D2 F#4 A4 D5 F#3 A3 D4 D3,2,M
1045.5,E7 D6 F#6 F#5 A5 D2 F#4 A4 D5 F#3 A3 D4 D3,2,M
1045.625,F#6 F#5 A5 D2 A4 F#3 D5 D6 A3 F#4 D4 D3,2,M
1045.66666667,D7 D3 D6 F#6 F#5 A5 D2 F#4 A4 D5 F#3 A3 D4,2,M
1045.75,D7 D6 F#6 F#5 A5 D2 F#4 A4 D5 F#3 A3 D4 D3,2,M
1045.79166667,F#6 F#5 A5 D2 A4 F#3 D5 D6 A3 F#4 D4 D3,2,M
1045.875,E7 D6 F#6 F#5 A5 D2 F#4 A4 D5 F#3 A3 D4 D3,2,M
1046.0,D7 D6 F#6 F#5 A5 D2 F#4 A4 D5 F#3 A3 D4 D3 C#4 C#3,2,M
1046.125,E7 D6 F#6 F#5 A5 D2 F#4 A4 D5 F#3 A3 D4 D3 C#4 C#3,2,M
1046.25,D6 F#6 F#5 A5 D2 F#4 A4 D5 F#3 A3 D4 D3 C#4 C#3,2,M
1046.33333333,D7 F#6 F#5 A5 D2 A4 F#3 D4 D3 D5 D6 A3 F#4 C#4 C#3,2,M
1046.45833333,D6 F#6 F#5 A5 D2 F#4 A4 D5 F#3 A3 D4 D3 C#4 C#3,2,M
1046.5,E7 D6 F#6 F#5 A5 D2 F#4 A4 D5 F#3 A3 D4 D3 B3 B2,2,M
1046.625,F#6 F#5 A5 D2 A4 F#3 D4 D3 D5 D6 A3 F#4 B3 B2,2,M
1046.66666667,D7 D3 D6 F#6 F#5 A5 D2 F#4 A4 D5 F#3 A3 D4 B3 B2,2,M
1046.75,D7 D6 F#6 F#5 A5 D2 F#4 A4 D5 F#3 A3 D4 D3 B3 B2,2,M
1046.79166667,F#6 F#5 A5 D2 A4 F#3 D4 D3 D5 D6 A3 F#4 B3 B2,2,M
1046.875,E7 D6 F#6 F#5 A5 D2 F#4 A4 D5 F#3 A3 D4 D3 B3 B2,2,M
1047.0,D7 D6 F#6 F#5 A5 D2 F#4 A4 D5 F#3 A3 D4 D3 A2,2,M
1047.125,E7 D6 F#6 F#5 A5 D2 F#4 A4 D5 F#3 D4 D3 A3 A2,2,M
1047.25,D6 F#6 F#5 A5 D2 F#4 A4 D5 F#3 D4 D3 A3 A2,2,M
1047.33333333,D7 F#6 F#5 A5 D2 A4 F#3 D4 D3 D5 D6 F#4 A3 A2,2,M
1047.45833333,D6 F#6 F#5 A5 D2 F#4 A4 D5 F#3 A3 D4 D3 A2,2,M
1047.5,E7 D6 F#6 F#5 A5 D2 F#4 A4 D5 F#3 A3 D4 D3 G3 G2,2,M
1047.625,F#6 F#5 A5 D2 A4 F#3 D4 D3 D5 D6 A3 F#4 G3 G2,2,M
1047.66666667,D7 D3 D6 F#6 F#5 A5 D2 F#4 A4 D5 F#3 A3 D4 G3 G2,2,M
1047.75,D7 D6 F#6 F#5 A5 D2 F#4 A4 D5 F#3 A3 D4 D3 G3 G2,2,M
1047.79166667,F#6 F#5 A5 D2 A4 F#3 D4 D3 D5 D6 A3 F#4 G3 G2,2,M
1047.875,E7 D6 F#6 F#5 A5 D2 F#4 A4 D5 F#3 A3 D4 D3 G3 G2,2,M
1048.0,D7 D6 F#6 F#5 A5 D2 F#4 A4 D5 F#3 A3 D4 D3 F#2,2,M
1048.125,E7 D6 F#6 F#5 A5 D2 F#4 A4 D5 A3 D4 D3 F#3 F#2,2,M
1048.25,D6 F#6 F#5 A5 D2 F#4 A4 D5 A3 D4 D3 F#3 F#2,2,M
1048.33333333,D7 F#6 F#5 A5 D2 A4 D4 D3 D5 D6 A3 F#4 F#3 F#2,2,M
1048.45833333,D6 F#6 F#5 A5 D2 F#4 A4 D5 F#3 A3 D4 D3 F#2,2,M
1048.5,E7 D6 F#6 F#5 A5 D2 F#4 A4 D5 F#3 A3 D4 D3 E3 E2,2,M
1048.625,F#6 F#5 A5 D2 A4 F#3 D4 D3 D5 D6 A3 F#4 E3 E2,2,M
1048.66666667,D7 D3 D6 F#6 F#5 A5 D2 F#4 A4 D5 F#3 A3 D4 E3 E2,2,M
1048.75,D7 D6 F#6 F#5 A5 D2 F#4 A4 D5 F#3 A3 D4 D3 E3 E2,2,M
1048.79166667,F#6 F#5 A5 D2 A4 F#3 D4 D3 D5 D6 A3 F#4 E3 E2,2,M
1048.875,E7 D6 F#6 F#5 A5 D2 F#4 A4 D5 F#3 A3 D4 D3 E3 E2,2,M
1049.0,D7 D6 F#6 F#5 A5 D2 F#4 A4 D5 F#3 A3 D4 D3,2,M
1049.125,E7 D6 F#6 F#5 A5 F#4 A4 D5 F#3 A3 D4 D3 D2,2,M
1049.25,D6 F#6 F#5 A5 F#4 A4 D5 F#3 A3 D4 D3 D2,2,M
1049.33333333,D7 F#6 F#5 A5 A4 F#3 D4 D5 D6 A3 F#4 D3 D2,2,M
1049.45833333,F#6 F#5 A5 A4 F#3 D4 D5 D6 A3 F#4 D3 D2,2,M
1049.5,E7 D3 D5 D6 A3 F#4 C#3 C#2,2,M
1049.625,D5 D6 A3 F#4 C#3 C#2,2,M
1049.66666667,D7 D3 D5 D6 A3 F#4 C#3 C#2,2,M
1049.75,D7 D3 D5 D6 A3 F#4 C#3 C#2,2,M
1049.79166667,D5 D6 A3 F#4 C#3 C#2,2,M
1049.875,E7 D3 D5 D6 A3 F#4 C#3 C#2,2,M
1050.0,D7 F#6 F#5 A5 D2 A4 F#3 D4 D3 D5 D6 A3 F#4 B2 B1,2,M
1050.125,E7 D6 F#6 F#5 A5 D2 F#4 A4 D5 F#3 A3 D4 D3 B2 B1,2,M
1050.25,D6 F#6 F#5 A5 D2 F#4 A4 D5 F#3 A3 D4 D3 B2 B1,2,M
1050.33333333,D7 F#6 F#5 A5 D2 A4 F#3 D4 D3 D5 D6 A3 F#4 B2 B1,2,M
1050.45833333,F#6 F#5 A5 D2 A4 F#3 D4 D3 D5 D6 A3 F#4 B2 B1,2,M
1050.5,E7 D3 D5 D6 A3 F#4 A2 A1,2,M
1050.625,D5 D6 A3 F#4 A2 A1,2,M
1050.66666667,D7 D3 D5 D6 A3 F#4 A2 A1,2,M
1050.75,D7 D3 D5 D6 A3 F#4 A2 A1,2,M
1050.79166667,D5 D6 A3 F#4 A2 A1,2,M
1050.875,E7 D3 D5 D6 A3 F#4 A2 A1,2,M
1051.0,D7 F#6 F#5 A5 D2 A4 F#3 D4 D3 D5 D6 A3 F#4 G2 G1,2,M
1051.125,E7 D6 F#6 F#5 A5 D2 F#4 A4 D5 F#3 A3 D4 D3 G2 G1,2,M
1051.25,D6 F#6 F#5 A5 D2 F#4 A4 D5 F#3 A3 D4 D3 G2 G1,2,M
1051.33333333,D7 F#6 F#5 A5 D2 A4 F#3 D4 D3 D5 D6 A3 F#4 G2 G1,2,M
1051.45833333,F#6 F#5 A5 D2 A4 F#3 D4 D3 D5 D6 A3 F#4 G2 G1,2,M
1051.5,E7 D3 D5 D6 A3 F#4 F#2 F#1,2,M
1051.625,D5 D6 A3 F#4 F#2 F#1,2,M
1051.66666667,D7 D3 D5 D6 A3 F#4 F#2 F#1,2,M
1051.75,D7 D3 D5 D6 A3 F#4 F#2 F#1,2,M
1051.79166667,D5 D6 A3 F#4 F#2 F#1,2,M
1051.875,E7 D3 D5 D6 A3 F#4 F#2 F#1,2,M
1052.0,D7 F#6 F#5 A5 D2 A4 F#3 D4 D3 D5 D6 A3 F#4 E2 E1,2,M
1052.125,E7 D6 F#6 F#5 A5 D2 F#4 A4 D5 F#3 A3 D4 D3 E2 E1,2,M
1052.25,D6 F#6 F#5 A5 D2 F#4 A4 D5 F#3 A3 D4 D3 E2 E1,2,M
1052.33333333,D7 F#6 F#5 A5 D2 A4 F#3 D4 D3 D5 D6 A3 F#4 E2 E1,2,M
1052.45833333,F#6 F#5 A5 D2 A4 F#3 D4 D3 D5 D6 A3 F#4 E2 E1,2,M
1052.5,E7 D3 D5 D6 A3 F#4 D2 D1,2,M
1052.625,D3 D5 D6 A3 F#4 D2 D1,2,M
1052.66666667,D7 D3 D5 D6 A3 F#4 D2 D1,2,M
1052.75,D7 D3 D5 D6 A3 F#4 D2 D1,2,M
1052.79166667,D3 D5 D6 A3 F#4 D2 D1,2,M
1052.875,E7 D3 D5 D6 A3 F#4 D2 D1,2,M
1053.0,D7 G6 G5 B5 B4 D4 G2 D3 D5 D6 B3 G4 G3,2,M
1053.125,E7 D6 G6 G5 B5 B4 D5 B3 D4 G2 D3 G4 G3,2,M
1053.25,D6 G6 G5 B5 B4 D5 B3 D4 G2 G4 G3,2,M
1053.33333333,D7 G6 G5 B5 B4 D4 G2 D3 D5 D6 B3 G4 G3,2,M
1053.45833333,D6 G6 G5 B5 G4 B4 D5 G3 B3 D4 G2,2,M
1053.5,E7 D6 G6 G5 B5 G4 B4 D5 G3 B3 D4 G2 D3 F#4 F#3,2,M
1053.625,G6 G5 B5 B4 G3 D4 G2 D5 D6 B3 G4 F#4 F#3,2,M
1053.66666667,D7 D3 D6 G6 G5 B5 G4 B4 D5 G3 B3 D4 G2 F#4 F#3,2,M
1053.75,D7 D6 G6 G5 B5 G4 B4 D5 G3 B3 D4 G2 D3 F#4 F#3,2,M
1053.79166667,G6 G5 B5 B4 G3 D4 G2 D5 D6 B3 G4 F#4 F#3,2,M
1053.875,E7 D6 G6 G5 B5 G4 B4 D5 G3 B3 D4 G2 D3 F#4 F#3,2,M
1054.0,D7 D6 G6 G5 B5 G4 B4 D5 G3 B3 D4 G2 D3 E4 E3,2,M
1054.125,E7 D6 G6 G5 B5 G4 B4 D5 G3 B3 D4 G2 D3 E4 E3,2,M
1054.25,D6 G6 G5 B5 G4 B4 D5 G3 B3 D4 G2 E4 E3,2,M
1054.33333333,D7 G6 G5 B5 B4 G3 D4 G2 D3 D5 D6 B3 G4 E4 E3,2,M
1054.45833333,D6 G6 G5 B5 G4 B4 D5 G3 B3 D4 G2 E4 E3,2,M
1054.5,E7 D6 G6 G5 B5 G4 B4 D5 G3 B3 D4 G2 D3,2,M
1054.625,G6 G5 B5 B4 G3 G2 D5 D6 B3 G4 D4 D3,2,M
1054.66666667,D7 D3 D6 G6 G5 B5 G4 B4 D5 G3 B3 G2 D4,2,M
1054.75,D7 D6 G6 G5 B5 G4 B4 D5 G3 B3 G2 D3 D4,2,M
1054.79166667,G6 G5 B5 B4 G3 G2 D5 D6 B3 G4 D4 D3,2,M
1054.875,E7 D6 G6 G5 B5 G4 B4 D5 G3 B3 D4 G2 D3,2,M
1055.0,D7 D6 G6 G5 B5 G4 B4 D5 G3 B3 D4 G2 D3 C#4 C#3,2,M
1055.125,E7 D6 G6 G5 B5 G4 B4 D5 G3 B3 D4 G2 D3 C#4 C#3,7,M
1055.25,D6 G6 G5 B5 G4 B4 D5 G3 B3 D4 G2 C#4 C#3,7,M
1055.33333333,D7 G6 G5 B5 B4 G3 D4 G2 D3 D5 D6 B3 G4 C#4 C#3,7,M
1055.45833333,D6 G6 G5 B5 G4 B4 D5 G3 B3 D4 G2 C#4 C#3,7,M
1055.5,E7 D6 G6 G5 B5 G4 B4 D5 G3 B3 D4 G2 D3 B2,7,M
1055.625,G6 G5 B5 B4 G3 D4 G2 D5 D6 G4 B3 B2,7,M
1055.66666667,D7 D3 D6 G6 G5 B5 G4 B4 D5 G3 D4 G2 B3 B2,7,M
1055.75,D7 D6 G6 G5 B5 G4 B4 D5 G3 D4 G2 D3 B3 B2,7,M
1055.79166667,G6 G5 B5 B4 G3 D4 G2 D5 D6 G4 B3 B2,7,M
1055.875,E7 D6 G6 G5 B5 G4 B4 D5 G3 B3 D4 G2 D3 B2,7,M
1056.0,D7 D6 G6 G5 B5 G4 B4 D5 G3 B3 D4 G2 D3 A3 A2,7,M
1056.125,E7 D6 G6 G5 B5 G4 B4 D5 G3 B3 D4 G2 D3 A3 A2,7,M
1056.25,D6 G6 G5 B5 G4 B4 D5 G3 B3 D4 G2 A3 A2,7,M
1056.33333333,D7 G6 G5 B5 B4 G3 D4 G2 D3 D5 D6 B3 G4 A3 A2,7,M
1056.45833333,D6 G6 G5 B5 G4 B4 D5 G3 B3 D4 G2 A3 A2,7,M
1056.5,E7 D6 G6 G5 B5 G4 B4 D5 G3 B3 D4 G2 D3,7,M
1056.625,G6 G5 B5 B4 D4 D5 D6 B3 G4 G3 G2,7,M
1056.66666667,D7 D3 D6 G6 G5 B5 G4 B4 D5 B3 D4 G3 G2,7,M
1056.75,D7 D6 G6 G5 B5 G4 B4 D5 B3 D4 D3 G3 G2,7,M
1056.79166667,G6 G5 B5 B4 D4 D5 D6 B3 G4 G3 G2,7,M
1056.875,E7 D6 G6 G5 B5 G4 B4 D5 G3 B3 D4 G2 D3,7,M
1057.0,D7 D6 G6 G5 B5 G4 B4 D5 G3 B3 D4 G2 D3 F#3 F#2,7,M
1057.125,E7 D6 G6 G5 B5 G4 B4 D5 G3 B3 D4 G2 D3 F#3 F#2,7,M
1057.25,D6 G6 G5 B5 G4 B4 D5 G3 B3 D4 G2 F#3 F#2,7,M
1057.33333333,D7 G6 G5 B5 B4 G3 D4 G2 D3 D5 D6 B3 G4 F#3 F#2,7,M
1057.45833333,G6 G5 B5 B4 G3 D4 G2 D5 D6 B3 G4 F#3 F#2,7,M
1057.5,E7 D3 D5 D6 B3 G4 E3 E2,7,M
1057.625,D5 D6 B3 G4 E3 E2,7,M
1057.66666667,D7 D3 D5 D6 B3 G4 E3 E2,7,M
1057.75,D7 D3 D5 D6 B3 G4 E3 E2,7,M
1057.79166667,D5 D6 B3 G4 E3 E2,7,M
1057.875,E7 D3 D5 D6 B3 G4 E3 E2,7,M
1058.0,D7 G6 G5 B5 B4 G3 D4 G2 D3 D5 D6 B3 G4 D2,7,M
1058.125,E7 D6 G6 G5 B5 G4 B4 D5 G3 B3 D4 G2 D3 D2,7,M
1058.25,D6 G6 G5 B5 G4 B4 D5 G3 B3 D4 G2 D3 D2,7,M
1058.33333333,D7 G6 G5 B5 B4 G3 D4 G2 D3 D5 D6 B3 G4 D2,7,M
1058.45833333,G6 G5 B5 B4 G3 D4 G2 D5 D6 B3 G4 D3 D2,7,M
1058.5,E7 D3 D5 D6 B3 G4 C#3 C#2,7,M
1058.625,D5 D6 B3 G4 C#3 C#2,7,M
1058.66666667,D7 D3 D5 D6 B3 G4 C#3 C#2,7,M
1058.75,D7 D3 D5 D6 B3 G4 C#3 C#2,7,M
1058.79166667,D5 D6 B3 G4 C#3 C#2,7,M
1058.875,E7 D3 D5 D6 B3 G4 C#3 C#2,7,M
1059.0,D7 G6 G5 B5 B4 G3 D4 G2 D3 D5 D6 B3 G4 B2 B1,7,M
1059.125,E7 D6 G6 G5 B5 G4 B4 D5 G3 B3 D4 G2 D3 B2 B1,7,M
1059.25,D6 G6 G5 B5 G4 B4 D5 G3 B3 D4 G2 B2 B1,7,M
1059.33333333,D7 G6 G5 B5 B4 G3 D4 G2 D3 D5 D6 B3 G4 B2 B1,7,M
1059.45833333,G6 G5 B5 B4 G3 D4 G2 D5 D6 B3 G4 B2 B1,7,M
1059.5,E7 D3 D5 D6 B3 G4 A2 A1,7,M
1059.625,D5 D6 B3 G4 A2 A1,7,M
1059.66666667,D7 D3 D5 D6 B3 G4 A2 A1,7,M
1059.75,D7 D3 D5 D6 B3 G4 A2 A1,7,M
1059.79166667,D5 D6 B3 G4 A2 A1,7,M
1059.875,E7 D3 D5 D6 B3 G4 A2 A1,7,M
1060.0,D7 G6 G5 B5 B4 G3 D4 D3 D5 D6 B3 G4 G2 G1,7,M
1060.125,E7 D6 G6 G5 B5 G4 B4 D5 G3 B3 D4 D3 G2 G1,7,M
1060.25,D7 D6 G6 G5 B5 G4 B4 D5 G3 B3 D4 D3 G2 G1,7,M
1060.375,E7 G6 G5 B5 B4 G3 D4 D3 D5 D6 B3 G4 G2 G1,7,M
1060.5,D3 D5 D6 B3 G4 F#2 F#1,7,M
1060.625,D7 D3 D5 D6 B3 G4 F#2 F#1,7,M
1060.66666667,C#7 D7 D3 D5 D6 B3 G4 F#2 F#1,7,M
1060.75,C#7 D3 D5 D6 B3 G4 F#2 F#1,7,M
1060.79166667,D3 D5 D6 B3 G4 F#2 F#1,7,M
1060.875,D7 D3 D5 D6 B3 G4 F#2 F#1,7,M
1061.0,E7 G#6 G#5 B5 B4 G#3 E4 D3 E5 E6 B3 G#4 E2 E1,7,M
1061.125,F#7 E6 G#6 G#5 B5 G#4 B4 E5 G#3 B3 E4 D3 E2 E1,9,M
1061.25,E6 G#6 G#5 B5 G#4 B4 E5 G#3 B3 E4 E2 E1,9,M
1061.33333333,E7 G#6 G#5 B5 B4 G#3 E4 D3 E5 E6 B3 G#4 E2 E1,9,M
1061.45833333,E6 G#6 G#5 B5 G#4 B4 E5 G#3 B3 E4 E2 E1,9,M
1061.5,F#7 E6 G#6 G#5 B5 G#4 B4 E5 G#3 B3 E4 E2 D3 E3,9,M
1061.625,G#6 G#5 B5 B4 G#3 E2 E5 E6 B3 G#4 E4 E3,9,M
1061.66666667,E7 D3 E6 G#6 G#5 B5 G#4 B4 E5 G#3 B3 E2 E4 E3,9,M
1061.75,E7 E6 G#6 G#5 B5 G#4 B4 E5 G#3 B3 E2 D3 E4 E3,9,M
1061.79166667,G#6 G#5 B5 B4 G#3 E2 E5 E6 B3 G#4 E4 E3,9,M
1061.875,F#7 E6 G#6 G#5 B5 G#4 B4 E5 G#3 B3 E4 E2 D3 E3,9,M
1062.0,E7 E6 G#6 G#5 B5 G#4 B4 E5 G#3 B3 E4 E2 D3 D4,9,M
1062.125,F#7 E6 G#6 G#5 B5 G#4 B4 E5 G#3 B3 E4 E2 D3 D4,9,M
1062.25,E6 G#6 G#5 B5 G#4 B4 E5 G#3 B3 E4 E2 D4 D3,9,M
1062.33333333,E7 G#6 G#5 B5 B4 G#3 E4 E2 D3 E5 E6 B3 G#4 D4,9,M
1062.45833333,E6 G#6 G#5 B5 G#4 B4 E5 G#3 B3 E4 E2 D4 D3,9,M
1062.5,F#7 E6 G#6 G#5 B5 G#4 B4 E5 G#3 B3 E4 E2 D3 C#4 C#3,9,M
1062.625,G#6 G#5 B5 B4 G#3 E4 E2 E5 E6 B3 G#4 C#4 C#3,9,M
1062.66666667,E7 D3 E6 G#6 G#5 B5 G#4 B4 E5 G#3 B3 E4 E2 C#4 C#3,9,M
1062.75,E7 E6 G#6 G#5 B5 G#4 B4 E5 G#3 B3 E4 E2 D3 C#4 C#3,9,M
1062.79166667,G#6 G#5 B5 B4 G#3 E4 E2 E5 E6 B3 G#4 C#4 C#3,9,M
1062.875,F#7 E6 G#6 G#5 B5 G#4 B4 E5 G#3 B3 E4 E2 D3 C#4 C#3,9,M
1063.0,E7 E6 G#6 G#5 B5 G#4 B4 E5 G#3 B3 E4 E2 D3 B2,9,M
1063.125,F#7 E6 G#6 G#5 B5 G#4 B4 E5 G#3 E4 E2 D3 B3 B2,9,M
1063.25,E6 G#6 G#5 B5 G#4 B4 E5 G#3 E4 E2 B3 B2,9,M
1063.33333333,E7 G#6 G#5 B5 B4 G#3 E4 E2 D3 E5 E6 G#4 B3 B2,9,M
1063.45833333,E6 G#6 G#5 B5 G#4 B4 E5 G#3 B3 E4 E2 B2,9,M
1063.5,F#7 E6 G#6 G#5 B5 G#4 B4 E5 G#3 B3 E4 E2 D3 A3 A2,9,M
1063.625,G#6 G#5 B5 B4 G#3 E4 E2 E5 E6 B3 G#4 A3 A2,9,M
1063.66666667,E7 D3 E6 G#6 G#5 B5 G#4 B4 E5 G#3 B3 E4 E2 A3 A2,9,M
1063.75,E7 E6 G#6 G#5 B5 G#4 B4 E5 G#3 B3 E4 E2 D3 A3 A2,9,M
1063.79166667,G#6 G#5 B5 B4 G#3 E4 E2 E5 E6 B3 G#4 A3 A2,9,M
1063.875,F#7 E6 G#6 G#5 B5 G#4 B4 E5 G#3 B3 E4 E2 D3 A3 A2,9,M
1064.0,E7 E6 G#6 G#5 B5 G#4 B4 E5 G#3 B3 E4 E2 D3 G#2,9,M
1064.125,F#7 E6 G#6 G#5 B5 G#4 B4 E5 B3 E4 E2 D3 G#3 G#2,9,M
1064.25,E6 G#6 G#5 B5 G#4 B4 E5 B3 E4 E2 G#3 G#2,9,M
1064.33333333,E7 G#6 G#5 B5 B4 E4 E2 D3 E5 E6 B3 G#4 G#3 G#2,9,M
1064.45833333,E6 G#6 G#5 B5 G#4 B4 E5 G#3 B3 E4 E2 G#2,9,M
1064.5,E-7 E6 G#6 G#5 B5 G#4 B4 E5 G#3 B3 E4 E2 D3 F#3 F#2,9,M
1064.625,G#6 G#5 B5 B4 G#3 E4 E2 E5 E6 B3 G#4 F#3 F#2,9,M
1064.66666667,E7 D3 E6 G#6 G#5 B5 G#4 B4 E5 G#3 B3 E4 E2 F#3 F#2,9,M
1064.75,E7 E6 G#6 G#5 B5 G#4 B4 E5 G#3 B3 E4 E2 D3 F#3 F#2,9,M
1064.79166667,G#6 G#5 B5 B4 G#3 E4 E2 E5 E6 B3 G#4 F#3 F#2,9,M
1064.875,F#7 E6 G#6 G#5 B5 G#4 B4 E5 G#3 B3 E4 E2 D3 F#3 F#2,9,M
1065.0,E7 E6 G#6 G#5 B5 G#4 B4 E5 G#3 B3 E4 E2 D3 E3,9,M
1065.125,F#7 E6 G#6 G#5 B5 G#4 B4 E5 G#3 B3 E4 D3 E3 E2,9,M
1065.25,E6 G#6 G#5 B5 G#4 B4 E5 G#3 B3 E4 D3 E3 E2,9,M
1065.33333333,E7 G#6 G#5 B5 B4 G#3 E4 D3 E5 E6 B3 G#4 E3 E2,9,M
1065.45833333,G#6 G#5 B5 B4 G#3 E4 D3 E5 E6 B3 G#4 E3 E2,9,M
1065.5,F#7 D3 E5 E6 B3 G#4 D2,9,M
1065.625,E5 E6 B3 G#4 D3 D2,9,M
1065.66666667,E7 E5 E6 B3 G#4 D3 D2,9,M
1065.75,E7 E5 E6 B3 G#4 D3 D2,9,M
1065.79166667,E5 E6 B3 G#4 D3 D2,9,M
1065.875,F#7 E5 E6 B3 G#4 D3 D2,9,M
1066.0,D7 G#6 G#5 B5 D4 G#4 B4 G#3 B3 E2 D3 E5 D6 E4 D5 C#3 C#2,9,M
1066.125,E7 D6 G#6 G#5 B5 D4 G#4 B4 E5 G#3 B3 E4 E2 D3 D5 C#3 C#2,9,M
1066.25,D6 G#6 G#5 B5 D4 G#4 B4 E5 G#3 B3 E4 E2 D3 D5 C#3 C#2,9,M
1066.33333333,D7 G#6 G#5 B5 D4 G#4 B4 G#3 B3 E2 D3 E5 D6 E4 D5 C#3 C#2,9,M
1066.45833333,G#6 G#5 B5 D4 G#4 B4 G#3 B3 E2 D3 E5 D6 E4 D5 C#3 C#2,9,M
1066.5,E7 D3 E5 D6 E4 D5 B2 B1,9,M
1066.625,D3 E5 D6 E4 D5 B2 B1,9,M
1066.66666667,D7 D3 E5 D6 E4 D5 B2 B1,9,M
1066.75,D7 D3 E5 D6 E4 D5 B2 B1,9,M
1066.79166667,D3 E5 D6 E4 D5 B2 B1,9,M
1066.875,E7 D3 E5 D6 E4 D5 B2 B1,9,M
1067.0,C#7 D6 G#6 G#5 D4 G#4 B4 G#3 B3 E2 D3 E5 C#6 E4 D5 A2 A1,9,M
1067.125,D7 D6 G#6 G#5 D4 G#4 B4 E5 G#3 B3 E4 E2 D3 C#6 D5 A2 A1,9,M
1067.25,D6 G#6 G#5 D4 G#4 B4 E5 G#3 B3 E4 E2 D3 C#6 D5 A2 A1,9,M
1067.33333333,C#7 D6 G#6 G#5 D4 G#4 B4 G#3 B3 E2 D3 E5 C#6 E4 D5 A2 A1,9,M
1067.45833333,D6 G#6 G#5 D4 G#4 B4 G#3 B3 E2 D3 E5 C#6 E4 D5 A2 A1,9,M
1067.5,D7 D3 E5 C#6 E4 D5 G#2 G#1,9,M
1067.625,D3 E5 C#6 E4 D5 G#2 G#1,9,M
1067.66666667,C#7 D3 E5 C#6 E4 D5 G#2 G#1,9,M
1067.75,C#7 D3 E5 C#6 E4 D5 G#2 G#1,9,M
1067.79166667,D3 E5 C#6 E4 D5 G#2 G#1,9,M
1067.875,D7 D3 E5 C#6 E4 D5 G#2 G#1,9,M
1068.0,B6 D6 G#6 G#5 D4 G#4 B4 G#3 B3 E2 D3 E5 B5 E4 D5 F#2 F#1,9,M
1068.125,C#7 D6 G#6 G#5 B5 D4 G#4 B4 E5 G#3 B3 E4 E2 D3 D5 F#2 F#1,9,M
1068.25,D6 G#6 G#5 B5 D4 G#4 B4 E5 G#3 B3 E4 E2 D3 D5 F#2 F#1,9,M
1068.33333333,B6 D6 G#6 G#5 D4 G#4 B4 G#3 B3 E2 D3 E5 B5 E4 D5 F#2 F#1,9,M
1068.45833333,D6 G#6 G#5 D4 G#4 B4 G#3 B3 E2 D3 E5 B5 E4 D5 F#2 F#1,9,M
1068.5,C#7 D3 E5 B5 E4 D5 E2 E1,9,M
1068.625,D3 E5 B5 E4 D5 E2 E1,9,M
1068.66666667,B6 D3 E5 B5 E4 D5 E2 E1,9,M
1068.75,B6 D3 E5 B5 E4 D5 E2 E1,9,M
1068.79166667,D3 E5 B5 E4 D5 E2 E1,9,M
1068.875,C#7 D3 E5 B5 E4 D5 E2 E1,9,M
1069.0,E5 C#4 A3 A4 A5 E4 C#5 A2 A1,9,M
1069.125,E5 C#4 A3 A4 A2 A5 E4 C#5 A1,9,M
1069.25,E5 C#4 A3 A4 A2 A5 E4 C#5 A1,9,M
1069.33333333,E5 C#4 A3 A4 A2 A5 G#4 E4 C#5 G#3 A1,9,M
1069.45833333,E5 C#4 A3 A4 A2 A5 G#4 E4 C#5 G#3 A1,9,M
1069.5,A3 A2 G#4 G#3,9,M
1069.58333333,A3 A2,9,M
1069.625,A3,9,M
1069.66666667,A2 A4 A3,9,M
1069.79166667,A4 A3,9,M
1069.875,A3 A2 A4,9,M
1069.91666667,A3 A2,9,M
1070.0,A3 A2 B4 B3,9,M
1070.125,A3 A2 B4 B3,9,M
1070.25,A3,9,M
1070.33333333,A3 A2 G#4 G#3,9,M
1070.45833333,A3 G#4 G#3,9,M
1070.5,A3 A2 G#4 G#3,9,M
1070.58333333,A3 A2,9,M
1070.66666667,A2 A4 A3,9,M
1070.79166667,A4 A3,9,M
1070.875,A2 A4 A3,9,M
1070.91666667,A2,9,M
1071.0,G#4 G#3 A3 A4 A2 B4 B3 A1,9,M
1071.125,G#4 G#3 A3 A4 A2 B4 B3 A1,9,M
1071.25,G#4 G#3 A3 A4 A2 B4 B3 A1,9,M
1071.33333333,G#4 G#3 A3 A4 A2 B4 B3 A1,9,M
1071.45833333,G#4 G#3 A3 A4 A2 B4 B3 A1,9,M
1071.5,G#4 B4 G#3 B3 A2,9,M
1071.58333333,G#4 B4 G#3 B3 A2,9,M
1071.625,G#4 B4 G#3 B3,9,M
1071.66666667,A2 A4 A3 G#4 B4 G#3 B3,9,M
1071.79166667,G#4 B4 G#3 B3 A4 A3,9,M
1071.875,G#4 B4 G#3 B3 A2 A4 A3,9,M
1071.91666667,G#4 B4 G#3 B3 A2,9,M
1072.0,G#4 B4 G#3 B3 A2,9,M
1072.125,G#4 B4 G#3 B3 A2,9,M
1072.25,G#4 B4 G#3 B3,9,M
1072.33333333,G#4 B4 G#3 B3 A2 A4 A3,9,M
1072.45833333,G#4 B4 G#3 B3 A4 A3,9,M
1072.5,G#4 B4 G#3 B3 A2 A4 A3,9,M
1072.58333333,G#4 B4 G#3 B3 A2,9,M
1072.66666667,A2 B4 B3,9,M
1072.79166667,B4 B3,9,M
1072.875,A2 B4 B3,9,M
1072.91666667,A2,9,M
1073.0,A3 A4 A2 C#5 C#4 A1,9,M
1073.125,A3 A4 A2 C#5 C#4 A1,2,M
1073.25,A3 A4 A2 C#5 C#4 A1,2,M
1073.33333333,A3 A4 A2 C#5 C#4 A1,2,M
1073.45833333,A4 A3 A2 C#5 C#4 A1,2,M
1073.5,A4 C#5 A3 C#4 A2,2,M
1073.58333333,A4 C#5 A3 C#4 A2,2,M
1073.625,A4 C#5 A3 C#4,2,M
1073.66666667,A2 B4 B3 A4 C#5 A3 C#4,2,M
1073.79166667,A4 C#5 A3 C#4 B4 B3,2,M
1073.875,A4 C#5 A3 C#4 A2 B4 B3,2,M
1073.91666667,A4 C#5 A3 C#4 A2,2,M
1074.0,A4 C#5 A3 C#4 A2,2,M
1074.125,A4 C#5 A3 C#4 A2,2,M
1074.25,A4 C#5 A3 C#4,2,M
1074.33333333,A4 C#5 A3 C#4 A2 B4 B3,2,M
1074.45833333,A4 C#5 A3 C#4 B4 B3,2,M
1074.5,A4 C#5 A3 C#4 A2 B4 B3,2,M
1074.58333333,A4 C#5 A3 C#4 A2,2,M
1074.66666667,A2 C#5 C#4,2,M
1074.79166667,C#5 C#4,2,M
1074.875,A2 C#5 C#4,2,M
1074.91666667,A2,2,M
1075.0,B4 B3 A3 A4 A2 D5 D4 A1,2,M
1075.125,B4 B3 A3 A4 A2 D5 D4 A1,2,M
1075.25,B4 B3 A3 A4 A2 D5 D4 A1,2,M
1075.33333333,B4 B3 A3 A4 A2 D5 D4 A1,2,M
1075.45833333,B4 B3 A3 A4 A2 D5 D4 A1,2,M
1075.5,B4 D5 B3 D4 A2,2,M
1075.58333333,B4 D5 B3 D4 A2,2,M
1075.625,B4 D5 B3 D4,2,M
1075.66666667,A2 C#5 C#4 B4 D5 B3 D4,2,M
1075.79166667,B4 D5 B3 D4 C#5 C#4,2,M
1075.875,B4 D5 B3 D4 A2 C#5 C#4,2,M
1075.91666667,B4 D5 B3 D4 A2,2,M
1076.0,B4 D5 B3 D4 A2,2,M
1076.125,B4 D5 B3 D4 A2,2,M
1076.25,B4 D5 B3 D4,2,M
1076.33333333,B4 D5 B3 D4 A2 C#5 C#4,2,M
1076.45833333,B4 D5 B3 D4 C#5 C#4,2,M
1076.5,B4 D5 B3 D4 A2 C#5 C#4,2,M
1076.58333333,B4 D5 B3 D4 A2,2,M
1076.66666667,A2 D5 D4,2,M
1076.79166667,D5 D4,2,M
1076.875,A2 D5 D4,2,M
1076.91666667,A2,2,M
1077.0,C#5 C#4 A3 A4 A2 E5 E4 A1,2,M
1077.125,C#5 C#4 A3 A4 A2 E5 E4 A1,2,M
1077.25,C#5 C#4 A3 A4 A2 E5 E4 A1,2,M
1077.33333333,C#5 C#4 A3 A4 A2 E5 E4 A1,2,M
1077.45833333,C#5 C#4 A3 A4 A2 E5 E4 A1,2,M
1077.5,C#5 E5 C#4 E4 A2,2,M
1077.58333333,C#5 E5 C#4 E4 A2,2,M
1077.625,C#5 E5 C#4 E4,2,M
1077.66666667,A2 D5 D4 C#5 E5 C#4 E4,2,M
1077.79166667,C#5 E5 C#4 E4 D5 D4,2,M
1077.875,C#5 E5 C#4 E4 A2 D5 D4,2,M
1077.91666667,C#5 E5 C#4 E4 A2,2,M
1078.0,C#5 E5 C#4 E4 A2,2,M
1078.125,C#5 E5 C#4 E4 A2,2,M
1078.25,C#5 E5 C#4 E4,2,M
1078.33333333,C#5 E5 C#4 E4 A2 D5 D4,2,M
1078.45833333,C#5 E5 C#4 E4 D5 D4,2,M
1078.5,C#5 E5 C#4 E4 A2 D5 D4,2,M
1078.58333333,C#5 E5 C#4 E4 A2,2,M
1078.66666667,A2 E5 E4,2,M
1078.79166667,E5 E4,2,M
1078.875,A2 E5 E4,2,M
1078.91666667,A2,2,M
1079.0,D5 D4 A3 A4 D3 F#3 A2 F#5 F#4 A1,2,M
1079.125,D5 D4 A3 A4 D3 F#3 A2 F#5 F#4 A1,2,M
1079.25,D5 D4 A3 A4 D3 F#3 A2 F#5 F#4 A1,2,M
1079.33333333,D5 D4 A3 A4 D3 F#3 A2 F#5 F#4 A1,2,M
1079.45833333,D5 D4 A3 A4 D3 F#3 A2 F#5 F#4 A1,2,M
1079.5,D5 F#5 D4 F#4 D3 F#3 A2,2,M
1079.58333333,D5 F#5 D4 F#4 D3 F#3 A2,2,M
1079.625,D5 F#5 D4 F#4 D3 F#3,2,M
1079.66666667,A2 E5 E4 D5 F#5 D4 F#4 D3 F#3,2,M
1079.79166667,D5 F#5 D4 F#4 D3 F#3 E5 E4,2,M
1079.875,D5 F#5 D4 F#4 D3 F#3 A2 E5 E4,2,M
1079.91666667,D5 F#5 D4 F#4 D3 F#3 A2,2,M
1080.0,D5 F#5 D4 F#4 D3 F#3 A2,2,M
1080.125,D5 F#5 D4 F#4 D3 F#3 A2,2,M
1080.25,D5 F#5 D4 F#4 D3 F#3,2,M
1080.33333333,D5 F#5 D4 F#4 D3 F#3 A2 E5 E4,2,M
1080.45833333,D5 F#5 D4 F#4 D3 F#3 E5 E4,2,M
1080.5,D5 F#5 D4 F#4 D3 F#3 A2 E5 E4,2,M
1080.58333333,D5 F#5 D4 F#4 D3 F#3 A2,2,M
1080.66666667,A2 F#5 F#4,2,M
1080.79166667,F#5 F#4,2,M
1080.875,A2 F#5 F#4,2,M
1080.91666667,A2,2,M
1081.0,E5 E4 A3 A4 E3 G3 A2 G5 G4 A1,2,M
1081.125,E5 G5 E4 G4 A3 A4 E3 G3 A2 A1,2,M
1081.25,E5 G5 E4 G4 A3 A4 E3 G3 A2 A1,2,M
1081.33333333,E5 G5 E4 G4 A3 A4 E3 G3 A2 A1,2,M
1081.45833333,E5 G4 A3 A4 G3 A2 G5 E4 E3 A1,2,M
1081.5,E5 G5 E4 G4 E3 G3 A2,2,M
1081.58333333,E5 G5 E4 G4 E3 G3 A2,2,M
1081.625,E5 G5 E4 G4 E3 G3,2,M
1081.66666667,A2 F#5 F#4 F#3 E5 G5 E4 G4 E3 G3,2,M
1081.79166667,E5 G5 E4 G4 E3 G3 F#5 F#4 F#3,2,M
1081.875,E5 G5 E4 G4 E3 G3 A2 F#5 F#4 F#3,2,M
1081.91666667,E5 G5 E4 G4 E3 G3 A2,2,M
1082.0,E5 G5 E4 G4 E3 G3 A2,2,M
1082.125,E5 G5 E4 G4 E3 G3 A2,2,M
1082.25,E5 G5 E4 G4 E3 G3,2,M
1082.33333333,E5 G5 E4 G4 E3 G3 A2 F#5 F#4 F#3,2,M
1082.45833333,E5 G5 E4 G4 E3 G3 F#5 F#4 F#3,2,M
1082.5,E5 G5 E4 G4 E3 G3 A2 F#5 F#4 F#3,2,M
1082.58333333,E5 G5 E4 G4 E3 G3 A2,2,M
1082.66666667,A2 G5 E4 E3,2,M
1082.79166667,G5 E4 E3,2,M
1082.875,A2 G5 E4 E3,2,M
1082.91666667,A2,2,M
1083.0,F5 G#4 A3 A4 G#3 A2 G#5 F4 F3 A1,2,M
1083.125,F5 G#5 F4 G#4 A3 A4 F3 G#3 A2 A1,2,M
1083.25,F5 G#5 F4 G#4 A3 A4 F3 G#3 A2 A1,2,M
1083.33333333,F5 G#5 F4 G#4 A3 A4 F3 G#3 A2 A1,2,M
1083.45833333,F5 G#4 A3 A4 G#3 A2 G#5 F4 F3 A1,2,M
1083.5,F5 G#5 F4 G#4 F3 G#3 A2,2,M
1083.58333333,F5 G#5 F4 G#4 F3 G#3 A2,2,M
1083.625,F5 G#5 F4 G#4 F3 G#3,2,M
1083.66666667,A2 F#5 F#4 F#3 F5 G#5 F4 G#4 F3 G#3,2,M
1083.79166667,F5 G#5 F4 G#4 F3 G#3 F#5 F#4 F#3,2,M
1083.875,F5 G#5 F4 G#4 F3 G#3 A2 F#5 F#4 F#3,2,M
1083.91666667,F5 G#5 F4 G#4 F3 G#3 A2,2,M
1084.0,F5 G#5 F4 G#4 F3 G#3 A2,2,M
1084.125,F5 G#5 F4 G#4 F3 G#3 A2,2,M
1084.25,F5 G#5 F4 G#4 F3 G#3,2,M
1084.33333333,F5 G#5 F4 G#4 F3 G#3 A2 F#5 F#4 F#3,2,M
1084.45833333,F5 G#5 F4 G#4 F3 G#3 F#5 F#4 F#3,2,M
1084.5,F5 G#5 F4 G#4 F3 G#3 A2 F#5 F#4 F#3,2,M
1084.58333333,F5 G#5 F4 G#4 F3 G#3 A2,2,M
1084.66666667,A2 G#5 F4 F3,2,M
1084.79166667,G#5 F4 F3,2,M
1084.875,A2 G#5 F4 F3,2,M
1084.91666667,A2,2,M
1085.0,F#5 A4 A3 A2 A5 F#4 F#3 A1,2,M
1085.125,F#5 A5 F#4 A4 F#3 A3 A2 A1,2,M
1085.25,F#5 A5 F#4 A4 F#3 A3 A2 A1,2,M
1085.33333333,F#5 A5 F#4 A4 F#3 A3 A2 A1,2,M
1085.45833333,F#5 A4 A3 A2 A5 F#4 F#3 A1,2,M
1085.5,F#5 A5 F#4 A4 F#3 A3 A2,2,M
1085.58333333,F#5 A5 F#4 A4 F#3 A3 A2,2,M
1085.625,F#5 A5 F#4 A4 F#3 A3,2,M
1085.66666667,A2 G5 G4 G3 F#5 A5 F#4 A4 F#3 A3,2,M
1085.79166667,F#5 A5 F#4 A4 F#3 A3 G5 G4 G3,2,M
1085.875,F#5 A5 F#4 A4 F#3 A3 A2 G5 G4 G3,2,M
1085.91666667,F#5 A5 F#4 A4 F#3 A3 A2,2,M
1086.0,F#5 A5 F#4 A4 F#3 A3 A2,2,M
1086.125,F#5 A5 F#4 A4 F#3 A3 A2,2,M
1086.25,F#5 A5 F#4 A4 F#3 A3,2,M
1086.33333333,F#5 A5 F#4 A4 F#3 A3 A2 G5 G4 G3,2,M
1086.45833333,F#5 A5 F#4 A4 F#3 A3 G5 G4 G3,2,M
1086.5,F#5 A5 F#4 A4 F#3 A3 A2 G5 G4 G3,2,M
1086.58333333,F#5 A5 F#4 A4 F#3 A3 A2,2,M
1086.66666667,A2 A5 F#4 F#3,2,M
1086.79166667,A5 F#4 F#3,2,M
1086.875,A2 A5 F#4 F#3,2,M
1086.91666667,A2,2,M
1087.0,G5 B-4 A3 A4 B-3 A2 B-5 G4 G3 A1,2,M
1087.125,G5 B-5 G4 B-4 A3 A4 G3 B-3 A2 A1,2,M
1087.25,G5 B-5 G4 B-4 A3 A4 G3 B-3 A2 A1,2,M
1087.33333333,G5 B-5 G4 B-4 A3 A4 G3 B-3 A2 A1,2,M
1087.45833333,G5 B-4 A3 A4 B-3 A2 B-5 G4 G3 A1,2,M
1087.5,G5 B-5 G4 B-4 G3 B-3 A2,2,M
1087.58333333,G5 B-5 G4 B-4 G3 B-3 A2,2,M
1087.625,G5 B-5 G4 B-4 G3 B-3,2,M
1087.66666667,A2 A5 A4 A3 G5 B-5 G4 B-4 G3 B-3,2,M
1087.79166667,G5 B-5 G4 B-4 G3 B-3 A5 A4 A3,2,M
1087.875,G5 B-5 G4 B-4 G3 B-3 A2 A5 A4 A3,2,M
1087.91666667,G5 B-5 G4 B-4 G3 B-3 A2,2,M
1088.0,G5 B-5 G4 B-4 G3 B-3 A2,2,M
1088.125,G5 B-5 G4 B-4 G3 B-3 A2,2,M
1088.25,G5 B-5 G4 B-4 G3 B-3,2,M
1088.33333333,G5 B-5 G4 B-4 G3 B-3 A2 A5 A4 A3,2,M
1088.45833333,G5 B-5 G4 B-4 G3 B-3 A5 A4 A3,2,M
1088.5,G5 B-5 G4 B-4 G3 B-3 A2 A5 A4 A3,2,M
1088.58333333,G5 B-5 G4 B-4 G3 B-3 A2,2,M
1088.66666667,A2 B-5 G4 G3,2,M
1088.79166667,B-5 G4 G3,2,M
1088.875,A2 B-5 G4 G3,2,M
1088.91666667,A2,2,M
1089.0,G#5 B4 A3 A4 B3 A2 B5 G#4 G#3 A1,2,M
1089.125,G#5 B5 G#4 B4 A3 A4 G#3 B3 A2 A1,2,M
1089.25,G#5 B5 G#4 B4 A3 A4 G#3 B3 A2 A1,2,M
1089.33333333,G#5 B5 G#4 B4 A3 A4 G#3 B3 A2 A1,2,M
1089.45833333,G#5 B4 A3 A4 B3 A2 B5 G#4 G#3 A1,2,M
1089.5,G#5 B5 G#4 B4 G#3 B3 A2,2,M
1089.58333333,G#5 B5 G#4 B4 G#3 B3 A2,2,M
1089.625,G#5 B5 G#4 B4 G#3 B3 A2,2,M
1089.66666667,A2 A5 A4 A3 G#5 B5 G#4 B4 G#3 B3,2,M
1089.79166667,G#5 B5 G#4 B4 G#3 B3 A2 A5 A4 A3,2,M
1089.875,G#5 B5 G#4 B4 G#3 B3 A2 A5 A4 A3,2,M
1089.91666667,G#5 B5 G#4 B4 G#3 B3 A2,2,M
1090.0,G#5 B5 G#4 B4 G#3 B3 A2,2,M
1090.125,G#5 B5 G#4 B4 G#3 B3 A2,2,M
1090.25,G#5 B5 G#4 B4 G#3 B3,2,M
1090.33333333,G#5 B5 G#4 B4 G#3 B3 A2 A5 A4 A3,2,M
1090.45833333,G#5 B5 G#4 B4 G#3 B3 A5 A4 A3,2,M
1090.5,G#5 B5 G#4 B4 G#3 B3 A2 A5 A4 A3,2,M
1090.58333333,G#5 B5 G#4 B4 G#3 B3 A2,2,M
1090.66666667,A2 B5 G#4 G#3,2,M
1090.79166667,B5 G#4 G#3,2,M
1090.875,A2 B5 G#4 G#3,2,M
1090.91666667,A2,2,M
1091.0,A5 A4 C#5 A3 C#4 A2 C#6 G4 E5 G3 E4 A1,2,M
1091.125,C#6 A5 A4 C#5 E5 G3 A3 C#4 A2 G4 E4 A1,2,M
1091.25,C#6 A5 A4 C#5 E5 G3 A3 C#4 A2 A1,2,M
1091.33333333,C#6 A5 A4 C#5 E5 G3 A3 C#4 A2 G4 E4 A1,2,M
1091.45833333,A5 A2 A3 A4 C#5 C#4 C#6 G4 E5 G3 E4 A1,2,M
1091.5,C#6 A5 A4 C#5 E5 G3 A3 C#4 A2 G4 E4,2,M
1091.58333333,C#6 A5 A4 C#5 E5 G3 A3 C#4 A2,2,M
1091.625,C#6 A5 A4 C#5 E5 G3 A3 C#4 A2,2,M
1091.66666667,A2 B5 G4 E5 G3 E4 C#6 A5 A4 C#5 A3 C#4,2,M
1091.79166667,C#6 A5 A4 C#5 A3 C#4 A2 B5 G4 E5 G3 E4,2,M
1091.875,C#6 A5 A4 C#5 E5 G3 A3 C#4 A2 B5 G4 E4,2,M
1091.91666667,C#6 A5 A4 C#5 E5 G3 A3 C#4 A2,2,M
1092.0,C#6 A5 A4 C#5 E5 G3 A3 C#4 A2 G4 E4,2,M
1092.125,C#6 A5 A4 C#5 E5 G3 A3 C#4 A2 G4 E4,2,M
1092.25,C#6 A5 A4 C#5 E5 G3 A3 C#4,2,M
1092.33333333,C#6 A5 A4 C#5 E5 G3 A3 C#4 A2 B5 G4 E4,2,M
1092.45833333,C#6 A5 A4 C#5 A3 C#4 B5 G4 E5 G3 E4,2,M
1092.5,C#6 A5 A4 C#5 E5 G3 A3 C#4 A2 B5 G4 E4,2,M
1092.58333333,C#6 A5 A4 C#5 E5 G3 A3 C#4 A2,2,M
1092.66666667,A2 C#6 G4 E5 G3 E4,2,M
1092.79166667,C#6 G4 E5 G3 E4,2,M
1092.875,A2 C#6 G4 E5 G3 E4,2,M
1092.91666667,A2,2,M
1093.0,D7 D6 A4 A3 D3 F#4 D5 F#3 D4 D2,2,M
1093.25,D7 D6 D5 A4 A3 D3 F#4 F#3 D4 D2,2,M
1093.5,D7 D6 D5 D4 D3,2,M
1093.75,D7 D6 D5 D4 D3,2,M
1094.0,D7 D6 D5 D4 B3 G3,2,M
1094.25,D7 D6 D5 D4,2,M
1094.5,D7 D6 D5 D4 B3 G3,2,M
1094.75,D7 D6 D5 D4,2,M
1095.0,D7 D6 D5 D4 A3 F#3,2,M
1095.25,D7 D6 D5 D4 A3 F#3,2,M
1095.5,D7 D6 D5 D4,2,M
1095.75,D7 D6 D5 D4,2,M
1096.0,D7 D6 D5 D4 G3 E3,2,M
1096.25,D7 D6 D5 D4,2,M
1096.5,D7 D6 D5 D4 G3 E3,2,M
1096.75,D7 D6 D5 D4,2,M
1097.0,D7 D6 D5 D4 F#3 D3,2,M
1097.25,D7 D6 D5 D4 F#3 D3,2,M
1097.5,D7 D6 D5 D4,2,M
1097.75,D7 D6 D5 D4,2,M
1098.0,D7 D6 D5 D4 E3 C#3,2,M
1098.25,D7 D6 D5 D4,2,M
1098.5,D7 D6 D5 D4 E3 C#3,2,M
1098.75,D7 D6 D5 D4,2,M
1099.0,D7 D6 D5 D4 F#3 A3 C3,2,M
1099.25,D7 D6 D5 D4 F#3 A3 C3,9,M
1099.5,D7 D6 D5 D4,9,M
1099.66666667,D5 D6,9,M
1099.75,D5 D6,9,M
1100.0,E-7 E-6 E-5 E-4 F#3 A3 B2,9,M
1100.25,E-7 E-6 E-5 E-4,9,M
1100.5,E-7 E-6 E-5 E-4 F#3 A3 B2,9,M
1100.75,E-5 E-6,9,M
1101.0,E7 E6 E5 E4 G#3 E3,9,M
1101.25,E7 E6 E5 E4 G#3 E3,9,M
1101.5,E7 E6 E5 E4,9,M
1101.75,E7 E6 E5 E4,9,M
1102.0,E7 E6 E5 E4 C#4 A3,9,M
1102.25,E7 E6 E5 E4,9,M
1102.5,E7 E6 E5 E4 C#4 A3,9,M
1102.75,E7 E6 E5 E4,9,M
1103.0,E7 E6 E5 E4 B3 G#3,9,M
1103.25,E7 E6 E5 E4 B3 G#3,9,M
1103.5,E7 E6 E5 E4,9,M
1103.75,E7 E6 E5 E4,9,M
1104.0,E7 E6 E5 E4 A3 F#3,9,M
1104.25,E7 E6 E5 E4,9,M
1104.5,E7 E6 E5 E4 A3 F#3,9,M
1104.75,E7 E6 E5 E4,9,M
1105.0,E7 E6 E5 E4 G#3 E3,9,M
1105.25,E7 E6 E5 E4 G#3 E3,11,M
1105.5,E7 E6 E5 E4,11,M
1105.75,E7 E6 E5 E4,11,M
1106.0,E7 E6 E5 E4 F#3 E-3,11,M
1106.25,E7 E6 E5 E4,11,M
1106.5,E7 E6 E5 E4 F#3 E-3,11,M
1106.75,E7 E6 E5 E4,11,M
1107.0,E7 E6 E5 E4 G#3 B3 D3,11,M
1107.25,E7 E6 E5 E4 G#3 B3 D3,11,M
1107.5,E7 E6 E5 E4,11,M
1107.66666667,E5 E6,11,M
1107.75,E5 E6,11,M
1108.0,F7 F6 F5 F4 G#3 B3 C#3,11,M
1108.25,F7 F6 F5 F4,11,M
1108.5,F7 F6 F5 F4 G#3 B3 C#3,11,M
1108.75,F5 F6,11,M
1109.0,F#7 F#6 F#5 F#4 B-3 F#3,11,M
1109.25,F#7 F#6 F#5 F#4 B-3 F#3,11,M
1109.5,F#7 F#6 F#5 F#4,11,M
1109.75,F#7 F#6 F#5 F#4,11,M
1110.0,F#7 F#6 F#5 F#4 E-4 B3,11,M
1110.25,F#7 F#6 F#5 F#4,11,M
1110.5,F#7 F#6 F#5 F#4 E-4 B3,11,M
1110.75,F#7 F#6 F#5 F#4,11,M
1111.0,F#7 F#6 F#5 F#4 C#4 B-3,11,M
1111.25,F#7 F#6 F#5 F#4 C#4 B-3,11,M
1111.5,F#7 F#6 F#5 F#4,11,M
1111.75,F#7 F#6 F#5 F#4,11,M
1112.0,F#7 F#6 F#5 F#4 B3 G#3,11,M
1112.25,F#7 F#6 F#5 F#4,11,M
1112.5,F#7 F#6 F#5 F#4 B3 G#3,11,M
1112.75,F#7 F#6 F#5 F#4,11,M
1113.0,F#7 F#6 F#5 F#4 B-3 F#3,11,M
1113.25,F#7 F#6 F#5 F#4 B-3 F#3,11,M
1113.5,F#7 F#6 F#5 F#4,11,M
1113.75,F#7 F#6 F#5 F#4,11,M
1114.0,F#7 F#6 F#5 F#4 B-3 C#4 E3,11,M
1114.25,F#7 F#6 F#5 F#4,?,?
1114.5,F#7 F#6 F#5 F#4 B-3 C#4 E3,?,?
1114.75,F#7 F#6 F#5 F#4,?,?
1115.0,F#7 F#6 F#5 F#3 F#4 B3 E-3,?,?
1115.25,F#7 F#6 F#5 F#3 F#4 B3 E-3,?,?
1115.5,F#7 F#6 F#5 F#4,?,?
1115.66666667,F#5 F#6,?,?
1115.75,F#5 F#6,?,?
1116.0,F#7 F#6 F#5 A5 F#4 A4 C4 D3 D2,?,?
1116.25,F#7 F#6 F#5 A5 F#4 A4,?,?
1116.375,F#7 A5 F#4 A4 F#5 F#6,?,?
1116.5,F#4 F#5 F#6 C4 A4 D3 D2,?,?
1116.75,F#4 F#5 F#6,?,?
1116.875,F#5 F#6,?,?
1117.0,F#7 B-5 C#5 F#5 B-3 F#4 A2 F#6 C#4 B-4 C#3 C#2,?,?
1117.125,F#7 B-5 C#5 F#5 B-3 F#4 A2 F#6 C#4 B-4 C#3 C#2,?,?
1117.25,F#7 F#6 B-5 B-4 C#5 F#5 B-3 C#4 F#4 C#3 C#2,?,?
1117.33333333,F#7 F#6 B-5 B-4 C#5 F#5 B-3 C#4 F#4 C#3 A2 C#2,?,?
1117.45833333,F#7 B-5 C#2 C#5 F#5 B-3 F#4 F#6 C#4 B-4 C#3,?,?
1117.5,F#7 B-5 C#2 C#5 F#5 B-3 F#4 A2 F#6 C#4 B-4 C#3,?,?
1117.625,F#7 F#6 B-5 B-4 C#5 F#5 B-3 C#4 F#4 C#3 C#2,?,?
1117.66666667,A2 F#6 C#4 B-4 C#3 F#7 B-5 C#5 F#5 B-3 F#4 C#2,?,?
1117.79166667,F#7 B-5 C#5 F#5 B-3 F#4 F#6 C#4 B-4 C#3 C#2,?,?
1117.875,F#7 B-5 C#2 B-4 C#5 F#5 B-3 C#4 F#4 C#3 A2 F#6,?,?
1118.0,F7 B-5 C#2 B-4 C#5 F#5 B-3 C#4 F#4 C#3 A2 F6 F#3,?,?
1118.125,F7 B-5 C#5 F#5 B-3 F#4 C#3 A2 F6 C#4 B-4 F#3 C#2,?,?
1118.25,F7 F6 B-5 B-4 C#5 F#5 B-3 C#4 F#4 C#3 F#3 C#2,?,?
1118.33333333,F7 F6 B-5 B-4 C#5 F#5 B-3 C#4 F#4 C#3 A2 F#3 C#2,?,?
1118.45833333,F7 B-5 C#2 C#5 F#5 B-3 F#4 C#3 F6 C#4 B-4 F#3,?,?
1118.5,F7 B-5 C#2 C#5 F#5 B-3 F#4 C#3 A2 F6 C#4 B-4 F#3,?,?
1118.625,F7 F6 B-5 B-4 C#5 F#5 B-3 C#4 F#4 C#3 F#3 C#2,?,?
1118.66666667,A2 F6 C#4 B-4 F#3 F7 B-5 C#5 F#5 B-3 F#4 C#3 C#2,?,?
1118.79166667,F7 B-5 C#5 F#5 B-3 F#4 C#3 F6 C#4 B-4 F#3 C#2,?,?
1118.875,F7 B-5 C#2 B-4 C#5 F#5 B-3 C#4 F#4 C#3 A2 F6 F#3,?,?
1119.0,E-7 B-5 C#2 B-4 C#5 F#5 B-3 C#4 F#4 C#3 A2 E-6,?,?
1119.125,E-7 B-5 C#5 F#5 F#4 C#3 A2 E-6 C#4 B-4 B-3 C#2,?,?
1119.25,E-7 E-6 B-5 B-4 C#5 F#5 B-3 C#4 F#4 C#3 C#2,?,?
1119.33333333,E-7 E-6 B-5 B-4 C#5 F#5 B-3 C#4 F#4 C#3 A2 C#2,?,?
1119.45833333,E-7 B-5 C#2 C#5 F#5 F#4 C#3 E-6 C#4 B-4 B-3,?,?
1119.5,E-7 B-5 C#2 C#5 F#5 F#4 C#3 A2 E-6 C#4 B-4 B-3,?,?
1119.625,E-7 E-6 B-5 B-4 C#5 F#5 B-3 C#4 F#4 C#3 C#2,?,?
1119.66666667,A2 E-6 C#4 B-4 B-3 E-7 B-5 C#5 F#5 F#4 C#3 C#2,?,?
1119.79166667,E-7 F#5 B-5 C#3 C#4 C#5 F#4 E-6 B-4 B-3 C#2,?,?
1119.875,E-7 F#5 B-5 C#2 B-4 C#5 B-3 C#4 F#4 C#3 A2 E-6,?,?
1120.0,C#7 F#5 B-5 B-3 F#4 C#2 B-4 C#5 C#4 C#3 A2 C#6,?,?
1120.125,C#7 F#5 B-5 C#2 C#5 B-3 F#4 A2 C#6 B-4 C#4 C#3,?,?
1120.25,C#7 C#6 F#5 B-5 C#2 B-4 C#5 B-3 C#4 F#4 C#3,?,?
1120.33333333,C#7 C#6 F#5 B-5 C#2 B-4 C#5 B-3 C#4 F#4 A2 C#3,?,?
1120.375,F#5 B-5 C#2 C#5 B-3 F#4 A2 C#6 B-4 C#4 C#3,?,?
1120.45833333,F#5 B-5 C#2 C#5 B-3 F#4 C#3 C#6 B-4 C#4,?,?
1120.5,C#7 C#6 F#5 B-5 C#2 C#5 B-3 F#4 C#3 A2 B-4 C#4,?,?
1120.625,C#7 C#6 F#5 B-5 C#2 B-4 C#5 B-3 C#4 F#4 C#3,?,?
1120.66666667,A2 C#6 B-4 C#4 C#7 F#5 B-5 B-3 F#4 C#2 C#5 C#3,?,?
1120.75,C#7 B-3 F#4 A2 C#6 B-4 C#4 C#3,?,?
1120.79166667,C#7 C#6 B-3 F#4 B-4 C#4 C#3,?,?
1120.875,A2 C#6 B-4 C#4 C#3,?,?
1121.0,E-7 F5 G#5 G#4 G#3 B3 F4 A2 E-6 C#4 B4 C#3 C#2,?,?
1121.125,E-7 F5 G#5 G#4 G#3 B3 F4 A2 E-6 C#4 B4 C#3 C#2,?,?
1121.25,E-7 E-6 F5 G#5 G#4 B4 G#3 B3 F4 C#3 C#4 C#2,?,?
1121.33333333,E-7 E-6 F5 G#5 G#4 B4 G#3 B3 F4 C#3 A2 C#4 C#2,?,?
1121.45833333,E-7 F5 G#5 C#2 G#4 G#3 B3 F4 E-6 C#4 B4 C#3,?,?
1121.5,E-7 F5 G#5 C#2 G#4 G#3 B3 F4 A2 E-6 C#4 B4 C#3,?,?
1121.625,E-7 E-6 F5 G#5 G#4 B4 G#3 B3 F4 C#3 C#4 C#2,?,?
1121.66666667,A2 E-6 C#4 B4 C#3 E-7 F5 G#5 G#4 G#3 B3 F4 C#2,?,?
1121.79166667,E-7 F5 G#5 G#4 G#3 B3 F4 E-6 C#4 B4 C#3 C#2,?,?
1121.875,E-7 F5 G#5 C#2 G#4 B4 G#3 B3 F4 C#3 A2 E-6 C#4,?,?
1122.0,C#7 F5 G#5 C#2 G#4 B4 G#3 B3 F4 C#3 A2 C#6 C#4 F3,?,?
1122.125,C#7 F5 G#5 G#4 G#3 B3 F4 C#3 A2 C#6 C#4 B4 F3 C#2,?,?
1122.25,C#7 C#6 F5 G#5 G#4 B4 G#3 B3 F4 C#3 C#4 F3 C#2,?,?
1122.33333333,C#7 C#6 F5 G#5 G#4 B4 G#3 B3 F4 C#3 A2 C#4 F3 C#2,?,?
1122.45833333,C#7 F5 G#5 C#2 G#4 G#3 B3 F4 C#3 C#6 C#4 B4 F3,?,?
1122.5,C#7 F5 G#5 C#2 G#4 G#3 B3 F4 C#3 A2 C#6 C#4 B4 F3,?,?
1122.625,C#7 C#6 F5 G#5 G#4 B4 G#3 B3 F4 C#3 C#4 F3 C#2,?,?
1122.66666667,A2 C#6 C#4 B4 F3 C#7 F5 G#5 G#4 G#3 B3 F4 C#3 C#2,?,?
1122.79166667,C#7 F5 G#5 G#4 G#3 B3 F4 C#3 C#6 C#4 B4 F3 C#2,?,?
1122.875,C#7 F5 G#5 C#2 G#4 B4 G#3 B3 F4 C#3 A2 C#6 C#4 F3,?,?
1123.0,B6 F5 G#5 C#2 G#4 B4 G#3 B3 F4 C#3 A2 B5 C#4,?,?
1123.125,B6 F5 G#5 G#4 B3 F4 C#3 A2 B5 C#4 B4 G#3 C#2,?,?
1123.25,B6 B5 F5 G#5 G#4 B4 G#3 B3 F4 C#3 C#4 C#2,?,?
1123.33333333,B6 B5 F5 G#5 G#4 B4 G#3 B3 F4 C#3 A2 C#4 C#2,?,?
1123.45833333,B6 F5 G#5 C#2 G#4 B3 F4 C#3 B5 C#4 B4 G#3,?,?
1123.5,B6 F5 G#5 C#2 G#4 B3 F4 C#3 A2 B5 C#4 B4 G#3,?,?
1123.625,B6 B5 F5 G#5 G#4 B4 G#3 B3 F4 C#3 C#4 C#2,?,?
1123.66666667,A2 B5 C#4 B4 G#3 B6 F5 G#5 G#4 B3 F4 C#3 C#2,?,?
1123.79166667,B6 F5 G#5 G#4 B3 F4 C#3 B5 C#4 B4 G#3 C#2,?,?
1123.875,B6 F5 G#5 C#2 G#4 B4 G#3 B3 F4 C#3 A2 B5 C#4,?,?
1124.0,G#6 F5 C#2 G#4 B4 G#3 B3 F4 C#3 A2 G#5 C#4,?,?
1124.125,G#6 F5 C#2 G#4 G#3 F4 A2 G#5 C#4 B4 B3 C#3,?,?
1124.25,G#6 F5 G#5 C#2 G#4 B4 G#3 B3 F4 C#4 C#3,?,?
1124.33333333,G#6 F5 G#5 C#2 G#4 B4 G#3 B3 F4 A2 C#4 C#3,?,?
1124.45833333,G#6 F5 C#2 G#4 G#3 F4 C#3 G#5 C#4 B4 B3,?,?
1124.5,G#6 F5 C#2 G#4 G#3 F4 C#3 A2 G#5 C#4 B4 B3,?,?
1124.625,G#6 F5 G#5 C#2 G#4 B4 G#3 B3 F4 C#4 C#3,?,?
1124.66666667,A2 G#5 C#4 B4 B3 G#6 F5 C#2 G#4 G#3 F4 C#3,?,?
1124.75,G#6 A2 G#5 C#4 B4 B3 C#3,?,?
1124.79166667,G#6 G#5 C#4 B4 B3 C#3,?,?
1124.875,G#6 A2 G#5 C#4 B4 B3 C#3,?,?
1125.0,F#6 B-4 F#4 A2 F#5 C#4 B-3 F#2,?,?
1125.5,B-4 F#4 A2,?,?
1126.5,B4 E-5 F#5 B3 E-4 F#4,?,?
1127.0,B4 E-5 F#5 B3 E-4 F#4,?,?
1128.5,B4 E-5 F#5 B3 E-4 F#4,2,M
1129.0,B-4 C#5 F#5 F#3 C#4 F#4,2,M
1129.33333333,B-4 C#5 F#5 F#3 C#4 F#4 E-5 E-4,2,M
1129.5,E-5 E-4,2,M
1129.66666667,F5 F4,2,M
1130.0,F#5 F#4,2,M
1130.33333333,G#5 G#4,2,M
1130.5,A3 D5 F#5 A4 A5 D4 F#4 D3 G#5 G#4,2,M
1130.66666667,A5 A4 A3 D5 F#5 D4 F#4 D3,2,M
1130.75,A5 A4,2,M
1131.0,A3 D5 F#5 A4 A5 D4 F#4 D3,2,M
1131.5,A3 D5 F#5 A4 A5 D4 F#4 D3,11,m
1132.5,A3 D5 F#5 A4 A5 D4 F#4 D3,11,m
1133.0,C#5 E5 A4 A5 A3 C#4 E4,11,m
1133.33333333,C#5 E5 A4 A5 A3 C#4 E4 F#5 F#4,11,m
1133.5,F#5 F#4,11,m
1133.66666667,G5 G4,11,m
1134.0,A5 A4,11,m
1134.33333333,B-5 B-4,11,m
1134.5,B5 D4 B4 D5 G3 B3 G4 B-5 B-4,11,m
1134.66666667,B5 B4 D4 D5 G3 B3 G4,11,m
1134.75,B5 B4,11,m
1135.0,B5 D4 B4 D5 G3 B3 G4,11,m
1135.5,B5 D4 B4 D5 G3 B3 G4,11,m
1136.5,B5 B4 E5 G3 B3 E4,11,m
1137.0,B-5 F#4 B-4 C#5 F#5 F#3 B-3 C#4,11,m
1137.33333333,F6 B-5 F#4 B-4 C#5 F#5 F#3 B-3 C#4 F5 F4,11,m
1137.5,F6 F5 F4,11,m
1137.66666667,F#6 F#5 F#4,11,m
1138.0,G#6 G#5 G#4,11,m
1138.33333333,B-6 B-5 B-4,11,m
1138.66666667,B6 B5 B4,11,m
1139.0,C#7 C#6 E6 B-5 B-4 E5 F#3 B-3 E4 C#5 F#2,11,m
1139.33333333,C#7 C#6 E6 B-5 B-4 E5 F#3 B-3 E4 C#5 F#2,11,m
1139.66666667,C#6 C#5 C#7 E6 B-5 B-4 E5 F#3 B-3 E4 F#2,11,m
1140.0,C#7 C#6 E6 B-5 B-4 E5 F#3 B-3 E4 F#2 C#5,11,m
1140.25,F#2 C#6 C#5,2,M
1140.33333333,F#2 C#6 C#5,2,M
1140.5,C#7 C#6 E6 B-5 B-4 E5 F#3 B-3 E4 F#2 C#5,2,M
1140.66666667,C#6 C#5 C#7 E6 B-5 B-4 E5 F#3 B-3 E4 F#2,2,M
1140.75,C#6 C#5,2,M
1141.0,C#7 E6 E5 G3 B3 E4 D3 C#6 C#5 G2,2,M
1141.125,C#7 E6 E5 G3 B3 E4 D3 C#6 C#5 G2,2,M
1141.25,C#7 E6 C#6 E5 G3 B3 E4 C#5 G2,2,M
1141.33333333,C#7 E6 C#6 E5 G3 B3 E4 D3 C#5 G2,2,M
1141.45833333,C#7 E6 E5 G3 B3 E4 G2 C#6 C#5,2,M
1141.5,C#7 E6 E5 G3 B3 E4 G2 D3 C#6 C#5,2,M
1141.625,C#7 E6 C#6 E5 G3 B3 E4 C#5 G2,2,M
1141.66666667,D3 C#6 C#5 C#7 E6 E5 G3 B3 E4 G2,2,M
1141.79166667,C#7 E6 E5 G3 B3 E4 C#6 C#5 G2,2,M
1141.875,C#7 E6 E5 G3 B3 E4 G2 D3 C#6 C#5,2,M
1142.0,B6 E6 E5 G3 B3 E4 G2 D3 B5 B4,2,M
1142.125,B6 E6 E5 G3 B3 E4 D3 B5 B4 G2,2,M
1142.25,B6 E6 B5 E5 G3 B3 E4 B4 G2,2,M
1142.33333333,B6 E6 B5 E5 G3 B3 E4 D3 B4 G2,2,M
1142.45833333,B6 E6 E5 G3 B3 E4 G2 B5 B4,2,M
1142.5,B6 E6 E5 G3 B3 E4 G2 D3 B5 B4,2,M
1142.625,B6 E6 B5 E5 G3 B3 E4 B4 G2,2,M
1142.66666667,D3 B5 B4 B6 E6 E5 G3 B3 E4 G2,2,M
1142.79166667,B6 E6 E5 G3 B3 E4 B5 B4 G2,2,M
1142.875,B6 E6 B4 E5 G3 B3 E4 G2 D3 B5,2,M
1143.0,G6 B4 E5 G3 B3 E4 G2 D3 G5 G4,2,M
1143.125,G6 B4 E5 G3 B3 E4 D3 G5 G4 G2,2,M
1143.25,G6 G5 B4 E5 G3 B3 E4 G4 G2,2,M
1143.33333333,G6 G5 B4 E5 G3 B3 E4 D3 G4 G2,2,M
1143.45833333,G6 B4 E5 G3 B3 E4 G2 G5 G4,2,M
1143.5,G6 B4 E5 G3 B3 E4 G2 D3 G5 G4,2,M
1143.625,G6 G5 B4 E5 G3 B3 E4 G4 G2,2,M
1143.66666667,D3 G5 G4 G6 B4 E5 G3 B3 E4 G2,2,M
1143.75,G6 E5 G3 B3 E4 D3 G5 G4 G2,2,M
1143.79166667,G6 E5 G3 B3 E4 G2 G5 G4,2,M
1143.875,G6 D3 G5 G4 G2,2,M
1144.0,E6 E5 B4 G3 B3 G4 D3 E4 G2,2,M
1144.125,E6 B4 G3 B3 G4 D3 E5 E4 G2,2,M
1144.25,E6 B4 G3 B3 G4 E5 E4 G2,2,M
1144.33333333,E6 B4 G3 B3 G4 D3 E5 E4 G2,2,M
1144.45833333,E6 B4 G3 B3 G4 E5 E4 G2,2,M
1144.5,D3 E5 E4,2,M
1144.625,E4 E5,2,M
1144.66666667,D3 E5 E4,2,M
1144.79166667,E5 E4,2,M
1144.875,D3 E5 E4,2,M
1145.0,D6 F#4 A4 F#3 A3 D5 D4 A2,2,M
1145.25,D6 F#4 A4 F#3 A3 A2 D5 D4,2,M
1145.5,D6 F#4 A4 F#3 A3 A2 D5 D4,2,M
1145.75,D6 F#4 A4 F#3 A3 D4 A2 D5,2,M
1146.0,C#6 F#4 A4 F#3 A3 D4 A2 C#5 C#4,2,M
1146.25,D6 F#4 A4 F#3 A3 D4 A2 D5,2,M
1146.5,E6 F#4 A4 F#3 A3 D4 A2 E5 E4,2,M
1146.75,D6 D5 A3 F#4 D4 A2,2,M
1147.0,F#6 A4 C#5 G3 A3 A2 F#5 C#4 G4 F#4 A1,2,M
1147.125,F#6 A4 G4 C#5 G3 A3 C#4 A2 F#5 F#4 A1,2,M
1147.25,F#6 A4 G4 C#5 G3 A3 C#4 A2 F#5 F#4 A1,2,M
1147.33333333,F#6 A4 C#5 G3 A3 A2 F#5 C#4 G4 F#4 A1,2,M
1147.45833333,F#6 A4 G4 C#5 G3 A3 C#4 A2 F#5 F#4 A1,2,M
1147.5,F#6 A4 G4 C#5 G3 A3 C#4 A2 F#5 F#4 A1,2,M
1147.625,F#6 A4 C#5 G3 A3 A2 F#5 C#4 G4 F#4 A1,2,M
1147.66666667,A2 F#6 A4 G4 C#5 G3 A3 C#4 F#5 F#4 A1,2,M
1147.75,F#6 A4 G4 C#5 G3 A3 C#4 A2 F#5 F#4 A1,2,M
1147.79166667,F#6 A4 C#5 G3 A3 A2 F#5 C#4 G4 F#4 A1,2,M
1147.875,F#6 A4 G4 C#5 G3 A3 C#4 A2 F#5 F#4 A1,2,M
1148.0,F#6 A4 G4 C#5 G3 A3 C#4 A2 F#5 F#4 A1,2,M
1148.125,F#6 A4 G4 C#5 G3 A3 C#4 A2 F#5 F#4 A1,2,M
1148.25,F#6 A4 G4 C#5 G3 A3 C#4 A2 F#5 F#4 A1,2,M
1148.33333333,F#6 A4 C#5 G3 A3 A2 F#5 C#4 G4 F#4 A1,2,M
1148.45833333,F#6 A4 G4 C#5 G3 A3 C#4 A2 F#5 F#4 A1,2,M
1148.5,E6 A4 G4 C#5 G3 A3 C#4 A2 E5 E4 A1,2,M
1148.625,E6 A4 C#5 G3 A3 A2 E5 C#4 G4 E4 A1,2,M
1148.66666667,A2 E6 A4 C#5 G3 A3 E5 C#4 G4 E4 A1,2,M
1148.75,E6 A2 E5 C#4 G4 E4 A1,2,M
1148.79166667,E6 E5 C#4 G4 E4 A1,2,M
1148.875,E6 A2 E5 C#4 G4 E4 A1,2,M
1149.0,D6 A4 F#3 D3 D5 A3 F#4 D4 D2,2,M
1149.5,D3,2,M
1150.5,B4 D5 F#5 B3 D4 F#4,2,M
1151.0,B4 D5 F#5 B3 D4 F#4,2,M
1152.5,B4 D5 F#5 B3 D4 F#4,2,M
1153.0,B-4 C#5 F#5 F#3 C#4 F#4,2,M
1153.33333333,B-4 C#5 F#5 F#3 C#4 F#4 E-5 E-4,2,M
1153.5,E-5 E-4,2,M
1153.66666667,F5 F4,2,M
1154.0,F#5 F#4,2,M
1154.33333333,G#5 G#4,2,M
1154.5,A3 D5 F#5 A4 A5 D4 F#4 D3 G#5 G#4,2,M
1154.66666667,A5 A4 A3 D5 F#5 D4 F#4 D3,2,M
1154.75,A5 A4,2,M
1155.0,A3 D5 F#5 A4 A5 D4 F#4 D3,2,M
1155.5,A3 D5 F#5 A4 A5 D4 F#4 D3,2,M
1156.5,A3 D5 F#5 A4 A5 D4 F#4 D3,2,M
1157.0,C#5 E5 A4 A5 A3 C#4 E4,2,M
1157.33333333,C#5 E5 A4 A5 A3 C#4 E4 F#5 F#4,2,M
1157.5,F#5 F#4,2,M
1157.66666667,G5 G4,2,M
1158.0,A5 A4,2,M
1158.33333333,B-5 B-4,2,M
1158.5,B5 D4 B4 D5 G3 B3 G4 B-5 B-4,2,M
1158.66666667,B5 B4 D4 D5 G3 B3 G4,2,M
1158.75,B5 B4,2,M
1159.0,B5 D4 B4 D5 G3 B3 G4,2,M
1159.5,B5 D4 B4 D5 G3 B3 G4,2,M
1160.5,B5 B4 E5 G3 B3 E4,2,M
1161.0,B-5 F#4 B-4 C#5 F#5 B-3 C#4 F#3 F#2,2,M
1161.33333333,B5 B-5 F#4 B-4 C#5 F#5 B-3 C#4 B4 B3 F#3 F#2,2,M
1161.66666667,C#6 C#5 C#4 B-5 B-4 F#4 F#5 B-3 F#3 F#2,2,M
1161.875,C#6 B-5 B-4 C#5 F#5 B-3 C#4 F#3 F#2,2,M
1162.0,D6 B-5 B-4 C#5 F#5 B-3 C#4 D5 D4 F#3 F#2,2,M
1162.33333333,E6 B-5 B-4 C#5 F#5 B-3 C#4 E5 E4 F#3 F#2,2,M
1162.66666667,F#6 F#5 F#4 B-5 B-4 C#5 B-3 C#4 F#3 F#2,2,M
1162.75,F#6 F#5 F#4,2,M
1163.0,G6 A5 C#5 A4 C#4 A2 G5 A3 G4 E3 E2,2,M
1163.125,G6 A5 C#5 A4 A3 C#4 A2 G5 G4 E3 E2,2,M
1163.25,G6 A5 C#5 G5 A4 A3 C#4 G4 E3 E2,2,M
1163.33333333,G#6 A5 C#5 G5 A4 C#4 A2 G#5 A3 G4 E3 E2,2,M
1163.45833333,G#6 A5 C#5 G5 A4 A3 C#4 G#5 G4 E3 E2,2,M
1163.5,G#6 A5 C#5 G5 A4 A3 C#4 A2 G#5 G4 E3 E2,2,M
1163.625,G#6 A5 C#5 G5 A4 C#4 G#5 A3 G4 E3 E2,2,M
1163.66666667,A6 A2 A5 C#5 G5 A4 A3 C#4 G4 E3 E2,2,M
1163.75,A6 C#5 G5 A4 A3 C#4 A2 A5 G4 E3 E2,2,M
1163.79166667,A6 C#5 G5 A4 C#4 A5 A3 G4 E3 E2,2,M
1163.875,A6 A5 C#5 G5 A4 A3 C#4 A2 G4 E3 E2,2,M
1164.0,B-6 A5 E2 C#5 G5 A4 A3 C#4 A2 B-5 G4 E3,2,M
1164.125,B-6 A5 C#5 G5 A4 C#4 A2 B-5 A3 G4 E3 E2,2,M
1164.25,B-6 E3 B-5 A3 G4,2,M
1164.33333333,B6 A2 B5 A3 G4,2,M
1164.45833333,B6 B5 A3 G4,2,M
1164.5,B6 A5 C#5 G5 A4 C#4 A2 B5 A3 G4 E3 E2,2,M
1164.625,B6 A5 C#5 G5 A4 C#4 B5 A3 G4 E3 E2,2,M
1164.66666667,C#7 A2 C#6 A5 C#5 G5 A4 C#4 A3 G4 E3 E2,2,M
1164.75,C#7 E3 A2 C#6 A3 G4,2,M
1164.79166667,C#7 E3 C#6 A3 G4,2,M
1164.875,C#7 E3 A2 C#6 A3 G4,2,M
1165.0,D7 D6 F#5 A4 D5 D4 A3 F#4 D3 D2,2,M
1165.25,D7 D6 D5 D4 F#5 A4 A3 F#4 D3 D2,2,M
1165.5,D6 D5 D4 D3,2,M
1165.75,D6 D5 D4 D3,2,M
1166.0,D6 D5 D4 B3 G3,2,M
1166.25,D6 D5 D4,2,M
1166.5,D6 D5 D4 B3 G3,2,M
1166.75,D6 D5 D4,2,M
1167.0,D6 D5 D4 A3 F#3,2,M
1167.25,D6 D5 D4 A3 F#3,2,M
1167.5,D6 D5 D4,2,M
1167.75,D6 D5 D4,2,M
1168.0,D6 D5 D4 G3 E3,2,M
1168.25,D6 D5 D4,2,M
1168.5,D6 D5 D4 G3 E3,2,M
1168.75,D6 D5 D4,2,M
1169.0,D6 D5 D4 F#3 D3,2,M
1169.25,D6 D5 D4 F#3 D3,2,M
1169.5,D6 D5 D4,2,M
1169.75,D6 D5 D4,2,M
1170.0,D6 D5 D4 E3 C#3,2,M
1170.25,D6 D5 D4,2,M
1170.5,D6 D5 D4 E3 C#3,2,M
1170.75,D6 D5 D4,2,M
1171.0,D6 D5 D4 F#3 A3 C3,2,M
1171.25,D6 D5 D4 F#3 A3 C3,9,M
1171.5,D6 D5 D4,9,M
1171.75,D6 D5 D4,9,M
1171.875,D5 D6,9,M
1172.0,E-5 E-4 E-6 F#3 A3 B2,9,M
1172.25,E6 E-6 E-5 E-4,9,M
1172.375,E-6 E6 E-5 E-4,9,M
1172.5,E-6 E-5 E-4 F#3 A3 B2,9,M
1172.625,C#6 E-6 E-5 E-4 F#3 A3 B2,9,M
1172.75,C#6 E-5 E-4 E-6,9,M
1172.875,E-5 E-6,9,M
1173.0,E6 E5 E4 G#3 E3,9,M
1173.25,E6 E5 E4 G#3 E3,9,M
1173.5,E6 E5 E4,9,M
1173.75,E6 E5 E4,9,M
1174.0,E6 E5 E4 C#4 A3,9,M
1174.25,E6 E5 E4,9,M
1174.5,E6 E5 E4 C#4 A3,9,M
1174.75,E6 E5 E4,9,M
1175.0,E6 E5 E4 B3 G#3,9,M
1175.25,E6 E5 E4 B3 G#3,9,M
1175.5,E6 E5 E4,9,M
1175.75,E6 E5 E4,9,M
1176.0,E6 E5 E4 A3 F#3,9,M
1176.25,E6 E5 E4,9,M
1176.5,E6 E5 E4 A3 F#3,9,M
1176.75,E6 E5 E4,9,M
1177.0,E6 E5 E4 G#3 E3,9,M
1177.25,E6 E5 E4 G#3 E3,9,M
1177.5,E6 E5 E4,9,M
1177.75,E6 E5 E4,9,M
1178.0,E6 E5 E4 F#3 E-3,9,M
1178.25,E6 E5 E4,?,?
1178.5,E6 E5 E4 F#3 E-3,?,?
1178.75,E6 E5 E4,?,?
1179.0,E6 E5 E4 G#3 B3 D3,?,?
1179.25,E6 E5 E4 G#3 B3 D3,?,?
1179.5,E6 E5 E4,?,?
1179.75,E6 E5 E4,?,?
1179.875,E5 E6,?,?
1180.0,F5 F4 F6 G#3 B3 C#3,?,?
1180.25,F#6 F6 F5 F4,1,m
1180.375,F6 F#6 F5 F4,1,m
1180.5,F6 F5 F4 G#3 B3 C#3,1,m
1180.625,E-6 F6 F5 F4 G#3 B3 C#3,1,m
1180.75,E-6 F5 F4 F6,1,m
1180.875,F5 F6,1,m
1181.0,F#6 F#5 F#4 B-3 F#3,1,m
1181.25,F#6 F#5 F#4 B-3 F#3,7,m
1181.5,F#6 F#5 F#4,7,m
1181.75,F#6 F#5 F#4,7,m
1182.0,F#6 F#5 F#4 E4 C#4,7,m
1182.25,F#6 F#5 F#4,7,m
1182.5,F#6 F#5 F#4 E4 C#4,7,m
1182.75,F#5 F#6,7,m
1183.0,G6 G5 G4 D4 B3,7,m
1183.25,G6 G5 G4 D4 B3,10,M
1183.5,G6 G5 G4,10,M
1183.75,G6 G5 G4,10,M
1184.0,G6 G5 G4 C#4 B-3,10,M
1184.25,G6 G5 G4,10,M
1184.5,G6 G5 G4 C#4 B-3,10,M
1184.75,G5 G6,10,M
1185.0,G#6 G#5 G#4 C4 G#3,10,M
1185.25,G#6 G#5 G#4 C4 G#3,10,M
1185.5,G#6 G#5 G#4,10,M
1185.75,G#6 G#5 G#4,10,M
1186.0,G#6 G#5 G#4 F#4 E-4,10,M
1186.25,G#6 G#5 G#4,10,M
1186.5,G#6 G#5 G#4 F#4 E-4,10,M
1186.75,G#5 G#6,10,M
1187.0,A6 A5 A4 E4 C#4,10,M
1187.25,A6 A5 A4 E4 C#4,10,M
1187.5,A6 A5 A4,10,M
1187.75,A6 A5 A4,10,M
1188.0,A6 A5 A4 E-4 C4,10,M
1188.25,A6 A5 A4,10,M
1188.5,A6 A5 A4 E-4 C4,10,M
1188.75,A5 A6,10,M
1189.0,B-6 F6 D6 B-4 F5 D4 B-2 D3 B-5 F4 D5 B-3 B-1,10,M
1189.125,C7 F6 B-6 B-5 D6 B-4 F5 D4 D5 B-3 F4 B-2 D3 B-1,10,M
1189.25,F6 B-6 B-5 D6 B-4 F5 D4 D5 B-3 F4 B-2 B-1,10,M
1189.33333333,B-6 F6 D6 B-1 B-4 F5 D4 B-2 D3 B-5 F4 D5 B-3,10,M
1189.375,B-6 F6 D6 B-1 B-4 F5 D4 B-2 D3 B-5 F4 D5 B-3,10,M
1189.45833333,F6 B-6 B-5 D6 B-1 B-4 F5 D4 D5 B-3 F4 B-2,10,M
1189.5,C7 F6 B-6 B-5 D6 B-1 B-4 F5 D4 D5 B-3 F4 B-2 D3,10,M
1189.625,F6 D6 B-4 F5 D4 B-2 B-5 B-6 F4 D5 B-3 B-1,10,M
1189.66666667,B-6 D3 F6 B-5 D6 B-4 F5 D4 D5 B-3 F4 B-2 B-1,10,M
1189.75,B-6 F6 B-5 D6 B-4 F5 D4 D5 B-3 F4 B-2 D3 B-1,10,M
1189.79166667,F6 D6 B-1 B-4 F5 D4 B-2 B-5 B-6 F4 D5 B-3,10,M
1189.875,C7 F6 B-6 B-5 D6 B-1 B-4 F5 D4 D5 B-3 F4 B-2 D3,10,M
1190.0,B-6 F6 B-5 D6 B-1 B-4 F5 D4 D5 B-3 F4 B-2 D3,10,M
1190.125,C7 F6 B-6 B-5 D6 B-4 F5 D4 D5 B-3 F4 B-2 D3 B-1,10,M
1190.25,F6 B-6 B-5 D6 B-4 F5 D4 D5 B-3 F4 B-2 B-1,10,M
1190.33333333,B-6 F6 D6 B-1 B-4 F5 D4 B-2 D3 B-5 F4 D5 B-3,10,M
1190.375,B-6 F6 D6 B-1 B-4 F5 D4 B-2 D3 B-5 F4 D5 B-3,10,M
1190.45833333,F6 B-6 B-5 D6 B-1 B-4 F5 D4 D5 B-3 F4 B-2,10,M
1190.5,C7 F6 B-6 B-5 D6 B-1 B-4 F5 D4 D5 B-3 F4 B-2 D3,10,M
1190.625,F6 D6 B-4 F5 D4 B-2 B-5 B-6 F4 D5 B-3 B-1,10,M
1190.66666667,B-6 D3 F6 B-5 D6 B-4 F5 D4 D5 B-3 F4 B-2 B-1,10,M
1190.75,B-6 F6 B-5 D6 B-4 F5 D4 D5 B-3 F4 B-2 D3 B-1,10,M
1190.79166667,F6 D6 B-1 B-4 F5 D4 B-2 B-5 B-6 F4 D5 B-3,10,M
1190.875,C7 F6 B-6 B-5 D6 B-1 B-4 F5 D4 D5 B-3 F4 B-2 D3,10,M
1191.0,B-6 F6 B-5 D6 B-1 B-4 F5 D4 D5 B-3 F4 B-2 D3,10,M
1191.125,C7 F6 B-6 B-5 D6 B-4 F5 D4 D5 B-3 F4 B-2 D3 B-1,10,M
1191.25,F6 B-6 B-5 D6 B-4 F5 D4 D5 B-3 F4 B-2 B-1,10,M
1191.33333333,B-6 F6 D6 B-1 B-4 F5 D4 B-2 D3 B-5 F4 D5 B-3,10,M
1191.375,B-6 F6 D6 B-1 B-4 F5 D4 B-2 D3 B-5 F4 D5 B-3,10,M
1191.45833333,F6 B-6 B-5 D6 B-1 B-4 F5 D4 D5 B-3 F4 B-2,10,M
1191.5,C7 F6 B-6 B-5 D6 B-1 B-4 F5 D4 D5 B-3 F4 B-2 D3,10,M
1191.625,F6 D6 B-4 F5 D4 B-2 B-5 B-6 F4 D5 B-3 B-1,10,M
1191.66666667,B-6 D3 F6 B-5 D6 B-4 F5 D4 D5 B-3 F4 B-2 B-1,10,M
1191.75,B-6 F6 B-5 D6 B-4 F5 D4 D5 B-3 F4 B-2 D3 B-1,10,M
1191.79166667,F6 D6 B-1 B-4 F5 D4 B-2 B-5 B-6 F4 D5 B-3,10,M
1191.875,C7 F6 B-6 B-5 D6 B-1 B-4 F5 D4 D5 B-3 F4 B-2 D3,10,M
1192.0,B-6 F6 B-5 D6 B-1 B-4 F5 D4 D5 B-3 F4 B-2 D3,10,M
1192.125,C7 F6 B-6 B-5 D6 B-4 F5 D4 D5 B-3 F4 B-2 D3 B-1,10,M
1192.25,F6 B-6 B-5 D6 B-4 F5 D4 D5 B-3 F4 B-2 B-1,10,M
1192.33333333,B-6 F6 D6 B-1 B-4 F5 D4 B-2 D3 B-5 F4 D5 B-3,10,M
1192.375,B-6 F6 D6 B-1 B-4 F5 D4 B-2 D3 B-5 F4 D5 B-3,10,M
1192.45833333,F6 B-6 B-5 D6 B-1 B-4 F5 D4 D5 B-3 F4 B-2,10,M
1192.5,C7 F6 B-6 B-5 D6 B-1 B-4 F5 D4 D5 B-3 F4 B-2 D3,10,M
1192.625,F6 D6 B-4 F5 D4 B-2 B-5 B-6 F4 D5 B-3 B-1,10,M
1192.66666667,B-6 D3 F6 B-5 D6 B-4 F5 D4 D5 B-3 F4 B-2 B-1,10,M
1192.75,B-6 F6 B-5 D6 B-4 F5 D4 D5 B-3 F4 B-2 D3 B-1,10,M
1192.79166667,F6 D6 B-1 B-4 F5 D4 B-2 B-5 B-6 F4 D5 B-3,10,M
1192.875,C7 F6 B-6 B-5 D6 B-1 B-4 F5 D4 D5 B-3 F4 B-2 D3,10,M
1193.0,F6 B-5 D6 B-1 B-4 F5 D4 D5 B-3 F4 B-2 D3 B-6,10,M
1193.5,D3,10,M
1194.0,F4 F3,10,M
1194.5,F4 F3,10,M
1195.0,B-4 B-3,10,M
1197.0,B-6 G6 B-4 G5 D4 B-3 G2 D3 B-5 D6 G4 D5 G3 G1,7,m
1197.125,C7 G6 B-6 B-5 D6 B-4 G5 D4 D5 G3 B-3 G4 G2 D3 G1,7,m
1197.25,G6 B-6 B-5 D6 B-4 G5 D4 D5 G3 B-3 G4 G2 G1,7,m
1197.33333333,B-6 G6 B-4 G5 D4 B-3 G2 D3 B-5 D6 G4 D5 G3 G1,7,m
1197.375,B-6 G6 B-4 G5 D4 B-3 G2 D3 B-5 D6 G4 D5 G3,7,m
1197.45833333,G6 B-6 B-5 D6 B-4 G5 D4 D5 G3 B-3 G4 G2,7,m
1197.5,C7 G6 B-6 B-5 D6 B-4 G5 D4 D5 G3 B-3 G4 G2 D3 G1,7,m
1197.625,G6 B-4 G5 D4 B-3 G2 B-5 B-6 D6 G4 D5 G3 G1,7,m
1197.66666667,B-6 D3 G6 B-5 D6 B-4 G5 D4 D5 G3 B-3 G4 G2 G1,7,m
1197.75,B-6 G6 B-5 D6 B-4 G5 D4 D5 G3 B-3 G4 G2 D3 G1,7,m
1197.79166667,G6 B-4 G5 D4 B-3 G2 B-5 B-6 D6 G4 D5 G3 G1,7,m
1197.875,C7 G6 B-6 B-5 D6 B-4 G5 D4 D5 G3 B-3 G4 G2 D3,7,m
1198.0,B-6 G6 B-5 D6 B-4 G5 D4 D5 G3 B-3 G4 G2 D3 G1,7,m
1198.125,C7 G6 B-6 B-5 D6 B-4 G5 D4 D5 G3 B-3 G4 G2 D3 G1,7,m
1198.25,G6 B-6 B-5 D6 B-4 G5 D4 D5 G3 B-3 G4 G2 G1,7,m
1198.33333333,B-6 G6 B-4 G5 D4 B-3 G2 D3 B-5 D6 G4 D5 G3 G1,7,m
1198.375,B-6 G6 B-4 G5 D4 B-3 G2 D3 B-5 D6 G4 D5 G3,7,m
1198.45833333,G6 B-6 B-5 D6 B-4 G5 D4 D5 G3 B-3 G4 G2,7,m
1198.5,C7 G6 B-6 B-5 D6 B-4 G5 D4 D5 G3 B-3 G4 G2 D3 G1,7,m
1198.625,G6 B-4 G5 D4 B-3 G2 B-5 B-6 D6 G4 D5 G3 G1,7,m
1198.66666667,B-6 D3 G6 B-5 D6 B-4 G5 D4 D5 G3 B-3 G4 G2 G1,7,m
1198.75,B-6 G6 B-5 D6 B-4 G5 D4 D5 G3 B-3 G4 G2 D3 G1,7,m
1198.79166667,G6 B-4 G5 D4 B-3 G2 B-5 B-6 D6 G4 D5 G3 G1,7,m
1198.875,C7 G6 B-6 B-5 D6 B-4 G5 D4 D5 G3 B-3 G4 G2 D3,7,m
1199.0,B-6 G6 B-5 D6 B-4 G5 D4 D5 G3 B-3 G4 G2 D3 G1,7,m
1199.125,C7 G6 B-6 B-5 D6 B-4 G5 D4 D5 G3 B-3 G4 G2 D3 G1,7,m
1199.25,G6 B-6 B-5 D6 B-4 G5 D4 D5 G3 B-3 G4 G2 G1,7,m
1199.33333333,B-6 G6 B-4 G5 D4 B-3 G2 D3 B-5 D6 G4 D5 G3 G1,7,m
1199.375,B-6 G6 B-4 G5 D4 B-3 G2 D3 B-5 D6 G4 D5 G3,7,m
1199.45833333,G6 B-6 B-5 D6 B-4 G5 D4 D5 G3 B-3 G4 G2,7,m
1199.5,C7 G6 B-6 B-5 D6 B-4 G5 D4 D5 G3 B-3 G4 G2 D3 G1,7,m
1199.625,G6 B-4 G5 D4 B-3 G2 B-5 B-6 D6 G4 D5 G3 G1,7,m
1199.66666667,B-6 D3 G6 B-5 D6 B-4 G5 D4 D5 G3 B-3 G4 G2 G1,7,m
1199.75,B-6 G6 B-5 D6 B-4 G5 D4 D5 G3 B-3 G4 G2 D3 G1,7,m
1199.79166667,G6 B-4 G5 D4 B-3 G2 B-5 B-6 D6 G4 D5 G3 G1,7,m
1199.875,C7 G6 B-6 B-5 D6 B-4 G5 D4 D5 G3 B-3 G4 G2 D3,7,m
1200.0,B-6 G6 B-5 D6 B-4 G5 D4 D5 G3 B-3 G4 G2 D3 G1,7,m
1200.125,C7 G6 B-6 B-5 D6 B-4 G5 D4 D5 G3 B-3 G4 G2 D3 G1,7,m
1200.25,G6 B-6 B-5 D6 B-4 G5 D4 D5 G3 B-3 G4 G2 G1,7,m
1200.33333333,B-6 G6 B-4 G5 D4 B-3 G2 D3 B-5 D6 G4 D5 G3 G1,7,m
1200.375,B-6 G6 B-4 G5 D4 B-3 G2 D3 B-5 D6 G4 D5 G3,7,m
1200.45833333,G6 B-6 B-5 D6 B-4 G5 D4 D5 G3 B-3 G4 G2,7,m
1200.5,C7 G6 B-6 B-5 D6 B-4 G5 D4 D5 G3 B-3 G4 G2 D3 G1,7,m
1200.625,G6 B-4 G5 D4 B-3 G2 B-5 B-6 D6 G4 D5 G3 G1,7,m
1200.66666667,B-6 D3 G6 B-5 D6 B-4 G5 D4 D5 G3 B-3 G4 G2 G1,7,m
1200.75,B-6 G6 B-5 D6 B-4 G5 D4 D5 G3 B-3 G4 G2 D3 G1,7,m
1200.79166667,G6 B-4 G5 D4 B-3 G2 B-5 B-6 D6 G4 D5 G3 G1,7,m
1200.875,C7 G6 B-6 G5 B-5 D6 B-4 D4 D5 G3 B-3 G4 G2 D3,7,m
1201.0,G6 G5 B-5 D6 D4 D5 G3 B-3 G4 G2 D3 B-6 G1,7,m
1201.5,D3,7,m
1202.0,D5 D4,7,m
1202.5,D5 D4,7,m
1203.0,G5 G4,7,m
1205.0,F#6 F#5 A6 D4 A4 A5 F#4 D5 A3 D3 D2,7,m
1205.5,D3,7,m
1206.0,F#4 D4 A4,7,m
1206.5,F#4 D4 A4,7,m
1207.0,A4 F#4 D5,7,m
1209.0,F#6 F#5 A6 D4 A4 A5 F#4 D5 A3 D3 D2,2,M
1209.5,D3,2,M
1210.0,F#4 D4 A4,2,M
1210.5,F#4 D4 A4,2,M
1211.0,A4 F#4 D5,2,M
1213.0,F#6 F#5 A6 D4 A4 A5 F#4 D5 A3 D3 D2,2,M
1213.5,D3,2,M
1214.0,F#4 D4 A4 D3 F#3 A3,2,M
1214.5,F#4 D4 A4 D3 F#3 A3,2,M
1215.0,A4 F#4 D5 F#3 A3 D4,2,M
1216.0,F#4 D4 A4 D3 F#3 A3,2,M
1216.5,F#4 D4 A4 D3 F#3 A3,2,M
1217.0,A4 F#4 D5 F#3 A3 D4,2,M
1218.0,F#4 D4 A4 D3 F#3 A3,2,M
1218.5,F#4 D4 A4 D3 F#3 A3,2,M
1219.0,A4 F#4 D5 F#3 A3 D4,2,M
1220.0,F#4 D4 A4 D3 F#3 A3,2,M
1220.5,F#4 D4 A4 D3 F#3 A3,2,M
1221.0,A4 D5 F#3 D4 C#3 B1 E2 A5 A3 F#4 D3 D2,2,M
1221.5,D3 C#3 B1 E2 A5,2,M
1222.0,A5 D4 A4 A3 F#4 D3 D2,2,M
1222.25,D4 A4 D3 A5 A3 F#4 D2,2,M
1222.5,A5 D3 A4,2,M
1222.75,D3 A5,2,M
1223.0,D6 D4 A4 D3 A5 D5 A3 F#4 D2,2,M
1223.5,D6 D3 A5 D5,2,M
1224.0,D6 D4 A4 E2 A5 D5 A3 F#4 D3 D2,2,M
1224.33333333,D6 D4 A4 D3 E2 A5 D5 A3 F#4 D2,2,M
1224.5,D6 D3 E2 A5 D5,2,M
1224.66666667,E2 D6 D3 A5 D5,2,M
1225.0,D6 A4 F#3 D4 C#3 B1 E2 A5 D5 A3 F#4 D3 D2,2,M
1225.5,D3 C#3 B1 E2 A5,2,M
1226.0,A5 D4 A4 A3 F#4 D3 D2,2,M
1226.25,D4 A4 D3 A5 A3 F#4 D2,2,M
1226.5,A5 D3 A4,2,M
1226.75,D3 A5,2,M
1227.0,F#6 D4 A4 D3 A5 F#5 A3 F#4 D2,2,M
1227.5,D3 A5,2,M
1228.0,G6 A3 F#4 E2 A5 G5 D4 A4 D3 D2,2,M
1228.33333333,G6 A3 F#4 D3 E2 A5 G5 D4 A4 D2,2,M
1228.5,D3 E2 A5,2,M
1228.66666667,E2 D3 A5,2,M
1229.0,E-6 A3 G4 C#3 B1 E2 A5 E-5 C#4 A4 A2 A1,2,M
1229.5,E-6 A2 C#3 B1 E2 A5 E-5,2,M
1230.0,E-6 A3 G4 A5 E-5 C#4 A4 A2 A1,2,M
1230.5,E-6 A2 A5 E-5,2,M
1231.0,E6 A3 G4 A5 E5 C#4 A4 A2 A1,2,M
1231.5,A2 A5,2,M
1232.0,A3 G4 E2 A5 C#4 A4 A2 A1,2,M
1232.33333333,A5 A3 G4 E2 C#4 A4 A2 A1,2,M
1232.5,A2 E2 A5,2,M
1232.66666667,E2 A2 A5,2,M
1233.0,A6 A4 D4 C#3 B1 E2 A5 A3 F#4 D3 D2,2,M
1233.5,A6 D3 C#3 B1 E2 A5,2,M
1234.0,A6 D4 A4 A5 A3 F#4 D3 D2,2,M
1234.25,D4 A4 D3 A5 A3 F#4 D2,2,M
1234.5,F#6 D3 A5 F#5,2,M
1235.0,D6 D4 A4 D3 A5 D5 A3 F#4 D2,2,M
1235.5,D6 D3 A5 D5,2,M
1235.75,D3 A5,2,M
1236.0,D4 A4 E2 A5 A3 F#4 D3 D2,2,M
1236.33333333,D4 A4 D3 E2 A5 A3 F#4 D2,2,M
1236.5,D3 E2 A5,2,M
1236.66666667,E2 D3 A5,2,M
1237.0,A4 F#3 D4 C#3 B1 E2 A5 A3 F#4 D3 D2,2,M
1237.5,D3 C#3 B1 E2 A5,2,M
1238.0,A5 D4 A4 A3 F#4 D3 D2,2,M
1238.25,D4 A4 D3 A5 A3 F#4 D2,2,M
1238.5,A5 D3 A4,2,M
1238.75,D3 A5,2,M
1239.0,D6 D4 A4 D3 A5 D5 A3 F#4 D2,2,M
1239.5,D6 D3 A5 D5,2,M
1240.0,D6 D4 A4 E2 A5 D5 A3 F#4 D3 D2,2,M
1240.33333333,D6 D4 A4 D3 E2 A5 D5 A3 F#4 D2,2,M
1240.5,D6 D3 E2 A5 D5,2,M
1240.66666667,E2 D6 D3 A5 D5,2,M
1241.0,D6 A4 F#3 D4 C#3 B1 E2 A5 D5 A3 F#4 D3 D2,2,M
1241.5,D3 C#3 B1 E2 A5,2,M
1242.0,A5 D4 A4 A3 F#4 D3 D2,2,M
1242.25,D4 A4 D3 A5 A3 F#4 D2,2,M
1242.5,A5 D3 A4,2,M
1242.75,D3 A5,2,M
1243.0,F#6 D4 A4 D3 A5 F#5 A3 F#4 D2,2,M
1243.5,D3 A5,2,M
1244.0,G6 A3 F#4 E2 A5 G5 D4 A4 D3 D2,2,M
1244.33333333,G6 A3 F#4 D3 E2 A5 G5 D4 A4 D2,2,M
1244.5,D3 E2 A5,2,M
1244.66666667,E2 D3 A5,2,M
1245.0,E-6 G#4 B3 D3 C#3 B1 A5 E-5 G#3 E4 E3 E2,2,M
1245.5,E-6 D3 C#3 B1 E2 A5 E-5,2,M
1246.0,E-6 G#3 E4 D3 A5 E-5 B3 G#4 E3 E2,2,M
1246.5,E-6 D3 A5 E-5,2,M
1247.0,E6 E4 A3 D3 A5 E5 C4 A4 E3 E2,2,M
1247.5,D3 A5,?,?
1248.0,F#6 F#4 B-3 D3 A5 F#5 C#4 B-4 E3 E2,?,?
1248.33333333,F#6 F#4 B-3 D3 A5 F#5 C#4 B-4 E3 E2,?,?
1248.5,F#6 D3 E2 A5 F#5,?,?
1248.66666667,E2 F#6 D3 A5 F#5,?,?
1249.0,F#6 G#4 B3 D3 C#3 B1 A5 F#5 D4 B4 E3 E2,?,?
1249.5,E6 D3 C#3 B1 E2 A5 E5,?,?
1250.0,D6 G#3 D4 B4 E4 D3 A5 D5 B3 G#4 E3 E2,?,?
1250.5,D6 D3 A5 D5,?,?
1250.625,D3 A5,?,?
1250.75,B5 D3 A5 B4,?,?
1251.0,E4 E3 C#4 E2 A5 A4 A3 A2,?,?
1251.375,A5 E4 E3 C#4 E2 A4 A3 A2,?,?
1251.5,A2 E2 A5 G4,?,?
1251.875,A2 E2 A5,?,?
1252.0,C#4 G4 E4 A4 A3 E2 A5 F#4 A2 A1,?,?
1252.375,C#4 G4 E4 A4 A3 E2 A5 A2 A1,?,?
1252.5,A2 E2 A5 E4,?,?
1252.875,A2 E2 A5,?,?
1253.0,D4 D5 A4 D3 C#3 B1 E2 A5 A3 F#4 D2,?,?
1253.5,D5 D4 C#3 B1 E2 A5 D3,?,?
1254.0,A6 D4 D5 D3 E2 A5 A4 A3 F#4 D2,?,?
1254.25,D5 A4 D4 D3 E2 A5 A3 F#4 D2,?,?
1254.33333333,D4 D5 A4 D3 E2 A5 A3 F#4 D2,?,?
1254.5,A6 D5 D4 D3 E2 A5 A4 A3,?,?
1254.66666667,A5 A6 D5 D4 D3 E2 A4 A3,?,?
1254.75,D5 D4 D3 E2 A5,?,?
1255.0,D7 D4 A4 D3 E2 A5 D6 D5 A3 F#4 D2,?,?
1255.5,D7 D4 D3 E2 A5 D6 D5,?,?
1255.66666667,D7 D3 E2 A5 D6 D5 D4,?,?
1256.0,D7 D4 A4 D3 E2 A5 D6 D5 A3 F#4 D2,?,?
1256.33333333,D7 D4 A4 D3 E2 A5 D6 D5 A3 F#4 D2,?,?
1256.5,D7 D3 E2 A5 D6 D5 D4,?,?
1256.66666667,E2 D7 D3 A5 D6 D5 D4,?,?
1257.0,D7 D4 F#5 A4 D3 C#3 B1 E2 A5 D6 D5 A3 F#4 D2,?,?
1257.5,F#5 F#4 D3 C#3 B1 E2 A5,?,?
1258.0,A6 D4 F#5 D3 E2 A5 A4 A3 F#4 D2,?,?
1258.25,D4 F#5 A4 D3 E2 A5 A3 F#4 D2,?,?
1258.33333333,D4 F#5 A4 D3 E2 A5 A3 F#4 D2,?,?
1258.5,A6 F#5 F#4 D3 E2 A5 A4 A3,?,?
1258.66666667,A5 A6 F#5 F#4 D3 E2 A4 A3,?,?
1258.75,D3 E2 A5,?,?
1259.0,F#7 D4 D5 A4 D3 E2 A5 F#6 F#5 A3 F#4 D2,?,?
1259.5,D5 D4 D3 E2 A5,?,?
1260.0,G7 D4 D5 A4 D3 E2 A5 G6 G5 A3 F#4 G4 D2,?,?
1260.25,G7 D4 A4 D3 E2 A5 G6 G5 A3 F#4 G4 D2,?,?
1260.33333333,G7 D4 A4 D3 E2 A5 G6 G5 A3 F#4 G4 D2,?,?
1260.5,B4 B3 D3 E2 A5,?,?
1260.66666667,E2 B4 B3 D3 A5,?,?
1260.875,D3 E2 A5,?,?
1261.0,E-7 C#4 A4 A2 C#3 B1 E2 A5 E-6 E-5 A3 G4 E-4 A1,?,?
1261.5,E-7 A4 A3 A2 C#3 B1 E2 A5 E-6 E-5 E-4,?,?
1262.0,E-7 C#4 A4 A2 E2 A5 E-6 E-5 A3 G4 E-4 A1,?,?
1262.33333333,E-7 C#4 A4 A2 E2 A5 E-6 E-5 A3 G4 E-4 A1,?,?
1262.5,E-7 A4 A3 A2 E2 A5 E-6 E-5 E-4,?,?
1262.66666667,A5 E-7 A4 A3 A2 E2 E-6 E-5 E-4,?,?
1262.75,E-7 A2 E2 A5 E-6 E-5 E-4,?,?
1263.0,E7 C#4 C#5 A4 A2 E2 A5 E6 E5 A3 G4 E4 A1,?,?
1263.5,C#5 C#4 A2 E2 A5,?,?
1264.0,A6 C#4 C#5 A2 E2 A5 A4 G4 A3 A1,?,?
1264.25,A6 C#4 A2 E2 A5 A4 G4 A3 A1,?,?
1264.33333333,A6 C#4 A2 E2 A5 A4 G4 A3 A1,?,?
1264.5,E5 E4 A2 E2 A5,?,?
1264.66666667,E2 E5 E4 A2 A5,?,?
1264.875,A2 E2 A5,?,?
1265.0,A7 D4 F#5 A4 D3 C#3 B1 E2 A6 A5 A3 F#4 D2,?,?
1265.5,A7 F#5 F#4 D3 C#3 B1 E2 A6 A5 A4,?,?
1266.0,A7 D4 F#5 A4 D3 E2 A6 A5 A3 F#4 D2,?,?
1266.25,D4 F#5 A4 D3 E2 A5 A3 F#4 D2,?,?
1266.33333333,D4 F#5 A4 D3 E2 A5 A3 F#4 D2,?,?
1266.5,F#7 F#4 D3 E2 A5 F#6 F#5,?,?
1266.66666667,A5 F#7 F#4 D3 E2 F#6 F#5,?,?
1267.0,D7 D4 F#5 A4 D3 E2 A5 D6 D5 A3 F#4 D2,?,?
1267.5,D7 D3 E2 A5 D6 D5 D4,?,?
1267.75,D3 E2 A5,?,?
1268.0,D4 A4 D3 E2 A5 A3 F#4 D2,?,?
1268.33333333,D4 A4 D3 E2 A5 A3 F#4 D2,?,?
1268.5,D3 E2 A5,?,?
1268.66666667,E2 D3 A5,?,?
1269.0,D4 D5 A4 D3 C#3 B1 E2 A5 A3 F#4 D2,?,?
1269.5,D5 D4 D3 C#3 B1 E2 A5,?,?
1270.0,A6 D4 D5 D3 E2 A5 A4 A3 F#4 D2,?,?
1270.25,D5 A4 D4 D3 E2 A5 A3 F#4 D2,?,?
1270.33333333,D4 D5 A4 D3 E2 A5 A3 F#4 D2,?,?
1270.5,A6 D5 D4 D3 E2 A5 A4 A3,?,?
1270.66666667,A5 A6 D5 D4 D3 E2 A4 A3,?,?
1270.75,D5 D4 D3 E2 A5,?,?
1271.0,D7 D4 A4 D3 E2 A5 D6 D5 A3 F#4 D2,?,?
1271.5,D7 D4 D3 E2 A5 D6 D5,?,?
1271.66666667,D7 D3 E2 A5 D6 D5 D4,?,?
1272.0,D7 D4 A4 D3 E2 A5 D6 D5 A3 F#4 D2,?,?
1272.33333333,D7 D4 A4 D3 E2 A5 D6 D5 A3 F#4 D2,?,?
1272.5,D7 D3 E2 A5 D6 D5 D4,?,?
1272.66666667,E2 D7 D3 A5 D6 D5 D4,?,?
1273.0,D7 D4 F#5 A4 D3 C#3 B1 E2 A5 D6 D5 A3 F#4 D2,?,?
1273.5,F#5 F#4 D3 C#3 B1 E2 A5,9,M
1274.0,A6 D4 F#5 D3 E2 A5 A4 A3 F#4 D2,9,M
1274.25,D4 F#5 A4 D3 E2 A5 A3 F#4 D2,9,M
1274.33333333,D4 F#5 A4 D3 E2 A5 A3 F#4 D2,9,M
1274.5,A6 F#5 F#4 D3 E2 A5 A4 A3,9,M
1274.66666667,A5 A6 F#5 F#4 D3 E2 A4 A3,9,M
1274.75,D3 E2 A5,9,M
1275.0,F#7 D4 D5 A4 D3 E2 A5 F#6 F#5 A3 F#4 D2,9,M
1275.5,D5 D4 D3 E2 A5,9,M
1276.0,G7 A3 F#4 D5 D3 E2 A5 G6 G5 D4 A4 G4 D2,9,M
1276.25,G7 A3 F#4 D3 E2 A5 G6 G5 D4 A4 G4 D2,9,M
1276.33333333,G7 A3 F#4 D3 E2 A5 G6 G5 D4 A4 G4 D2,9,M
1276.5,D5 D4 D3 E2 A5,9,M
1276.66666667,E2 D5 D4 D3 A5,9,M
1276.875,D3 E2 A5,9,M
1277.0,E-7 G#3 D2 B4 D4 E3 D3 C#3 B1 A5 E-6 E-5 B3 G#4 E-4 E2,9,M
1277.125,E-7 G#3 D2 B4 D4 E3 D3 C#3 B1 A5 E-6 E-5 B3 G#4 E-4 E2,9,M
1277.25,E-7 G#3 D2 B4 D4 E3 D3 C#3 B1 E-6 E-5 B3 G#4 E-4 E2,9,M
1277.33333333,E-7 G#3 D2 B4 D4 E3 D3 C#3 B1 A5 E-6 E-5 B3 G#4 E-4 E2,9,M
1277.45833333,E-7 G#3 D2 B4 D4 E3 D3 C#3 B1 E2 E-6 E-5 B3 G#4 E-4,9,M
1277.5,E-7 B4 B3 D3 C#3 B1 E2 A5 E-6 E-5 E-4,9,M
1277.625,E-7 B4 B3 D3 C#3 B1 E2 E-6 E-5 E-4,9,M
1277.66666667,A5 E-7 B4 B3 D3 C#3 B1 E2 E-6 E-5 E-4,9,M
1277.79166667,E-7 B4 B3 D3 C#3 B1 E2 E-6 E-5 E-4,9,M
1277.875,E-7 B4 B3 D3 C#3 B1 E2 A5 E-6 E-5 E-4,9,M
1278.0,E-7 G#3 D2 D4 B4 E3 D3 A5 E-6 E-5 B3 G#4 E-4 E2,9,M
1278.125,E-7 G#3 D2 D4 B4 E3 D3 A5 E-6 E-5 B3 G#4 E-4 E2,9,M
1278.25,E-7 G#3 D2 D4 B4 E3 D3 E-6 E-5 B3 G#4 E-4 E2,9,M
1278.33333333,E-7 G#3 D2 D4 B4 E3 D3 A5 E-6 E-5 B3 G#4 E-4 E2,9,M
1278.45833333,E-7 G#3 D2 D4 B4 E3 D3 E2 E-6 E-5 B3 G#4 E-4,9,M
1278.5,E-7 B4 B3 D3 E2 A5 E-6 E-5 E-4,9,M
1278.625,E-7 B4 B3 D3 E2 E-6 E-5 E-4,9,M
1278.66666667,A5 E-7 B4 B3 D3 E2 E-6 E-5 E-4,9,M
1278.79166667,E-7 B4 B3 D3 E2 E-6 E-5 E-4,9,M
1278.875,E-7 B4 B3 D3 E2 A5 E-6 E-5 E-4,9,M
1279.0,E7 G#3 D2 D4 B4 E3 D3 A5 E6 E5 B3 G#4 E4 E2,9,M
1279.125,E7 G#3 D2 D4 B4 E3 D3 A5 E6 E5 B3 G#4 E4 E2,9,M
1279.25,E7 G#3 D2 D4 B4 E3 D3 E6 E5 B3 G#4 E4 E2,9,M
1279.33333333,E7 G#3 D2 D4 B4 E3 D3 A5 E6 E5 B3 G#4 E4 E2,9,M
1279.45833333,E7 G#3 D2 D4 B4 E3 D3 E2 E6 E5 B3 G#4 E4,9,M
1279.5,B4 B3 D3 E2 A5,9,M
1279.625,B4 B3 D3 E2,9,M
1279.66666667,A5 D3 E2,9,M
1279.79166667,D3 E2,9,M
1279.875,D3 E2 A5,9,M
1280.0,F#7 G#3 D2 D4 C#5 C#4 E3 D3 A5 F#6 F#5 B3 G#4 F#4 E2,9,M
1280.125,F#7 G#3 D2 D4 C#5 C#4 E3 D3 A5 F#6 F#5 B3 G#4 F#4 E2,9,M
1280.25,F#7 G#3 D2 D4 C#5 C#4 E3 D3 E2 F#6 F#5 B3 G#4 F#4,9,M
1280.33333333,F#7 G#3 D2 D4 C#5 C#4 E3 D3 E2 A5 F#6 F#5 B3 G#4 F#4,9,M
1280.45833333,F#7 G#3 D2 D4 C#5 C#4 E3 D3 E2 F#6 F#5 B3 G#4 F#4,9,M
1280.5,F#7 D5 D4 D3 E2 A5 F#6 F#5 F#4,9,M
1280.625,F#7 D5 D4 D3 E2 F#6 F#5 F#4,9,M
1280.66666667,E2 A5 F#7 D5 D4 D3 F#6 F#5 F#4,9,M
1280.79166667,F#7 D5 D4 D3 E2 F#6 F#5 F#4,9,M
1280.875,F#7 D3 E2 A5 F#6 F#5 F#4,9,M
1281.0,F#7 G#3 D5 D4 E3 D3 C#3 B1 A5 F#6 F#5 B3 G#4 F#4 E2,9,M
1281.125,F#7 G#3 D5 D4 E3 D3 C#3 B1 A5 F#6 F#5 B3 G#4 F#4 E2,9,M
1281.25,F#7 G#3 D5 D4 E3 D3 C#3 B1 F#6 F#5 B3 G#4 F#4 E2,9,M
1281.33333333,F#7 G#3 D5 D4 E3 D3 C#3 B1 A5 F#6 F#5 B3 G#4 F#4 E2,9,M
1281.45833333,F#7 G#3 D4 D5 E3 D3 C#3 B1 F#6 F#5 B3 G#4 F#4 E2,9,M
1281.5,E7 D5 D4 D3 C#3 B1 E2 A5 E6 E5 E4,9,M
1281.625,E7 D5 D4 D3 C#3 B1 E2 E6 E5 E4,9,M
1281.66666667,A5 E7 D5 D4 D3 C#3 B1 E2 E6 E5 E4,9,M
1281.79166667,E7 D5 D4 D3 C#3 B1 E2 E6 E5 E4,9,M
1281.875,E7 D5 D4 D3 C#3 B1 E2 A5 E6 E5 E4,9,M
1282.0,D7 G#3 E5 E3 D3 A5 D6 D5 B3 G#4 D4 E2,9,M
1282.125,D7 G#3 E5 E3 D3 A5 D6 D5 B3 G#4 D4 E2,9,M
1282.25,D7 G#3 E5 E3 D3 D6 D5 B3 G#4 D4 E2,9,M
1282.33333333,D7 G#3 E5 E3 D3 A5 D6 D5 B3 G#4 D4 E2,9,M
1282.45833333,D7 G#3 D4 E5 E3 D3 D6 D5 B3 G#4 E2,9,M
1282.5,D7 D4 D3 E2 A5 D6 D5,9,M
1282.625,D5 D4 D3 E2,9,M
1282.66666667,A5 D5 D4 D3 E2,9,M
1282.75,B6 D5 D4 D3 E2 A5 B5 B4 B3,9,M
1282.79166667,B6 D5 D4 D3 E2 B5 B4 B3,9,M
1282.875,B6 D5 D4 D3 E2 A5 B5 B4 B3,9,M
1283.0,A6 C#5 A2 C#3 B1 E2 A5 A4 C#4 E4 A3 A1,9,M
1283.5,A2 C#3 B1 E2 A5,9,M
1284.0,A4 A3,9,M
1284.5,F#5 F#4,9,M
1285.0,G#4 D5 B3 B4 G#3 D4 F#5 F#4 E2,9,M
1285.5,G#4 D5 B3 B4 G#3 D4 F#5 F#4,9,M
1285.75,G#4 D5 B3 B4 G#3 D4 F#5 F#4,9,M
1286.0,G#4 D5 B3 B4 G#3 D4 F#5 F#4,9,M
1286.25,G#4 D5 B3 B4 G#3 D4,9,M
1286.5,G#4 D5 G#3 B3 B4 D4 E5 E4,9,M
1286.75,G#4 D5 G#3 B3 E5 E4,9,M
1287.0,G#4 D5 G#3 B3 E3 D3 B4 D4,9,M
1287.125,G#4 E3 G#3 B3 D3 D5 B4 D4,9,M
1287.25,G#4 E3 G#3 B3 D5 D4,9,M
1287.33333333,G#4 E3 G#3 B3 D3 D5 D4,9,M
1287.45833333,G#4 E3 G#3 B3 D5 D4,9,M
1287.5,G#4 E3 G#3 B3 D3 D5 D4,9,M
1287.625,E3 G#3 B3 D5 G#4 D4,9,M
1287.66666667,D3 G#4 E3 G#3 B3 D5 D4,9,M
1287.75,G#4 E3 G#3 B3 D3 D5 D4,9,M
1287.79166667,G#4 E3 G#3 B3 D5 D4,9,M
1287.875,G#4 E3 G#3 B3 D3 D5 D4,9,M
1288.0,G#4 E3 G#3 B3 D3 D5 D4,9,M
1288.125,G#4 D5 E3 G#3 B3 D3 D4,9,M
1288.25,G#4 D5 E3 G#3 B3,9,M
1288.33333333,G#4 D5 E3 G#3 B3 D3,9,M
1288.45833333,G#4 D5 E3 G#3 B3,9,M
1288.5,G#4 D5 E3 G#3 B3 D3 B4 E4,9,M
1288.625,G#4 D5 E3 B4 E4 G#3 B3,9,M
1288.66666667,D3 G#4 D5 G#3 E3 B4 E4 B3,9,M
1288.75,G#4 D5 G#3 D3 B4 B3,9,M
1288.79166667,G#4 D5 G#3 B4 B3,9,M
1288.875,G#4 D5 G#3 D3 B4 B3,9,M
1289.0,C#5 C#4 E4 A4 A3 A2,9,M
1289.5,C#5 C#4 E4 A4 A3,9,M
1289.75,C#5 C#4 E4 A4 A3,9,M
1290.0,C#5 C#4 E4 A4 A3,9,M
1290.25,C#5 C#4 E4 A4 A3,9,M
1290.5,C#5 C#4 A4 A3 E4,9,M
1290.75,A4 A3,9,M
1291.0,E3 A3 C#4 A2 A4 C#5,9,M
1291.125,E3 C#4 A2 A4 C#5 A3,9,M
1291.25,E3 C#4 A4 A3,9,M
1291.33333333,E3 C#4 A2 A4 A3,9,M
1291.45833333,E3 C#4 A4 A3,9,M
1291.5,E3 C#4 A2 A4 E4 A3,9,M
1291.625,E3 C#4 A4 E4 A3,9,M
1291.66666667,A2 E3 C#4 A4 E4 A3,9,M
1291.75,E3 C#4 A2 A4 A3,9,M
1291.79166667,E3 A3 C#4 A4,9,M
1291.875,E3 A3 C#4 A2,9,M
1292.0,E3 A3 C#4 A2 A4 E4,9,M
1292.125,E3 C#4 A2 A4 E4 A3,9,M
1292.25,E3 C#4 A4 A3,9,M
1292.33333333,E3 C#4 A2 A4 A3,9,M
1292.45833333,E3 A3 C#4 A4,9,M
1292.5,E3 A3 C#4 A2 G5 G4,9,M
1292.625,E3 G5 C#4 A3 G4,9,M
1292.66666667,A2 E3 G5 C#4 A3 G4,9,M
1292.75,A2 G5 G4,9,M
1292.79166667,G5 G4,9,M
1292.875,A2 G5 G4,9,M
1293.0,C#5 E5 B-3 C#4 B-4 E4 G5 G4 F#2,9,M
1293.5,C#5 E5 B-3 C#4 B-4 E4 G5 G4,11,m
1293.75,C#5 E5 B-3 C#4 B-4 E4 G5 G4,11,m
1294.0,C#5 E5 B-3 C#4 B-4 E4 G5 G4,11,m
1294.25,C#5 E5 B-3 C#4 B-4 E4 G5 G4,11,m
1294.5,B-4 C#5 E5 B-3 C#4 E4 G5 G4,11,m
1294.75,B-4 C#5 E5 B-3 C#4 G5 G4,11,m
1295.0,B-4 C#5 E5 B-3 C#4 F#3 A2 G5 G4,11,m
1295.125,B-4 C#5 E5 F#3 B-3 C#4 A2 G5 G4,11,m
1295.25,B-4 C#5 E5 F#3 B-3 C#4 G5 G4,11,m
1295.33333333,B-4 C#5 E5 F#3 B-3 C#4 A2 G5 G4,11,m
1295.45833333,B-4 C#5 E5 F#3 B-3 C#4 G5 G4,11,m
1295.5,B-4 C#5 E5 F#3 B-3 C#4 A2 F#5 E4 F#4,11,m
1295.625,C#5 E5 F#3 B-3 C#4 F#5 B-4 E4 F#4,11,m
1295.66666667,A2 B-4 C#5 E5 F#3 B-3 C#4 F#5 E4 F#4,11,m
1295.75,B-4 C#5 E5 F#3 B-3 C#4 A2 F#5 F#4,11,m
1295.79166667,B-4 C#5 E5 F#3 B-3 C#4 F#5 F#4,11,m
1295.875,B-4 C#5 E5 F#3 B-3 C#4 A2 F#5 F#4,11,m
1296.0,B-4 C#5 F#3 B-3 C#4 A2 E5 E4,11,m
1296.125,B-4 C#5 F#3 B-3 C#4 A2 E5 E4,11,m
1296.25,B-4 C#5 F#3 B-3 C#4 E5 E4,11,m
1296.33333333,B-4 C#5 F#3 B-3 C#4 A2 E5 E4,11,m
1296.45833333,B-4 C#5 F#3 B-3 C#4 E5 E4,11,m
1296.5,B-4 E5 F#3 B-3 C#4 A2 C#5 F#4,11,m
1296.625,B-4 E5 F#3 C#5 F#4 B-3 C#4,11,m
1296.66666667,A2 B-4 E5 B-3 F#3 C#5 F#4 C#4,11,m
1296.75,B-4 E5 B-3 A2 C#5 C#4,11,m
1296.79166667,B-4 E5 B-3 C#5 C#4,11,m
1296.875,B-4 E5 B-3 A2 C#5 C#4,11,m
1297.0,D5 D4 F#4 B4 B3 B2,11,m
1297.5,D5 D4 F#4 B4 B3,11,m
1297.75,D5 D4 F#4 B4 B3,11,m
1298.0,D5 D4 F#4 B4 B3,11,m
1298.25,D5 D4 F#4 B4 B3,11,m
1298.5,D5 B3 B4 D4 F#4,11,m
1298.75,B4 B3,11,m
1299.0,F#3 B3 D4 D3 B4 D5,11,m
1299.125,F#3 D4 D3 B4 D5 B3,11,m
1299.25,F#3 D4 B4 B3,11,m
1299.33333333,F#3 D4 D3 B4 B3,11,m
1299.45833333,F#3 D4 B4 B3,11,m
1299.5,F#3 D4 D3 B4 F#4 B3,11,m
1299.625,F#3 D4 B4 F#4 B3,11,m
1299.66666667,D3 F#3 D4 B4 F#4 B3,11,m
1299.75,F#3 D4 D3 B4 B3,11,m
1299.79166667,F#3 B3 D4 B4,11,m
1299.875,F#3 B3 D4 D3,11,m
1300.0,F#3 B3 D4 D3 B4 F#4,11,m
1300.125,F#3 D4 D3 B4 F#4 B3,11,m
1300.25,F#3 D4 B4 B3,11,m
1300.33333333,F#3 D4 D3 B4 B3,11,m
1300.45833333,F#3 B3 D4 B4,11,m
1300.5,F#3 B3 D4 D3 B5 B4,11,m
1300.625,F#3 B5 D4 B3 B4,11,m
1300.66666667,D3 F#3 B5 D4 B3 B4,11,m
1300.75,D3 B5 B4,11,m
1300.79166667,B5 B4,11,m
1300.875,D3 B5 B4,11,m
1301.0,E5 C#4 G4 E4 B5 B4 C#3,11,m
1301.5,E5 C#4 G4 E4 B5 B4,11,m
1301.75,E5 C#4 G4 E4 B5 B4,11,m
1302.0,E5 C#4 G4 E4 B5 B4,11,m
1302.25,E5 C#4 G4 E4 B5 B4,11,m
1302.5,E5 E4 C#4 G4 C#6 C#5,11,m
1302.75,E5 E4 C#4 B5 B4,11,m
1303.0,G4 C#4 A3 E4 A5 E5 C#5 A4 A2,11,m
1303.125,C#5 G4 A3 C#4 E4 A5 E5 A4 A2,11,m
1303.25,C#5 G4 A3 C#4 E4 A5 A4 A2,11,m
1303.33333333,C#5 G4 A3 C#4 E4 A5 A4 A2,11,m
1303.45833333,C#5 G4 A3 C#4 E4 A5 A4 A2,11,m
1303.5,C#5 G4 A3 C#4 E4 A2 A5 A4,11,m
1303.625,A3 C#4 E4 A5 C#5 G4 A4,11,m
1303.66666667,A2 C#5 G4 A3 C#4 E4 A5 A4,11,m
1303.75,C#5 G4 A3 C#4 E4 A2 A5 A4,11,m
1303.79166667,C#5 G4 A3 C#4 E4 A5 A4,11,m
1303.875,C#5 G4 A3 C#4 E4 A2 A5 A4,11,m
1304.0,C#5 G4 A3 C#4 E4 A2 G5,11,m
1304.125,C#5 A3 C#4 E4 A2 G5 G4,2,M
1304.25,C#5 A3 C#4 E4 G5 G4,2,M
1304.33333333,C#5 A3 C#4 E4 A2 G5 G4,2,M
1304.45833333,C#5 A3 C#4 E4 G5 G4,2,M
1304.5,C#5 A3 C#4 E4 A2 G5 G4,2,M
1304.625,C#5 A3 G5 E4 C#4 G4,2,M
1304.66666667,A2 C#5 C#4 A3 G5 E4 G4,2,M
1304.75,C#5 C#4 A2 G5 G4,2,M
1304.79166667,C#5 C#4 G5 G4,2,M
1304.875,C#5 C#4 A2 G5 G4,2,M
1305.0,D5 D4 G5 G4 B2,2,M
1305.5,D5 D4 G5 B3 G4,2,M
1305.75,D5 D4 G5 G4,2,M
1306.0,D5 D4 F#5 F#4,2,M
1306.25,D5 D4 F#5 F#4,2,M
1306.5,D5 D4 F#5 B4 F#4,2,M
1306.75,D4 F#5 F#4,2,M
1307.0,G#4 B-3 D4 D3 E5 E4 B-2,2,M
1307.125,G#4 B-3 D4 D3 E5 E4 B-2,2,M
1307.25,G#4 B-3 D4 E5 E4 B-2,2,M
1307.33333333,G#4 B-3 D4 D3 E5 E4 B-2,2,M
1307.45833333,G#4 B-3 D4 E5 E4 B-2,2,M
1307.5,G#4 B-3 D4 D3 E5 E4,2,M
1307.625,G#4 B-3 E5 D4 E4,2,M
1307.66666667,D3 G#4 B-3 D4 E5 E4,2,M
1307.75,G#4 B-3 D4 D3 E5 E4,2,M
1307.79166667,G#4 B-3 D4 E5 E4,2,M
1307.875,G#4 B-3 D4 D3 E5 E4,2,M
1308.0,G#4 B-3 D4 D3 D5 F4,2,M
1308.125,G#4 F4 B-3 D3 D5 D4,2,M
1308.25,G#4 F4 B-3 D5 D4,2,M
1308.33333333,G#4 F4 B-3 D3 D5 D4,2,M
1308.45833333,G#4 F4 B-3 D5 D4,2,M
1308.5,G#4 F4 B-3 D3 D5 D4,2,M
1308.625,G#4 F4 B-3 D5 D4,2,M
1308.66666667,D3 G#4 F4 B-3 D5 D4,2,M
1308.75,G#4 F4 D3 D5 D4,2,M
1308.79166667,G#4 F4 D5 D4,2,M
1308.875,G#4 D3 D5 D4,2,M
1309.0,D4 F#4 A5 A4 A2,2,M
1309.5,D4 F#4 A5 A4,2,M
1309.75,D4 F#4 A5 A4,2,M
1310.0,D4 F#4 A4 A3,2,M
1310.25,D4 F#4 A4 A3,2,M
1310.5,A4 D4 F#4 D5 A3,2,M
1310.75,A4 A3,2,M
1311.0,A3 C#4 A2 F#5 C#5 G4 F#4 A1,2,M
1311.125,C#5 A3 C#4 G4 A2 F#5 F#4 A1,2,M
1311.25,C#5 A3 C#4 G4 F#5 F#4 A1,2,M
1311.33333333,C#5 A3 C#4 G4 A2 F#5 F#4 A1,2,M
1311.45833333,C#5 A3 C#4 G4 F#5 F#4 A1,2,M
1311.5,C#5 A3 C#4 G4 A2 F#5 A4 F#4,2,M
1311.625,C#5 C#4 G4 F#5 A4 A3 F#4,2,M
1311.66666667,A2 C#5 A3 C#4 G4 F#5 A4 F#4,2,M
1311.75,C#5 A3 C#4 G4 A2 F#5 F#4,2,M
1311.79166667,C#5 A3 C#4 G4 F#5 F#4,2,M
1311.875,C#5 A3 C#4 G4 A2 F#5 F#4,2,M
1312.0,C#5 A3 C#4 G4 A2 F#5 F#4,2,M
1312.125,F#5 C#5 A3 C#4 G4 A2 F#4,2,M
1312.25,F#5 C#5 A3 C#4 G4,2,M
1312.33333333,F#5 C#5 A3 C#4 G4 A2,2,M
1312.45833333,F#5 C#5 A3 C#4 G4,2,M
1312.5,C#5 A3 C#4 G4 A2 E5 E4,2,M
1312.625,C#5 A3 G4 E5 C#4 E4,2,M
1312.66666667,A2 C#5 A3 G4 E5 C#4 E4,2,M
1312.75,A2 E5 E4,2,M
1312.79166667,E5 E4,2,M
1312.875,A2 E5 E4,2,M
1313.0,A4 F#4 D5 D4 D2,2,M
1313.5,A4 F#4 D5 G#4 G#3 D4,2,M
1313.75,A4 F#4 D5 D4,2,M
1314.0,A4 F#4 D5 B4 B3 D4,2,M
1314.25,D5 A4 F#4 D4,9,M
1314.375,A4 F#4 D5 D4,9,M
1314.5,A4 D4 F#4 D5 A3,9,M
1314.625,D4 F#4 A4 A3,9,M
1315.0,A3 D4 F#4 D3 G4 G3,9,M
1315.125,A3 D4 F#4 D3 G4 G3,9,M
1315.25,A3 D4 F#4,9,M
1315.33333333,A3 D4 F#4 D3,9,M
1315.45833333,A3 D4 F#4,9,M
1315.5,A3 D4 F#4 D3 F#3,9,M
1315.625,A3 D4 F#4 F#3,9,M
1315.66666667,D3 A3 D4 F#4 F#3,9,M
1315.75,A3 D4 F#4 D3,9,M
1315.79166667,A3 D4 F#4,9,M
1315.875,A3 D4 F#4 D3,9,M
1316.0,A5 A3 D4 F#4 D3 A4 E4 E3,9,M
1316.125,A5 D4 F#4 D3 A4 E4 E3 A3,9,M
1316.25,A5 D4 F#4 A4 A3,9,M
1316.33333333,A5 D4 F#4 D3 A4 A3,9,M
1316.45833333,A5 A3 D4 F#4 A4,9,M
1316.5,F#6 A3 D4 F#4 D3 F#5,9,M
1316.625,F#6 A3 F#5 D4 D3 F#4,9,M
1316.66666667,D3 F#6 A3 F#4 F#5 D4,9,M
1316.75,F#6 D3 F#5 F#4,9,M
1316.79166667,F#6 F#5 F#4,9,M
1316.875,F#6 D3 F#5 F#4,9,M
1317.0,F#6 B3 E2 G#3 D4 G#4 B4 F#5 F#4,9,M
1317.5,F#6 B3 G#3 D4 G#4 B4 F#5 F#4 E2,9,M
1317.75,F#6 B3 G#3 D4 G#4 B4 F#5 F#4 E2,9,M
1318.0,F#6 B3 G#3 D4 G#4 B4 F#5 F#4 E2,9,M
1318.25,B3 G#3 D4 G#4 B4 E2,9,M
1318.5,E6 G#4 G#3 B3 D4 B4 E5 E4 E2,9,M
1318.75,E6 G#4 G#3 B3 E5 E4,9,M
1319.0,D6 G#4 G#3 B3 E3 D3 D5 B4 D4,9,M
1319.125,D6 G#4 E3 G#3 B3 D3 D5 B4 D4,9,M
1319.25,D6 G#4 E3 G#3 B3 D5 D4,9,M
1319.33333333,D6 G#4 E3 G#3 B3 D3 D5 D4,9,M
1319.45833333,D6 G#4 E3 G#3 B3 D5 D4,9,M
1319.5,D6 G#4 E3 G#3 B3 D3 D5 D4,9,M
1319.625,D6 E3 G#3 B3 D5 G#4 D4,9,M
1319.66666667,D3 D6 G#4 E3 G#3 B3 D5 D4,9,M
1319.75,D6 G#4 E3 G#3 B3 D3 D5 D4,9,M
1319.79166667,D6 G#4 E3 G#3 B3 D5 D4,9,M
1319.875,D6 G#4 E3 G#3 B3 D3 D5 D4,9,M
1320.0,D6 G#4 E3 G#3 B3 D3 D5 D4,9,M
1320.125,D6 G#4 E3 G#3 B3 D3 D5 D4,9,M
1320.25,G#4 E3 G#3 B3,9,M
1320.33333333,G#4 E3 G#3 B3 D3,9,M
1320.45833333,G#4 E3 G#3 B3,9,M
1320.5,B5 G#4 E3 G#3 B3 D3 B4 E4,9,M
1320.625,B5 G#4 E3 B4 E4 G#3 B3,9,M
1320.66666667,D3 B5 G#4 G#3 E3 B4 E4 B3,9,M
1320.75,B5 G#4 G#3 D3 B4 B3,9,M
1320.79166667,B5 G#4 G#3 B4 B3,9,M
1320.875,B5 G#4 G#3 D3 B4 B3,9,M
1321.0,A5 A2 C#4 E4 A4 A3,9,M
1321.5,A5 C#4 E4 A4 A3 A2,9,M
1321.75,A5 C#4 E4 A4 A3 A2,9,M
1322.0,A5 C#4 E4 A4 A3 A2,9,M
1322.25,A5 C#4 E4 A4 A3 A2,9,M
1322.5,A5 C#4 A3 E4 A4 A2,9,M
1322.75,A5 A4 A3,9,M
1323.0,A5 E3 A3 C#4 A2 A4 C#5,9,M
1323.125,A5 E3 C#4 A2 A4 C#5 A3,9,M
1323.25,A5 E3 C#4 A4 A3,9,M
1323.33333333,A5 E3 C#4 A2 A4 A3,9,M
1323.45833333,A5 E3 C#4 A4 A3,9,M
1323.5,A5 E3 C#4 A2 A4 E4 A3,9,M
1323.625,A5 E3 C#4 A4 E4 A3,9,M
1323.66666667,A2 A5 E3 C#4 A4 E4 A3,9,M
1323.75,A5 E3 C#4 A2 A4 A3,9,M
1323.79166667,A5 E3 A3 C#4 A4,9,M
1323.875,E3 A3 C#4 A2,9,M
1324.0,A5 E3 A3 C#4 A2 A4 E4,9,M
1324.125,A5 E3 C#4 A2 A4 E4 A3,11,m
1324.25,A5 E3 C#4 A4 A3,11,m
1324.33333333,A5 E3 C#4 A2 A4 A3,11,m
1324.45833333,A5 E3 A3 C#4 A4,11,m
1324.5,G6 E3 A3 C#4 A2 G5 G4,11,m
1324.625,G6 E3 G5 C#4 A3 G4,11,m
1324.66666667,A2 G6 E3 G5 C#4 A3 G4,11,m
1324.75,G6 A2 G5 G4,11,m
1324.79166667,G6 G5 G4,11,m
1324.875,G6 A2 G5 G4,11,m
1325.0,G6 B-3 F#2 C#4 E4 B-4 C#5 G5 G4,11,m
1325.5,G6 B-3 C#4 E4 B-4 C#5 G5 G4 F#2,11,m
1325.75,G6 B-3 C#4 E4 B-4 C#5 G5 G4 F#2,11,m
1326.0,G6 B-3 C#4 E4 B-4 C#5 G5 G4 F#2,11,m
1326.25,G6 B-3 C#4 E4 B-4 C#5 G5 G4 F#2,11,m
1326.5,G6 B-4 B-3 C#4 E4 C#5 G5 G4 F#2,11,m
1326.75,G6 B-4 B-3 C#4 G5 G4,11,m
1327.0,G6 B-4 B-3 C#4 F#3 A2 G5 C#5 G4,11,m
1327.125,G6 B-4 F#3 B-3 C#4 A2 G5 C#5 G4,11,m
1327.25,G6 B-4 F#3 B-3 C#4 G5 G4,11,m
1327.33333333,G6 B-4 F#3 B-3 C#4 A2 G5 G4,11,m
1327.45833333,G6 B-4 F#3 B-3 C#4 G5 G4,11,m
1327.5,F#6 B-4 F#3 B-3 C#4 A2 F#5 E4 F#4,11,m
1327.625,F#6 F#3 B-3 C#4 F#5 B-4 E4 F#4,11,m
1327.66666667,A2 F#6 B-4 F#3 B-3 C#4 F#5 E4 F#4,11,m
1327.75,F#6 B-4 F#3 B-3 C#4 A2 F#5 F#4,11,m
1327.79166667,F#6 B-4 F#3 B-3 C#4 F#5 F#4,11,m
1327.875,F#6 B-4 F#3 B-3 C#4 A2 F#5 F#4,11,m
1328.0,E6 B-4 F#3 B-3 C#4 A2 E5 E4,11,m
1328.125,E6 B-4 F#3 B-3 C#4 A2 E5 E4,11,m
1328.25,E6 B-4 F#3 B-3 C#4 E5 E4,11,m
1328.33333333,E6 B-4 F#3 B-3 C#4 A2 E5 E4,11,m
1328.45833333,E6 B-4 F#3 B-3 C#4 E5 E4,11,m
1328.5,C#6 B-4 F#3 B-3 C#4 A2 C#5 F#4,11,m
1328.625,C#6 B-4 F#3 C#5 F#4 B-3 C#4,11,m
1328.66666667,A2 C#6 B-4 B-3 F#3 C#5 F#4 C#4,11,m
1328.75,C#6 B-4 B-3 A2 C#5 C#4,11,m
1328.79166667,C#6 B-4 B-3 C#5 C#4,11,m
1328.875,C#6 B-4 B-3 A2 C#5 C#4,11,m
1329.0,B5 B2 D4 F#4 B4 B3,11,m
1329.5,B5 D4 F#4 B4 B3 B2,11,m
1329.75,B5 D4 F#4 B4 B3 B2,11,m
1330.0,B5 D4 F#4 B4 B3 B2,11,m
1330.25,B5 D4 F#4 B4 B3 B2,11,m
1330.5,B5 B3 D4 F#4 B4 B2,11,m
1330.75,B5 B4 B3,11,m
1331.0,B5 F#3 B3 D4 D3 B4 D5,11,m
1331.125,B5 F#3 D4 D3 B4 D5 B3,11,m
1331.25,B5 F#3 D4 B4 B3,11,m
1331.33333333,B5 F#3 D4 D3 B4 B3,11,m
1331.45833333,B5 F#3 D4 B4 B3,11,m
1331.5,B5 F#3 D4 D3 B4 F#4 B3,11,m
1331.625,B5 F#3 D4 B4 F#4 B3,11,m
1331.66666667,D3 B5 F#3 D4 B4 F#4 B3,11,m
1331.75,B5 F#3 D4 D3 B4 B3,11,m
1331.79166667,B5 F#3 B3 D4 B4,11,m
1331.875,F#3 B3 D4 D3,11,m
1332.0,B5 F#3 B3 D4 D3 B4 F#4,11,m
1332.125,B5 F#3 D4 D3 B4 F#4 B3,11,m
1332.25,B5 F#3 D4 B4 B3,11,m
1332.33333333,B5 F#3 D4 D3 B4 B3,11,m
1332.45833333,B5 F#3 B3 D4 B4,11,m
1332.5,B6 F#3 B3 D4 D3 B5 B4,11,m
1332.625,B6 F#3 B5 D4 B3 B4,11,m
1332.66666667,D3 B6 F#3 B5 D4 B3 B4,11,m
1332.75,B6 D3 B5 B4,11,m
1332.79166667,B6 B5 B4,11,m
1332.875,B6 D3 B5 B4,11,m
1333.0,B6 E5 C#4 E4 G4 B5 B4 C#3,11,m
1333.5,B6 E5 C#4 E4 G4 B5 B4,11,m
1333.75,B6 E5 C#4 E4 G4 B5 B4,11,m
1334.0,B6 E5 C#4 E4 G4 B5 B4,11,m
1334.25,B6 E5 C#4 E4 G4 B5 B4,11,m
1334.5,B6 E5 C#4 E4 G4 C#6 C#5,11,m
1334.75,B6 E5 C#4 E4 B5 B4,11,m
1335.0,A6 A3 C#4 E4 A5 E5 C#5 A4 A2,11,m
1335.125,A6 C#5 A3 C#4 E4 A5 E5 A4 A2,11,m
1335.25,A6 C#5 A3 C#4 E4 A5 A4 A2,11,m
1335.33333333,A6 C#5 A3 C#4 E4 A5 A4 A2,11,m
1335.45833333,A6 C#5 A3 C#4 E4 A5 A4 A2,11,m
1335.5,A6 C#5 A3 C#4 E4 A2 A5 G4 A4,11,m
1335.625,A6 A3 C#4 E4 A5 C#5 G4 A4,11,m
1335.66666667,A2 A6 C#5 A3 C#4 E4 A5 G4 A4,11,m
1335.75,A6 C#5 A3 C#4 E4 A2 A5 A4,11,m
1335.79166667,A6 C#5 A3 C#4 E4 A5 A4,11,m
1335.875,A6 C#5 A3 C#4 E4 A2 A5 A4,11,m
1336.0,G6 C#5 A3 C#4 E4 A2 G5 G4,11,m
1336.125,G6 C#5 A3 C#4 E4 A2 G5 G4,2,M
1336.25,G6 C#5 A3 C#4 E4 G5 G4,2,M
1336.33333333,G6 C#5 A3 C#4 E4 A2 G5 G4,2,M
1336.45833333,G6 C#5 A3 C#4 E4 G5 G4,2,M
1336.5,G6 C#5 A3 C#4 E4 A2 G5 G4,2,M
1336.625,G6 C#5 A3 G5 E4 C#4 G4,2,M
1336.66666667,A2 G6 C#5 A3 C#4 G5 E4 G4,2,M
1336.75,G6 C#5 A3 C#4 A2 G5 G4,2,M
1336.79166667,G6 C#5 A3 C#4 G5 G4,2,M
1336.875,G6 C#5 A3 C#4 A2 G5 G4,2,M
1337.0,G6 B3 D4 D5 G5 G4 B2,2,M
1337.5,G6 B3 D4 D5 G5 G4,2,M
1337.75,G6 B3 D4 D5 G5 G4,2,M
1338.0,F#6 B3 D4 D5 F#5 F#4,2,M
1338.25,F#6 B3 D4 D5 F#5 F#4,2,M
1338.5,F#6 D5 B3 D4 F#5 B4 F#4,2,M
1338.75,F#6 D5 B3 D4 F#5 F#4,2,M
1339.0,E6 G#4 B-3 D4 D3 E5 E4 B-2,2,M
1339.125,E6 G#4 B-3 D4 D3 E5 E4 B-2,2,M
1339.25,E6 G#4 B-3 D4 E5 E4 B-2,2,M
1339.33333333,E6 G#4 B-3 D4 D3 E5 E4 B-2,2,M
1339.45833333,E6 G#4 B-3 D4 E5 E4 B-2,2,M
1339.5,E6 G#4 B-3 D4 D3 E5 G#3 E4,2,M
1339.625,E6 G#4 B-3 D4 E5 G#3 E4,2,M
1339.66666667,D3 E6 G#4 B-3 D4 E5 G#3 E4,2,M
1339.75,E6 G#4 B-3 D4 D3 E5 E4,2,M
1339.79166667,E6 G#4 B-3 D4 E5 E4,2,M
1339.875,E6 G#4 B-3 D4 D3 E5 E4,2,M
1340.0,D6 G#4 F4 B-3 D4 D3 D5,2,M
1340.125,D6 G#4 F4 B-3 D3 D5 D4,2,M
1340.25,D6 G#4 F4 B-3 D5 D4,2,M
1340.33333333,D6 G#4 F4 B-3 D3 D5 D4,2,M
1340.45833333,D6 G#4 F4 B-3 D5 D4,2,M
1340.5,D6 G#4 F4 B-3 D3 D5 D4,2,M
1340.625,D6 G#4 B-3 D5 F4 D4,2,M
1340.66666667,D3 D6 G#4 B-3 F4 D4 D5,2,M
1340.75,D6 G#4 B-3 F4 D3 D5 D4,2,M
1340.79166667,D6 G#4 B-3 F4 D5 D4,2,M
1340.875,G#4 B-3 D3,2,M
1341.0,D6 A4 D5 A3 F#4 D4 A2,2,M
1341.5,A2,2,M
1342.0,A5 A4 A3,2,M
1343.0,F#6 F#5 F#4,2,M
1344.0,D6 D5 D4,?,?
1345.0,A6 E5 A2 E-3 B1 E2 C#5 A5 A3 C#4 E4 A4 A1,?,?
1345.125,B6 A6 E5 A2 E-3 B1 E2 C#5 A5 A3 C#4 E4 A4 A1,?,?
1345.25,A6 E5 A2 E-3 B1 E2 C#5 A5 A3 C#4 E4 A4 A1,?,?
1345.33333333,A6 E5 A2 E-3 B1 E2 C#5 A5 A3 C#4 E4 A4 A1,?,?
1345.45833333,A6 E5 A2 E-3 B1 E2 A5 C#5 A3 C#4 E4 A4 A1,?,?
1345.5,B6 A6 A2 E-3 B1 E2 A5 A4,?,?
1345.625,A6 A2 E-3 B1 E2 A5 A4,?,?
1345.66666667,A6 A2 E-3 B1 E2 A5 A4,?,?
1345.79166667,A6 A2 E-3 B1 E2 A5 A4,?,?
1345.875,B6 A6 A5 A2 E-3 B1 E2 A4,?,?
1346.0,A6 A5 A4,?,?
1346.125,B6 A6 A5 A4,?,?
1346.25,A6 A5 A4,?,?
1346.33333333,A6 A5 A4,?,?
1346.45833333,A6 A5 A4,?,?
1346.5,B6 A6 A5 A4,?,?
1346.625,A6 A5 A4,?,?
1346.66666667,A6 A5 A4,?,?
1346.79166667,A6 A5 A4,?,?
1346.875,B6 A6 A5 A4,?,?
1347.0,A6 A5 A4,?,?
1347.125,B6 A6 A5 A4,?,?
1347.25,A6 A5 A4,?,?
1347.33333333,A6 A5 A4,?,?
1347.45833333,A6 A5 A4,?,?
1347.5,B6 G#6 G#5 G#4,?,?
1347.625,G#6 G#5 G#4,?,?
1347.66666667,A6 G#6 G#5 G#4,?,?
1347.79166667,G#6 G#5 G#4,?,?
1347.875,B6 G#6 G#5 G#4,?,?
1348.0,A6 G6 G5 A4 A3 G4,?,?
1348.125,B6 G6 G5 A4 A3 G4,?,?
1348.25,G6 G5 A4 A3 G4,?,?
1348.33333333,A6 G6 G5 A4 A3 G4,?,?
1348.45833333,G6 G5 A4 A3 G4,?,?
1348.5,B6 E6 E5 E4,?,?
1348.625,E6 E5 E4,?,?
1348.66666667,A6 E6 E5 E4,?,?
1348.79166667,E6 E5 E4,?,?
1348.875,B6 E6 E5 E4,?,?
1349.0,A6 D6 D5 A4 D3 C#3 B1 E2 A5 A3 F#4 D4 D2,?,?
1349.125,B6 D6 D5 A4 D3 C#3 B1 E2 A5 A3 F#4 D4 D2,?,?
1349.25,D6 D5 A4 D3 C#3 B1 E2 A5 A3 F#4 D4 D2,?,?
1349.33333333,A6 D6 D5 A4 D3 C#3 B1 E2 A5 A3 F#4 D4 D2,?,?
1349.45833333,D6 D5 A4 D3 C#3 B1 E2 A5 A3 F#4 D4 D2,?,?
1349.5,B6 D5 D4 D3 C#3 B1 E2 A5,?,?
1349.625,D5 D4 D3 C#3 B1 E2 A5,?,?
1349.66666667,A6 D5 D4 D3 C#3 B1 E2 A5,?,?
1349.79166667,D5 D4 D3 C#3 B1 E2 A5,?,?
1349.875,B6 D5 D4 D3 C#3 B1 E2 A5,?,?
1350.0,A6 D4 D5 D3 E2 A5 A4 F#4 A3 D2,?,?
1350.125,B6 D5 D4 D3 E2 A5 A4 A3 F#4 D2,?,?
1350.25,D5 A4 D4 D3 E2 A5 A3 F#4 D2,?,?
1350.33333333,A6 D5 A4 D4 D3 E2 A5 A3 F#4 D2,?,?
1350.45833333,D4 D5 A4 D3 E2 A5 A3 F#4 D2,?,?
1350.5,B6 D5 D4 D3 E2 A5 A4 A3,?,?
1350.625,D5 D4 D3 E2 A5 A4 A3,?,?
1350.66666667,A6 A5 D5 D4 D3 E2 A4 A3,?,?
1350.75,A6 D5 D4 D3 E2 A5,?,?
1350.79166667,D5 D4 D3 E2 A5,?,?
1350.875,B6 D5 D4 D3 E2 A5,?,?
1351.0,A6 A4 D3 E2 A5 D6 D5 A3 F#4 D4 D2,?,?
1351.125,B6 A4 D3 E2 A5 D6 D5 A3 F#4 D4 D2,?,?
1351.25,A4 D3 E2 A5 D6 D5 A3 F#4 D4 D2,?,?
1351.33333333,A6 A4 D3 E2 A5 D6 D5 A3 F#4 D4 D2,?,?
1351.45833333,D4 A4 D3 E2 A5 D6 D5 A3 F#4 D2,?,?
1351.5,B6 D3 E2 A5 D6 D5 D4,?,?
1351.625,D4 D3 E2 A5 D6 D5,?,?
1351.66666667,A6 D3 E2 A5 D6 D5 D4,?,?
1351.79166667,D3 E2 A5 D6 D5 D4,?,?
1351.875,B6 D3 E2 A5 D6 D5 D4,?,?
1352.0,A6 D4 A4 D3 E2 A5 D6 D5 A3 F#4 D2,?,?
1352.125,B6 A4 D3 E2 A5 D6 D5 A3 F#4 D4 D2,?,?
1352.25,A4 D3 E2 A5 D6 D5 A3 F#4 D4 D2,?,?
1352.33333333,A6 A4 D3 E2 A5 D6 D5 A3 F#4 D4 D2,?,?
1352.45833333,D4 A4 D3 E2 A5 D6 D5 A3 F#4 D2,?,?
1352.5,B6 D3 E2 A5 D6 D5 D4,?,?
1352.625,D3 E2 A5 D6 D5 D4,?,?
1352.66666667,A6 E2 D3 A5 D6 D5 D4,?,?
1352.79166667,D3 E2 A5 D6 D5 D4,?,?
1352.875,B6 D3 E2 A5 D6 D5 D4,?,?
1353.0,A6 D4 F#5 A4 D3 C#3 B1 E2 A5 D6 D5 A3 F#4 D2,?,?
1353.125,B6 F#5 A4 D3 C#3 B1 E2 A5 D6 D5 A3 F#4 D4 D2,?,?
1353.25,F#5 A4 D3 C#3 B1 E2 A5 D6 D5 A3 F#4 D4 D2,?,?
1353.33333333,A6 F#5 A4 D3 C#3 B1 E2 A5 D6 D5 A3 F#4 D4 D2,?,?
1353.45833333,F#5 A4 D3 C#3 B1 E2 A5 D6 D5 A3 F#4 D4 D2,?,?
1353.5,B6 F#5 F#4 D3 C#3 B1 E2 A5,?,?
1353.625,F#5 F#4 D3 C#3 B1 E2 A5,?,?
1353.66666667,A6 F#5 F#4 D3 C#3 B1 E2 A5,?,?
1353.79166667,F#5 F#4 D3 C#3 B1 E2 A5,?,?
1353.875,B6 F#5 F#4 D3 C#3 B1 E2 A5,?,?
1354.0,A6 D4 F#5 D3 E2 A5 A4 F#4 A3 D2,?,?
1354.125,B6 D4 F#5 D3 E2 A5 A4 A3 F#4 D2,?,?
1354.25,D4 F#5 A4 D3 E2 A5 A3 F#4 D2,?,?
1354.33333333,A6 D4 F#5 A4 D3 E2 A5 A3 F#4 D2,?,?
1354.45833333,D4 F#5 A4 D3 E2 A5 A3 F#4 D2,?,?
1354.5,B6 F#5 F#4 D3 E2 A5 A4 A3,?,?
1354.625,F#5 F#4 D3 E2 A5 A4 A3,?,?
1354.66666667,A6 A5 F#5 F#4 D3 E2 A4 A3,?,?
1354.75,A6 D3 E2 A5,?,?
1354.79166667,D3 E2 A5,?,?
1354.875,B6 D3 E2 A5,?,?
1355.0,A6 D5 A4 D4 D3 E2 A5 F#6 F#5 A3 F#4 D2,?,?
1355.125,B6 D5 A4 D4 D3 E2 A5 F#6 F#5 A3 F#4 D2,?,?
1355.25,D5 A4 D4 D3 E2 A5 F#6 F#5 A3 F#4 D2,?,?
1355.33333333,A6 D5 A4 D4 D3 E2 A5 F#6 F#5 A3 F#4 D2,?,?
1355.45833333,D4 D5 A4 D3 E2 A5 F#6 F#5 A3 F#4 D2,?,?
1355.5,B6 D5 D4 D3 E2 A5,?,?
1355.625,D5 D4 D3 E2 A5,?,?
1355.66666667,A6 D5 D4 D3 E2 A5,?,?
1355.79166667,D5 D4 D3 E2 A5,?,?
1355.875,B6 D5 D4 D3 E2 A5,?,?
1356.0,A6 D4 D5 A4 D3 E2 A5 G6 G5 A3 F#4 G4 D2,?,?
1356.125,B6 D4 D5 A4 D3 E2 A5 G6 G5 A3 F#4 G4 D2,?,?
1356.25,D4 A4 D3 E2 A5 G6 G5 A3 F#4 G4 D2,?,?
1356.33333333,A6 D4 A4 D3 E2 A5 G6 G5 A3 F#4 G4 D2,?,?
1356.45833333,D4 A4 D3 E2 A5 G6 G5 A3 F#4 G4 D2,?,?
1356.5,B6 B4 B3 D3 E2 A5,?,?
1356.625,B4 B3 D3 E2 A5,?,?
1356.66666667,A6 E2 B4 B3 D3 A5,?,?
1356.79166667,B4 B3 D3 E2 A5,?,?
1356.875,B6 B4 B3 D3 E2 A5,?,?
1357.0,A6 C#4 A4 A2 C#3 B1 E2 A5 E-6 E-5 A3 G4 E-4 A1,?,?
1357.125,B6 C#4 A4 A2 C#3 B1 E2 A5 E-6 E-5 A3 G4 E-4 A1,?,?
1357.25,C#4 A4 A2 C#3 B1 E2 A5 E-6 E-5 A3 G4 E-4 A1,?,?
1357.33333333,A6 C#4 A4 A2 C#3 B1 E2 A5 E-6 E-5 A3 G4 E-4 A1,?,?
1357.45833333,C#4 A4 A2 C#3 B1 E2 A5 E-6 E-5 A3 G4 E-4 A1,?,?
1357.5,B6 A4 A3 A2 C#3 B1 E2 A5 E-6 E-5 E-4,?,?
1357.625,A4 A3 A2 C#3 B1 E2 A5 E-6 E-5 E-4,?,?
1357.66666667,A6 A4 A3 A2 C#3 B1 E2 A5 E-6 E-5 E-4,?,?
1357.79166667,A4 A3 A2 C#3 B1 E2 A5 E-6 E-5 E-4,?,?
1357.875,B6 A4 A3 A2 C#3 B1 E2 A5 E-6 E-5 E-4,?,?
1358.0,A6 C#4 A4 A2 E2 A5 E-6 E-5 A3 G4 E-4 A1,?,?
1358.125,B6 C#4 A4 A2 E2 A5 E-6 E-5 A3 G4 E-4 A1,?,?
1358.25,C#4 A4 A2 E2 A5 E-6 E-5 A3 G4 E-4 A1,?,?
1358.33333333,A6 C#4 A4 A2 E2 A5 E-6 E-5 A3 G4 E-4 A1,?,?
1358.45833333,C#4 A4 A2 E2 A5 E-6 E-5 A3 G4 E-4 A1,?,?
1358.5,B6 A4 A3 A2 E2 A5 E-6 E-5 E-4,?,?
1358.625,A4 A3 A2 E2 A5 E-6 E-5 E-4,?,?
1358.66666667,A6 A5 A4 A3 A2 E2 E-6 E-5 E-4,?,?
1358.75,A6 A2 E2 A5 E-6 E-5 E-4,?,?
1358.79166667,A2 E2 A5 E-6 E-5 E-4,?,?
1358.875,B6 A2 E2 A5 E-6 E-5 E-4,?,?
1359.0,A6 C#5 A4 C#4 A2 E2 A5 E6 E5 A3 G4 E4 A1,?,?
1359.125,B6 C#5 A4 C#4 A2 E2 A5 E6 E5 A3 G4 E4 A1,?,?
1359.25,C#5 A4 C#4 A2 E2 A5 E6 E5 A3 G4 E4 A1,?,?
1359.33333333,A6 C#5 A4 C#4 A2 E2 A5 E6 E5 A3 G4 E4 A1,?,?
1359.45833333,C#4 C#5 A4 A2 E2 A5 E6 E5 A3 G4 E4 A1,?,?
1359.5,B6 C#5 C#4 A2 E2 A5,?,?
1359.625,C#5 C#4 A2 E2 A5,?,?
1359.66666667,A6 C#5 C#4 A2 E2 A5,?,?
1359.79166667,C#5 C#4 A2 E2 A5,?,?
1359.875,B6 C#5 C#4 A2 E2 A5,?,?
1360.0,A6 C#4 C#5 A2 E2 A5 A4 G4 A3 A1,?,?
1360.125,B6 C#4 C#5 A2 E2 A5 A4 G4 A3 A1,?,?
1360.25,C#4 A2 E2 A5 A4 G4 A3 A1,?,?
1360.33333333,A6 C#4 A2 E2 A5 A4 G4 A3 A1,?,?
1360.45833333,C#4 A2 E2 A5 A4 G4 A3 A1,?,?
1360.5,B6 E5 E4 A2 E2 A5,?,?
1360.625,E5 E4 A2 E2 A5,?,?
1360.66666667,A6 E2 E5 E4 A2 A5,?,?
1360.79166667,E5 E4 A2 E2 A5,?,?
1360.875,B6 E5 E4 A2 E2 A5,?,?
1361.0,A6 D4 F#5 D3 C#3 B1 E2 A5 A3 F#4 A4 D2,?,?
1361.125,B6 D4 F#5 D3 C#3 B1 E2 A6 A5 A3 F#4 A4 D2,?,?
1361.25,D4 F#5 D3 C#3 B1 E2 A6 A5 A3 F#4 A4 D2,?,?
1361.33333333,A6 D4 F#5 D3 C#3 B1 E2 A5 A3 F#4 A4 D2,?,?
1361.45833333,D4 F#5 A4 D3 C#3 B1 E2 A6 A5 A3 F#4 D2,?,?
1361.5,B6 F#5 F#4 D3 C#3 B1 E2 A6 A5 A4,?,?
1361.625,F#5 F#4 D3 C#3 B1 E2 A6 A5 A4,?,?
1361.66666667,A6 F#5 F#4 D3 C#3 B1 E2 A5 A4,?,?
1361.79166667,F#5 F#4 D3 C#3 B1 E2 A6 A5 A4,?,?
1361.875,B6 F#5 F#4 D3 C#3 B1 E2 A6 A5 A4,?,?
1362.0,A6 D4 F#5 A4 D3 E2 A5 A3 F#4 D2,?,?
1362.25,B6 D4 F#5 A4 D3 E2 A5 A3 F#4 D2,?,?
1362.33333333,B6 D4 F#5 A4 D3 E2 A5 A3 F#4 D2,?,?
1362.375,A6 B6 D4 F#5 A4 D3 E2 A5 A3 F#4 D2,?,?
1362.5,A6 F#4 D3 E2 A5 F#6 F#5,?,?
1362.625,G#6 D3 E2 A5 F#6 F#5 F#4,?,?
1362.66666667,A5 G#6 D3 E2 F#6 F#5 F#4,?,?
1362.75,A6 G#6 D3 E2 A5 F#6 F#5 F#4,?,?
1362.875,A6 F#4 D3 E2 A5 F#6 F#5,?,?
1363.0,D7 F#5 A4 D3 E2 A5 D6 D5 A3 F#4 D4 D2,?,?
1363.375,D7 D4 A4 D3 E2 A5 D6 D5 A3 F#4 D2,?,?
1363.5,D7 D3 E2 A5 D6 D5 D4,?,?
1363.75,D7 D3 E2 A5,?,?
1364.0,D4 A4 D3 E2 A5 A3 F#4 D2,?,?
1364.33333333,D4 A4 D3 E2 A5 A3 F#4 D2,2,M
1364.5,D3 E2 A5,2,M
1364.66666667,E2 D3 A5,2,M
1365.0,D5 A4 D4 D3 C#3 B1 E2 A5 A3 F#4 D2,2,M
1365.125,D5 A4 D4 D3 C#3 B1 E2 A5 A3 F#4 D2,2,M
1365.25,D5 A4 D4 D3 C#3 B1 E2 A3 F#4 D2,2,M
1365.33333333,D5 A4 D4 D3 C#3 B1 E2 A5 A3 F#4 D2,2,M
1365.45833333,D4 D5 A4 D3 C#3 B1 E2 A3 F#4 D2,2,M
1365.5,D5 D4 D3 C#3 B1 E2 A5,2,M
1365.625,D5 D4 D3 C#3 B1 E2,2,M
1365.66666667,A5 D5 D4 D3 C#3 B1 E2,2,M
1365.79166667,D5 D4 D3 C#3 B1 E2,2,M
1365.875,D5 D4 D3 C#3 B1 E2 A5,2,M
1366.0,D4 D5 D3 E2 A5 A4 F#4 A3 D2,2,M
1366.125,A5 D5 D4 D3 E2 A4 A3 F#4 D2,2,M
1366.25,A5 D5 A4 D4 D3 E2 A3 F#4 D2,2,M
1366.33333333,A5 D5 A4 D4 D3 E2 A3 F#4 D2,2,M
1366.45833333,A5 D4 D5 A4 D3 E2 A3 F#4 D2,2,M
1366.5,D5 D4 D3 E2 A5 A4 A3,2,M
1366.625,D5 D4 D3 E2 A5 A4 A3,2,M
1366.66666667,A5 D5 D4 D3 E2 A4 A3,2,M
1366.75,A5 D5 D4 D3 E2,2,M
1366.79166667,A5 D5 D4 D3 E2,2,M
1366.875,A5 D5 D4 D3 E2,2,M
1367.0,A4 D3 E2 A5 D6 D5 A3 F#4 D4 D2,2,M
1367.125,A4 D3 E2 A5 D6 D5 A3 F#4 D4 D2,2,M
1367.25,A4 D3 E2 D6 D5 A3 F#4 D4 D2,2,M
1367.33333333,A4 D3 E2 A5 D6 D5 A3 F#4 D4 D2,2,M
1367.45833333,D4 A4 D3 E2 D6 D5 A3 F#4 D2,2,M
1367.5,D3 E2 A5 D6 D5 D4,2,M
1367.625,D4 D3 E2 D6 D5,2,M
1367.66666667,A5 D3 E2 D6 D5 D4,2,M
1367.79166667,D3 E2 D6 D5 D4,2,M
1367.875,D3 E2 A5 D6 D5 D4,2,M
1368.0,D4 A4 D3 E2 A5 D6 D5 A3 F#4 D2,2,M
1368.125,A4 D3 E2 A5 D6 D5 A3 F#4 D4 D2,2,M
1368.25,A4 D3 E2 D6 D5 A3 F#4 D4 D2,2,M
1368.33333333,A4 D3 E2 A5 D6 D5 A3 F#4 D4 D2,2,M
1368.45833333,D4 A4 D3 E2 D6 D5 A3 F#4 D2,2,M
1368.5,D3 E2 A5 D6 D5 D4,2,M
1368.625,D3 E2 D6 D5 D4,2,M
1368.66666667,E2 A5 D3 D6 D5 D4,2,M
1368.79166667,D3 E2 D6 D5 D4,2,M
1368.875,D3 E2 A5 D6 D5 D4,2,M
1369.0,D4 F#5 A4 D3 C#3 B1 E2 A5 D6 D5 A3 F#4 D2,2,M
1369.125,F#5 A4 D3 C#3 B1 E2 A5 D6 D5 A3 F#4 D4 D2,2,M
1369.25,F#5 A4 D3 C#3 B1 E2 D6 D5 A3 F#4 D4 D2,2,M
1369.33333333,F#5 A4 D3 C#3 B1 E2 A5 D6 D5 A3 F#4 D4 D2,2,M
1369.45833333,D6 F#5 A4 D3 C#3 B1 E2 D5 A3 F#4 D4 D2,2,M
1369.5,D6 F#5 F#4 D3 C#3 B1 E2 A5,2,M
1369.625,D6 F#5 F#4 D3 C#3 B1 E2,2,M
1369.66666667,A5 D6 F#5 F#4 D3 C#3 B1 E2,2,M
1369.79166667,D6 F#5 F#4 D3 C#3 B1 E2,2,M
1369.875,D6 F#5 F#4 D3 C#3 B1 E2 A5,2,M
1370.0,D4 F#5 D3 E2 A5 A4 F#4 A3 D2,2,M
1370.125,A5 D4 F#5 D3 E2 A4 A3 F#4 D2,2,M
1370.25,A5 D4 F#5 A4 D3 E2 A3 F#4 D2,2,M
1370.33333333,A5 D4 F#5 A4 D3 E2 A3 F#4 D2,2,M
1370.45833333,A5 D4 F#5 A4 D3 E2 A3 F#4 D2,2,M
1370.5,F#5 F#4 D3 E2 A5 A4 A3,2,M
1370.625,F#5 F#4 D3 E2 A5 A4 A3,2,M
1370.66666667,A5 F#5 F#4 D3 E2 A4 A3,2,M
1370.75,A5 D3 E2,2,M
1370.79166667,A5 D3 E2,2,M
1370.875,A5 D3 E2,2,M
1371.0,D5 A4 D4 D3 E2 A5 F#6 F#5 A3 F#4 D2,2,M
1371.125,D5 A4 D4 D3 E2 A5 F#6 F#5 A3 F#4 D2,2,M
1371.25,D5 A4 D4 D3 E2 F#6 F#5 A3 F#4 D2,2,M
1371.33333333,D5 A4 D4 D3 E2 A5 F#6 F#5 A3 F#4 D2,2,M
1371.45833333,F#6 D4 D5 A4 D3 E2 F#5 A3 F#4 D2,2,M
1371.5,F#6 D5 D4 D3 E2 A5,2,M
1371.625,F#6 D5 D4 D3 E2,2,M
1371.66666667,A5 F#6 D5 D4 D3 E2,2,M
1371.79166667,F#6 D5 D4 D3 E2,2,M
1371.875,F#6 D5 D4 D3 E2 A5,2,M
1372.0,F#4 D5 A4 D3 E2 A5 G6 G5 A3 D4 G4 D2,2,M
1372.125,F#4 D5 A4 D3 E2 A5 G6 G5 A3 D4 G4 D2,2,M
1372.25,F#4 A4 D3 E2 G6 G5 A3 D4 G4 D2,2,M
1372.33333333,F#4 A4 D3 E2 A5 G6 G5 A3 D4 G4 D2,2,M
1372.45833333,G6 F#4 A4 D3 E2 G5 A3 D4 G4 D2,2,M
1372.5,G6 D5 D4 D3 E2 A5,2,M
1372.625,G6 D5 D4 D3 E2,2,M
1372.66666667,E2 A5 G6 D5 D4 D3,2,M
1372.79166667,G6 D5 D4 D3 E2,2,M
1372.875,G6 D5 D4 D3 E2 A5,2,M
1373.0,E-6 B3 D3 E-3 B1 E2 A5 E-5 G4 B4 G3 E-4 G2,2,M
1373.5,E-6 D3 E-3 B1 E2 A5,2,M
1374.0,E6 E5 E4,2,M
1374.5,E6,?,?
1375.0,B6 B5 B4,?,?
1376.0,D3 B4 F5 D4 G#3 E2 A5 B6 B5 D5 F4 G#2,?,?
1376.125,D3 F5 D4 G#3 E2 A5 B6 B5 D5 F4 B4 G#2,2,M
1376.25,D3 F5 D5 D4 G#3 F4 E2 B6 B5 B4 G#2,2,M
1376.33333333,D3 F5 D5 D4 G#3 F4 E2 A5 B6 B5 B4 G#2,2,M
1376.375,D3 F5 D4 G#3 E2 A5 B6 B5 D5 F4 B4 G#2,2,M
1376.45833333,D3 F5 D4 G#3 E2 B6 B5 D5 F4 B4 G#2,2,M
1376.5,D3 F5 D4 G#3 E2 A5 B6 B5 D5 F4 B4 G#2,2,M
1376.625,D3 F5 D5 D4 G#3 F4 E2 B6 B5 B4 G#2,2,M
1376.66666667,E2 A5 D5 F4 D3 F5 D4 G#3 B6 B5 B4 G#2,2,M
1376.75,D3 F5 D4 G#3 E2 A5 B6 B5 D5 F4 B4 G#2,2,M
1376.79166667,D3 F5 D4 G#3 E2 B6 B5 D5 F4 B4 G#2,2,M
1376.875,D3 B4 F5 D5 D4 G#3 E2 A5 B6 B5 F4 G#2,2,M
1377.0,F#5 A3 D4 E-3 B1 E2 A5 B6 B5 F#4 D5 B4 A2,2,M
1377.5,E-3 B1 E2 A5,2,M
1378.0,A6 A5 A4,2,M
1379.0,G4 A4 E5 C#4 A2 E-3 B1 E2 A6 A5 C#5 A3 E4 A1,2,M
1379.375,G4 A4 E5 C#4 A2 E-3 B1 E2 A5 C#5 A3 E4 A1,2,M
1379.5,A2 E-3 B1 E2 A5 G#6 G#5 G#4,2,M
1379.875,A2 E-3 B1 E2 A5,2,M
1380.0,G6 G5 G4,2,M
1380.5,E6 E5 E4,2,M
1381.0,E-3 B1 E2 A5 D6 F#4 D5 D3 A3 D4 D2,2,M
1381.5,D3 E-3 B1 E2 A5,2,M
1382.0,D4 F#4 D3 F#3,2,M
1382.5,D4 F#4 D3 F#3,2,M
1383.0,F#4 A4 F#3 A3,2,M
1384.0,A4 D5 A3 D4,2,M
1385.0,D5 F#5 D4 F#4,2,M
1386.0,F#4 A4 F#3 A3,2,M
1386.5,F#4 A4 F#3 A3,2,M
1387.0,A4 D5 A3 D4,2,M
1388.0,D5 F#5 D4 F#4,2,M
1389.0,A6 A4 E-5 F#5 A5 E-4 F#4 C4,2,M
1389.25,B6 A4 E-5 F#5 A5 E-4 F#4 C4,2,M
1389.375,B6 A4 E-5 F#5 A5 E-4 F#4 C4,2,M
1389.5,A6 A4 E-5 F#5 A5 E-4 F#4 C4,2,M
1389.75,B6 A4 E-5 F#5 A5 E-4 F#4 C4,2,M
1389.875,B6 A4 E-5 F#5 A5 E-4 F#4 C4,2,M
1390.0,A6 A4 E-5 F#5 A5 E-4 F#4 C4,2,M
1390.25,B6 A4 E-5 F#5 A5 E-4 F#4 C4,?,?
1390.375,B6 A4 E-5 F#5 A5 E-4 F#4 C4,?,?
1390.5,A6 A4 E-5 F#5 A5 E-4 F#4 C4,?,?
1390.75,A6 B6 A4 E-5 F#5 A5 E-4 F#4 C4,?,?
1390.875,A6 B6 A4 E-5 F#5 A5 E-4 F#4 C4,?,?
1391.0,A6 A4 E-5 F#5 A5 E-4 F#4 C4,?,?
1391.25,B6 A4 E-5 F#5 A5 E-4 F#4 C4,?,?
1391.375,B6 A4 E-5 F#5 A5 E-4 F#4 C4,?,?
1391.5,A6 A4 E-5 F#5 A5 E-4 F#4 C5 C4,?,?
1391.75,B6 A4 E-5 F#5 A5 E-4 F#4 C5 C4,?,?
1391.875,B6 A4 E-5 F#5 A5 E-4 F#4 C4,?,?
1392.0,A6 A4 E-5 F#5 A5 E-4 F#4 C4,?,?
1392.25,B6 A4 E-5 F#5 A5 E-4 F#4 C4,?,?
1392.375,B6 A4 E-5 F#5 A5 E-4 F#4 C4,?,?
1392.5,A6 A4 E-5 F#5 A5 E-4 F#4 C4,?,?
1392.75,B6 A4 E-5 F#5 A5 E-4 F#4 C4,?,?
1392.875,B6 A4 E-5 F#5 A5 E-4 F#4 C4,?,?
1393.0,A6 A4 E-5 F#5 A5 E-4 F#4 C4,?,?
1393.25,B6 A4 E-5 F#5 A5 E-4 F#4 B5 C4,?,?
1393.375,B6 F#5 A5 E-4 F#4 A4 E-5 B5 C4,?,?
1393.5,A6 F#5 A5 E-4 F#4 A4 C4,?,?
1393.75,B6 F#5 A5 E-4 F#4 A4 B5 C4,?,?
1393.875,B6 F#5 A5 E-4 F#4 A4 B5 C4,?,?
1394.0,A6 F#5 A5 E-4 F#4 A4 C4,?,?
1394.25,B6 F#5 A5 E-4 F#4 A4 B5 C4,?,?
1394.375,A6 B6 F#5 A5 E-4 F#4 A4 B5 C4,?,?
1394.5,A6 F#5 A5 E-4 F#4 A4 C4,?,?
1394.625,G#6 F#5 A5 E-4 F#4 A4 G#5 C4,?,?
1394.66666667,G#6 G#5 A4 F#5 E-4 F#4,?,?
1394.75,A6 G#6 A5 G#5 A4 F#5 E-4 F#4,?,?
1394.875,A6 A5,?,?
1395.0,G#6 F5 D4 F4 G#4 G#5 B3,?,?
1395.375,G#6 F5 D4 F4 G#4 G#5 B3,?,?
1395.5,G#6 F5 D4 F4 G#4 G#5 B3,?,?
1395.875,G#6 F5 D4 F4 G#4 G#5 B3,?,?
1396.0,G#6 F5 D4 F4 G#4 G#5 B3,?,?
1396.375,G#6 F5 D4 F4 G#4 G#5 B3,?,?
1396.5,G#6 F5 D4 F4 G#4 G#5 B3,?,?
1396.66666667,G#4 F5 D4 F4,?,?
1397.0,G6 G5 G4 E5 C#4 E4 B-3,?,?
1397.25,A6 E5 G5 C#4 E4 G4 A5 B-3,2,M
1397.375,A6 E5 G5 C#4 E4 G4 A5 B-3,2,M
1397.5,G6 E5 G5 C#4 E4 G4 B-3,2,M
1397.75,A6 E5 G5 C#4 E4 G4 A5 B-3,2,M
1397.875,A6 E5 G5 C#4 E4 G4 A5 B-3,2,M
1398.0,G6 E5 G5 C#4 E4 G4 B-3,2,M
1398.25,A6 E5 G5 C#4 E4 G4 A5 B-3,2,M
1398.375,G6 A6 E5 G5 C#4 E4 G4 A5 B-3,2,M
1398.5,G6 E5 G5 C#4 E4 G4 B-3,2,M
1398.625,F#6 E5 G5 C#4 E4 G4 F#5 B-3,2,M
1398.66666667,F#6 F#5 G4 E5 C#4 E4,2,M
1398.75,G6 F#6 G5 F#5 G4 E5 C#4 E4,2,M
1398.875,G6 G5,2,M
1399.0,F#6 E-5 C4 E-4 F#4 F#5 A3,2,M
1399.375,F#6 E-5 C4 E-4 F#4 F#5 A3,2,M
1399.5,F#6 E-5 C4 E-4 F#4 F#5 A3,2,M
1399.875,F#6 E-5 C4 E-4 F#4 F#5 A3,2,M
1400.0,F#6 E-5 C4 E-4 F#4 F#5 A3,2,M
1400.375,F#6 E-5 C4 E-4 F#4 F#5 A3,2,M
1400.5,F#6 E-5 C4 E-4 F#4 F#5 A3,2,M
1400.66666667,F#4 E-5 C4 E-4,2,M
1401.0,F6 F5 F4 D5 B3 D4 G#3,2,M
1401.25,G6 D5 F5 B3 D4 F4 G5 G#3,2,M
1401.375,G6 D5 F5 B3 D4 F4 G5 G#3,2,M
1401.5,F6 D5 F5 B3 D4 F4 G#3,2,M
1401.75,G6 D5 F5 B3 D4 F4 G5 G#3,2,M
1401.875,G6 D5 F5 B3 D4 F4 G5 G#3,2,M
1402.0,F6 D5 F5 B3 D4 F4 G#3,2,M
1402.25,G6 D5 F5 B3 D4 F4 G5 G#3,2,M
1402.375,F6 G6 D5 F5 B3 D4 F4 G5 G#3,2,M
1402.5,F6 D5 F5 B3 D4 F4 G#3,2,M
1402.625,E6 D5 F5 B3 D4 F4 E5 G#3,2,M
1402.66666667,E6 E5 F4 D5 B3 D4,2,M
1402.75,F6 E6 F5 E5 F4 D5 B3 D4,2,M
1402.875,F6 F5,2,M
1403.0,E6 C#5 B-3 C#4 E4 E5 G3,2,M
1403.375,E6 C#5 B-3 C#4 E4 E5 G3,2,M
1403.5,E6 C#5 B-3 C#4 E4 E5 G3,2,M
1403.875,E6 C#5 B-3 C#4 E4 E5 G3,2,M
1404.0,E6 C#5 B-3 C#4 E4 E5 G3,2,M
1404.375,E6 C#5 B-3 C#4 E4 E5 G3,2,M
1404.5,E6 C#5 B-3 C#4 E4 E5 G3,2,M
1404.66666667,E4 C#5 B-3 C#4,2,M
1405.0,D6 D5 A3 D4 F#3,2,M
1405.375,D6 D5 A3 D4 F#3,2,M
1405.5,D5 A3 D4,2,M
1406.0,E-6 C5 E-5 C4 F#4 A3,2,M
1406.375,E-6 C5 E-5 C4 F#4 A3,11,m
1406.5,E-5 C4 F#4,11,m
1407.0,E6 B4 E5 B3 E4 G#3,11,m
1407.375,E6 B4 E5 B3 E4 G#3,2,M
1407.5,E5 B3 E4,2,M
1408.0,F6 D5 F5 D4 G#4 B3,2,M
1408.375,F6 D5 F5 D4 G#4 B3,2,M
1408.5,F5 D4 G#4,2,M
1409.0,F#6 C#5 F#5 C#4 F#4 B-3,2,M
1409.375,F#6 F#5 C#5 C#4 F#4 B-3,2,M
1409.5,C#5 F#5 C#4 F#4 B-3,2,M
1409.875,C#5 F#5 C#4 F#4 B-3,2,M
1410.0,G6 G5 C#5 F#5 C#4 F#4 B-3,2,M
1410.375,G6 G5 C#5 F#5 C#4 F#4 B-3,2,M
1410.5,C#5 F#5 C#4 F#4 G5 B-3,2,M
1410.66666667,G5 C#4 F#4,2,M
1411.0,G#6 G#5 C#5 G5 G4 C#4 E4 A3,2,M
1411.375,G#6 G#5 C#5 G5 G4 C#4 E4 A3,2,M
1411.5,C#5 G5 G4 C#4 E4 G#5 A3,2,M
1411.875,C#5 G5 G4 C#4 E4 A3,2,M
1412.0,A6 A5 C#5 G5 G4 C#4 E4 A3,2,M
1412.375,A6 A5 C#5 G5 G4 C#4 E4 A3,2,M
1412.5,C#5 G5 G4 C#4 E4 A5 A3,2,M
1412.66666667,A5 C#4 E4,2,M
1413.0,F#7 F#5 F#3 E-3 B1 E2 A5 F#6 A4 D6 D4 F#4 D5 A3 D3 D2,2,M
1413.5,D3 E-3 B1 E2 A5,2,M
1414.0,D4 F#4 D3 F#3,2,M
1414.5,D4 F#4 D3 F#3,2,M
1415.0,F#4 A4 F#3 A3,2,M
1416.0,A4 D5 D4 A3,2,M
1417.0,D5 F#5 D4 F#4,2,M
1418.0,F#4 A4 F#3 A3,2,M
1418.5,F#4 A4 F#3 A3,2,M
1419.0,A4 D5 A3 D4,2,M
1420.0,D5 F#5 D4 F#4,2,M
1421.0,A6 A4 E-5 F#5 A5 E-4 F#4 C4,2,M
1421.25,B6 A4 E-5 F#5 A5 E-4 F#4 C4,2,M
1421.375,B6 A4 E-5 F#5 A5 E-4 F#4 C4,2,M
1421.5,A6 A4 E-5 F#5 A5 E-4 F#4 C4,2,M
1421.75,B6 A4 E-5 F#5 A5 E-4 F#4 C4,2,M
1421.875,B6 A4 E-5 F#5 A5 E-4 F#4 C4,2,M
1422.0,A6 A4 E-5 F#5 A5 E-4 F#4 C4,2,M
1422.25,B6 A4 E-5 F#5 A5 E-4 F#4 C4,?,?
1422.375,B6 A4 E-5 F#5 A5 E-4 F#4 C4,?,?
1422.5,A6 A4 E-5 F#5 A5 E-4 F#4 C4,?,?
1422.75,A6 B6 A4 E-5 F#5 A5 E-4 F#4 C4,?,?
1422.875,A6 B6 A4 E-5 F#5 A5 E-4 F#4 C4,?,?
1423.0,A6 A4 E-5 F#5 A5 E-4 F#4 C4,?,?
1423.25,B6 A4 E-5 F#5 A5 E-4 F#4 C4,?,?
1423.375,B6 A4 E-5 F#5 A5 E-4 F#4 C4,?,?
1423.5,A6 A4 E-5 F#5 A5 E-4 F#4 C5 C4,?,?
1423.75,B6 A4 E-5 F#5 A5 E-4 F#4 C5 C4,?,?
1423.875,B6 A4 E-5 F#5 A5 E-4 F#4 C4,?,?
1424.0,A6 A4 E-5 F#5 A5 E-4 F#4 C4,?,?
1424.25,B6 A4 E-5 F#5 A5 E-4 F#4 C4,6,M
1424.375,B6 A4 E-5 F#5 A5 E-4 F#4 C4,6,M
1424.5,A6 A4 E-5 F#5 A5 E-4 F#4 C4,6,M
1424.75,B6 A4 E-5 F#5 A5 E-4 F#4 C4,6,M
1424.875,B6 A4 E-5 F#5 A5 E-4 F#4 C4,6,M
1425.0,A6 A4 E-5 F#5 A5 E-4 F#4 C4,6,M
1425.25,B6 A4 E-5 F#5 A5 E-4 F#4 B5 C4,6,M
1425.375,B6 F#5 A5 E-4 F#4 A4 E-5 B5 C4,6,M
1425.5,A6 F#5 A5 E-4 F#4 A4 C4,6,M
1425.75,B6 F#5 A5 E-4 F#4 A4 B5 C4,6,M
1425.875,B6 F#5 A5 E-4 F#4 A4 B5 C4,6,M
1426.0,A6 F#5 A5 E-4 F#4 A4 C4,6,M
1426.25,B6 F#5 A5 E-4 F#4 A4 B5 C4,6,M
1426.375,A6 B6 F#5 A5 E-4 F#4 A4 B5 C4,6,M
1426.5,A6 F#5 A5 E-4 F#4 A4 C4,6,M
1426.625,G#6 F#5 A5 E-4 F#4 A4 G#5 C4,6,M
1426.66666667,G#6 G#5 A4 F#5 E-4 F#4,6,M
1426.75,A6 G#6 A5 G#5 A4 F#5 E-4 F#4,6,M
1426.875,A6 A5,6,M
1427.0,G#6 F5 B4 F4 G#5 G#4 C#4,6,M
1427.375,G#6 F5 B4 F4 G#5 C#4,6,M
1427.5,G#6 F5 B4 F4 G#5 G#4 C#4,6,M
1427.875,G#6 F5 B4 F4 G#5 C#4,6,M
1428.0,G#6 F5 B4 F4 G#5 G#4 C#4,6,M
1428.375,G#6 F5 B4 F4 G#5 C#4,6,M
1428.5,G#6 F5 B4 F4 G#5 G#4 C#4,6,M
1428.66666667,G#4 F5 B4,6,M
1429.0,B6 B5 G#5 F4 F5 G#4 D4,6,M
1429.25,C#7 B5 F5 G#5 G#4 F4 C#6 D4,6,M
1429.375,C#7 B5 F5 G#5 G#4 F4 C#6 D4,6,M
1429.5,B6 B5 F5 G#5 G#4 F4 D4,6,M
1429.75,C#7 B5 F5 G#5 G#4 F4 C#6 D4,6,M
1429.875,C#7 B5 F5 G#5 G#4 F4 C#6 D4,6,M
1430.0,B6 B5 F5 G#5 G#4 F4 D4,6,M
1430.25,C#7 B5 F5 G#5 G#4 F4 C#6 D4,6,M
1430.375,B6 C#7 B5 F5 G#5 G#4 F4 C#6 D4,6,M
1430.5,B6 B5 F5 G#5 G#4 F4 D4,6,M
1430.625,B-6 B5 F5 G#5 G#4 F4 B-5 D4,6,M
1430.66666667,B-6 B-5 F5 G#4,6,M
1430.75,B6 B-6 B5 B-5 F5 G#4,6,M
1430.875,B6 B5,6,M
1431.0,B-6 G5 C#5 G4 B-5 E-4,6,M
1431.375,B-6 G5 C#5 G4 B-5 E-4,6,M
1431.5,B-6 G5 C#5 G4 B-5 E-4,6,M
1431.875,B-6 G5 C#5 G4 B-5 E-4,6,M
1432.0,B-6 G5 C#5 G4 B-5 E-4,6,M
1432.375,B-6 G5 C#5 G4 B-5 E-4,10,M
1432.5,B-6 G5 C#5 G4 B-5 E-4,10,M
1432.66666667,G5 C#5,10,M
1433.0,C#7 C#6 G4 G5 B-4 E4,10,M
1433.25,D7 C#6 G5 G4 B-4 D6 E4,10,M
1433.375,D7 C#6 G5 G4 B-4 D6 E4,10,M
1433.5,C#7 C#6 G5 G4 B-4 E4,10,M
1433.75,D7 C#6 G5 G4 B-4 D6 E4,10,M
1433.875,D7 C#6 G5 G4 B-4 D6 E4,10,M
1434.0,C#7 C#6 G5 G4 B-4 E4,10,M
1434.25,D7 C#6 G5 G4 B-4 D6 E4,10,M
1434.375,C#7 D7 C#6 G5 G4 B-4 D6 E4,10,M
1434.5,C#7 C#6 G5 G4 B-4 E4,10,M
1434.625,C7 C#6 G5 G4 B-4 C6 E4,10,M
1434.66666667,C7 C6 G5 B-4,10,M
1434.75,C#7 C7 C#6 C6 G5 B-4,10,M
1434.875,C#7 C#6,10,M
1435.0,C7 E-5 A5 A4 C6 F4,10,M
1435.375,C7 E-5 A5 A4 C6 F4,10,M
1435.5,C7 E-5 A5 A4 C6 F4,10,M
1435.875,C7 E-5 A5 A4 C6 F4,10,M
1436.0,C7 E-5 A5 A4 C6 F4,10,M
1436.375,C7 E-5 A5 A4 C6 F4,10,M
1436.5,C7 E-5 A5 A4 C6 F4,10,M
1436.66666667,A5 E-5,10,M
1437.0,E-7 E-6 A4 A5 C5 F#4,10,M
1437.25,F7 E-6 A5 A4 C5 F6 F#4,10,M
1437.375,F7 E-6 A5 A4 C5 F6 F#4,10,M
1437.5,E-7 E-6 A5 A4 C5 F#4,10,M
1437.75,F7 E-6 A5 A4 C5 F6 F#4,10,M
1437.875,F7 E-6 A5 A4 C5 F6 F#4,10,M
1438.0,E-7 E-6 A5 A4 C5 F#4,10,M
1438.25,F7 E-6 A5 A4 C5 F6 F#4,10,M
1438.375,E-7 F7 E-6 A5 A4 C5 F6 F#4,10,M
1438.5,E-7 E-6 A5 A4 C5 F#4,10,M
1438.625,D7 E-6 A5 A4 C5 D6 F#4,10,M
1438.66666667,D7 D6 A5 C5,10,M
1438.75,E-7 D7 E-6 D6 A5 C5,10,M
1438.875,E-7 E-6,10,M
1439.0,D7 F5 B5 B4 D6 G4,10,M
1439.375,D7 F5 B5 B4 D6 G4,2,M
1439.5,D7 F5 B5 B4 D6 G4,2,M
1439.875,D7 F5 B5 B4 D6 G4,2,M
1440.0,D7 F5 B5 B4 D6 G4,2,M
1440.375,D7 F5 B5 B4 D6 G4,2,M
1440.5,D7 F5 B5 B4 D6 G4,2,M
1440.66666667,B5 F5,2,M
1441.0,F7 F6 B5 D5 G#4,2,M
1441.25,G7 F6 B5 D5 G6 G#4,2,M
1441.375,G7 F6 B5 D5 G6 G#4,2,M
1441.5,F7 F6 B5 D5 G#4,2,M
1441.75,G7 F6 B5 D5 G6 G#4,2,M
1441.875,G7 F6 B5 D5 G6 G#4,2,M
1442.0,F7 F6 B5 D5 G#4,2,M
1442.25,G7 F6 B5 D5 G6 G#4,2,M
1442.375,F7 G7 F6 B5 D5 G6 G#4,2,M
1442.5,F7 F6 B5 D5 G#4,2,M
1442.625,E7 F6 B5 D5 E6 G#4,2,M
1442.66666667,E7 E6 B5 D5,2,M
1442.75,F7 E7 F6 E6 B5 D5,2,M
1442.875,F7 F6,2,M
1443.0,E7 G5 C#5 E6 A4,2,M
1443.375,E7 G5 C#5 E6 A4,2,M
1443.5,G5 C#5 E6 A4,2,M
1443.875,G5 C#5 E6 A4,2,M
1444.0,G5 C#5 E6 A4,2,M
1444.375,G5 C#5 E6 A4,2,M
1444.5,G5 C#5 E6 A4,2,M
1444.66666667,G5 C#5,2,M
1445.0,A6 D6 E2 A4 A5 D5 F#4,2,M
1445.25,B6 D6 A6 A5 F#4 D5 E2 A4,2,M
1445.375,B6 D6 A6 A5 F#4 D5 E2,2,M
1445.5,A6 D6 A5 F#4 D5 E2 A4,2,M
1445.75,B6 D6 A6 A5 F#4 D5 E2 A4,2,M
1445.875,B6 D6 A6 A5 F#4 D5 E2,2,M
1446.0,A6 D6 A5 F#4 D5 E2 A4,2,M
1446.25,B6 D6 A6 A5 F#4 D5 E2 A4,2,M
1446.375,B6 D6 A6 A5 F#4 D5 E2,2,M
1446.5,A6 D6 A5 F#4 D5 E2 A4,2,M
1446.75,B6 D6 A6 A5 F#4 D5 E2 A4,2,M
1446.875,B6 D6 A6 A5 F#4 D5 E2,2,M
1447.0,A6 D6 A5 F#4 D5 E2 A4,2,M
1447.25,B6 D6 A6 A5 F#4 D5 E2 A4,2,M
1447.375,B6 D6 A6 A5 F#4 D5 E2,2,M
1447.5,A6 E2 A4 A5 D5 F#4,2,M
1447.75,B6 E2 A6 A4 A5 D5 F#4,2,M
1447.875,B6 E2,2,M
1448.0,A6 A5 E2 F#6 F#5 A4 D4,2,M
1448.25,B6 A5 F#6 F#5 D4 A4 E2,2,M
1448.375,B6 A5 F#6 F#5 D4 A4 E2,2,M
1448.5,A6 E2 F#6 F#5 A4 D4,2,M
1448.75,B6 E2 F#6 F#5 A4 D4,2,M
1448.875,B6 E2,2,M
1449.0,A6 E2 D6 D5 F#4 A3,2,M
1449.25,B6 D6 D5 A3 F#4 E2,2,M
1449.375,B6 D6 D5 A3 F#4 E2,2,M
1449.5,A6 E2 D6 D5 F#4 A3,2,M
1449.75,B6 E2 D6 D5 F#4 A3,2,M
1449.875,B6 E2,2,M
1450.0,A6 E2 A5 A4 D4 F#3,2,M
1450.25,B6 A5 A4 F#3 D4 E2,2,M
1450.375,B6 A5 A4 F#3 D4 E2,2,M
1450.5,A6 E2 A5 A4 D4 F#3,2,M
1450.75,B6 E2 A5 A4 D4 F#3,2,M
1450.875,B6 E2,2,M
1451.0,A6 E2 D6 D5 F#4 A3,2,M
1451.25,B6 D6 D5 A3 F#4 E2,2,M
1451.375,B6 D6 D5 A3 F#4 E2,2,M
1451.5,A6 E2 D6 D5 F#4 A3,2,M
1451.75,B6 E2 D6 D5 F#4 A3,2,M
1451.875,B6 E2,2,M
1452.0,A6 E2 F#6 F#5 A4 D4,2,M
1452.25,B6 F#6 F#5 D4 A4 E2,?,?
1452.375,B6 F#6 F#5 D4 A4 E2,?,?
1452.5,A6 E2 F#6 F#5 A4 D4,?,?
1452.75,B6 E2 F#6 F#5 A4 D4,?,?
1452.875,B6 E2,?,?
1453.0,A6 D6 E2 A4 A5 D5 F#4,?,?
1453.25,B6 D6 A6 A5 F#4 D5 E2 A4,?,?
1453.375,B6 D6 A6 A5 F#4 D5 E2,?,?
1453.5,A6 D6 A5 F#4 D5 E2 A4,?,?
1453.75,B6 D6 A6 A5 F#4 D5 E2 A4,?,?
1453.875,B6 D6 A6 A5 F#4 D5 E2,?,?
1454.0,A6 D6 A5 F#4 D5 E2 A4,?,?
1454.25,B6 D6 A6 A5 F#4 D5 E2 A4,?,?
1454.375,B6 D6 A6 A5 F#4 D5 E2,?,?
1454.5,A6 D6 A5 F#4 D5 E2 A4,?,?
1454.75,B6 D6 A6 A5 F#4 D5 E2 A4,?,?
1454.875,B6 D6 A6 A5 F#4 D5 E2,?,?
1455.0,A6 D6 A5 F#4 D5 E2 A4,?,?
1455.25,B6 D6 A6 A5 F#4 D5 E2 A4,?,?
1455.375,B6 D6 A6 A5 F#4 D5 E2,?,?
1455.5,A6 E2 A4 A5 D5 F#4,?,?
1455.75,B6 E2 A6 A4 A5 D5 F#4,?,?
1455.875,B6 E2,?,?
1456.0,A6 A5 E2 F#6 F#5 A4 D4,?,?
1456.25,B6 A5 F#6 F#5 D4 A4 E2,?,?
1456.375,B6 A5 F#6 F#5 D4 A4 E2,?,?
1456.5,A6 E2 F#6 F#5 A4 D4,?,?
1456.75,B6 E2 F#6 F#5 A4 D4,?,?
1456.875,B6 E2,?,?
1457.0,A6 E2 D6 D5 F#4 A3,?,?
1457.25,B6 D6 D5 A3 F#4 E2,?,?
1457.375,B6 D6 D5 A3 F#4 E2,?,?
1457.5,A6 E2 D6 D5 F#4 A3,?,?
1457.75,B6 E2 D6 D5 F#4 A3,?,?
1457.875,B6 E2,?,?
1458.0,A6 E2 A5 A4 D4 F#3,?,?
1458.25,B6 A5 A4 F#3 D4 E2,?,?
1458.375,B6 A5 A4 F#3 D4 E2,?,?
1458.5,A6 E2 A5 A4 D4 F#3,?,?
1458.75,B6 E2 A5 A4 D4 F#3,?,?
1458.875,B6 E2,?,?
1459.0,A6 E2 D6 D5 F#4 A3,?,?
1459.25,B6 D6 D5 A3 F#4 E2,?,?
1459.375,B6 D6 D5 A3 F#4 E2,?,?
1459.5,A6 E2 D6 D5 F#4 A3,?,?
1459.75,B6 E2 D6 D5 F#4 A3,?,?
1459.875,B6 E2,?,?
1460.0,A6 E2 F#6 F#5 A4 D4,?,?
1460.25,B6 F#6 F#5 D4 A4 E2,?,?
1460.375,B6 F#6 F#5 D4 A4 E2,?,?
1460.5,A6 E2 F#6 F#5 A4 D4,?,?
1460.75,B6 E2 F#6 F#5 A4 D4,?,?
1460.875,B6 E2,?,?
1461.0,A6 F#6 E2 A5 D5 F#4,?,?
1461.25,B6 F#6 A6 A5 F#4 D5 E2,?,?
1461.375,B6 F#6 A6 A5 F#4 D5 E2,?,?
1461.5,A6 F#6 A5 F#4 D5 E2,?,?
1461.75,B6 F#6 A6 A5 F#4 D5 E2,?,?
1461.875,B6 F#6 A6 A5 F#4 D5 E2,?,?
1462.0,A6 F#6 A5 F#4 D5 E2,?,?
1462.25,B6 E2 A6 A5 D5 F#4,?,?
1462.375,B6 E2,?,?
1462.5,A6 A5 E2 F#6 F#5 A4 D4,?,?
1462.75,B6 A5 E2 F#6 F#5 A4 D4,?,?
1462.875,B6 E2,?,?
1463.0,A6 E2 D6 D5 F#4 A3,?,?
1463.25,B6 D6 D5 A3 F#4 E2,?,?
1463.375,B6 D6 D5 A3 F#4 E2,?,?
1463.5,A6 E2 D6 D5 F#4 A3,?,?
1463.75,B6 E2 D6 D5 F#4 A3,?,?
1463.875,B6 E2,?,?
1464.0,A6 D5 E2 A5 A4 D4 F#3,?,?
1464.25,B6 A5 A4 F#3 D5 D4 E2,?,?
1464.375,B6 A5 A4 F#3 D5 D4 E2,?,?
1464.5,A6 E2 A5 A4 D4 F#3,?,?
1464.75,B6 E2 A5 A4 D4 F#3,?,?
1464.875,B6 E2,?,?
1465.0,A6 D4 A4 E2 F#5 F#4 A3 D3,?,?
1465.25,B6 F#4 F#5 D4 D3 A4 E2 A3,?,?
1465.375,B6 F#4 F#5 D4 D3 A4 E2,?,?
1465.5,A6 E2 F#5 F#4 A3 D3,?,?
1465.75,B6 E2 F#5 F#4 A3 D3,?,?
1465.875,B6 E2,?,?
1466.0,A6 A3 E2 D5 D4 F#4 A2,?,?
1466.25,B6 D4 D5 A3 A2 F#4 E2,?,?
1466.375,B6 D4 D5 A3 A2 F#4 E2,?,?
1466.5,A6 E2 D5 D4 F#4 A2,?,?
1466.75,B6 E2 D5 D4 F#4 A2,?,?
1466.875,B6 E2,?,?
1467.0,A6 E2 A4 A3 D4 F#3,?,?
1467.25,B6 A4 F#3 D4 E2 A3,?,?
1467.375,B6 A4 F#3 D4 E2,?,?
1467.5,A6 E2 A4 A3 D4 F#3,?,?
1467.75,B6 E2 A4 A3 D4 F#3,?,?
1467.875,B6 E2,?,?
1468.0,A6 E2 F#4 D4 A3 D3,?,?
1468.25,B6 F#4 D3 A3 E2 D4,?,?
1468.375,B6 F#4 D3 A3 E2,?,?
1468.5,A6 E2 F#4 D4 A3 D3,?,?
1468.75,G#6 E2 F#4 D4 A3 D3,?,?
1468.875,G#6 E2,?,?
1469.0,A6 E2 A4 A3 A2,?,?
1469.5,A2 E2,2,m
1470.0,C#4 B-4 G4 E4,2,m
1471.0,C#4 B-4 G4 E4 A2,2,m
1471.5,A2 C#4 B-4 G4 E4,2,m
1471.625,A2,2,m
1472.0,D4 B4 G#4 F4,2,m
1473.0,D4 B4 G#4 F4 A2,2,m
1473.5,A2,2,m
1474.0,E-4 C5 A4 F#4,2,m
1475.0,E-4 C5 A4 F#4 A2,2,m
1475.5,A2 E-4 C5 A4 F#4,2,m
1475.625,A2,2,m
1476.0,E4 C#5 B-4 G4,2,m
1477.0,F3 D4 D3 F4 D5 B3 B4 G#2 G#1,2,m
1477.25,F4 B4 D5 F3 B3 D4 G#2 D3 G#1,2,m
1477.375,D5 D4 F4 B4 F3 B3 G#2 D3,2,m
1477.5,F4 B4 D5 F3 B3 D4 G#2 D3 G#1,2,m
1477.75,F4 B4 D5 F3 B3 D4 G#2 D3 G#1,2,m
1477.875,F4 B4 D5 F3 B3 D4 G#2 D3,2,m
1478.0,F4 B4 D5 F3 B3 D4 G#2 D3 G#1,2,m
1478.25,F4 B4 D5 F3 B3 D4 G#2 D3 G#1,?,?
1478.375,F4 B4 D5 F3 B3 D4 G#2 D3,?,?
1478.5,F4 B4 D5 F3 B3 D4 G#2 D3 G#1,?,?
1478.75,F4 B4 D5 F3 B3 D4 G#2 D3 G#1,?,?
1478.875,F4 B4 D5 F3 B3 D4 G#2 D3,?,?
1479.0,F4 B4 D5 F3 B3 D4 G#2 D3 G#1,?,?
1479.25,F4 B4 D5 F3 B3 D4 G#2 D3 G#1,?,?
1479.375,F4 B4 D5 F3 B3 D4 G#2 D3,?,?
1479.5,F4 B4 D5 F3 B3 D4 G#2 D3 G#1,?,?
1479.75,F4 B4 D5 F3 B3 D4 G#2 D3 G#1,?,?
1479.875,F4 B4 D5 F3 B3 D4 G#2 D3,?,?
1480.0,G#2 F4 B4 D5 F3 B3 D4 D3 G#1,?,?
1480.25,G#2 D3 F4 D5 B3 B4 G#1,?,?
1480.375,G#2 D3,?,?
1480.5,G#2 D3 F4 D5 B3 B4 G#1,?,?
1480.75,G#2 D3 F4 D5 B3 B4 G#1,?,?
1480.875,G#2 D3,?,?
1481.0,G#2 F3 D4 D3 F4 D5 B3 B4 G#1,?,?
1481.25,F4 B4 D5 F3 B3 D4 G#2 D3 G#1,?,?
1481.375,F4 B4 D5 F3 B3 D4 G#2 D3,?,?
1481.5,F4 B4 D5 F3 B3 D4 G#2 D3 G#1,?,?
1481.75,F4 B4 D5 F3 B3 D4 G#2 D3 G#1,?,?
1481.875,F4 B4 D5 F3 B3 D4 G#2 D3,?,?
1482.0,F4 B4 D5 F3 B3 D4 G#2 D3 G#1,?,?
1482.25,F4 B4 D5 F3 B3 D4 G#2 D3 G#1,?,?
1482.375,F4 B4 D5 F3 B3 D4 G#2 D3,?,?
1482.5,F4 B4 D5 F3 B3 D4 G#2 D3 G#1,?,?
1482.75,F4 B4 D5 F3 B3 D4 G#2 D3 G#1,?,?
1482.875,F4 B4 D5 F3 B3 D4 G#2 D3,?,?
1483.0,F4 B4 D5 F3 B3 D4 G#2 D3 G#1,?,?
1483.25,F4 B4 D5 F3 B3 D4 G#2 D3 G#1,?,?
1483.375,F4 B4 D5 F3 B3 D4 G#2 D3,?,?
1483.5,F4 B4 D5 F3 B3 D4 G#2 D3 G#1,?,?
1483.75,F4 B4 D5 F3 B3 D4 G#2 D3 G#1,?,?
1483.875,F4 B4 D5 F3 B3 D4 G#2 D3,?,?
1484.0,G#2 F4 B4 D5 F3 B3 D4 D3 G#1,?,?
1484.25,G#2 D3 F4 D5 B3 B4 G#1,?,?
1484.375,G#2 D3,?,?
1484.5,G#2 D3 F4 D5 B3 B4 G#1,?,?
1484.75,G#2 D3 F4 D5 B3 B4 G#1,?,?
1484.875,G#2 D3,?,?
1485.0,F3 D4 D3 F4 D5 B3 B4 G#2 G#1,?,?
1485.25,F4 B4 D5 F3 B3 D4 G#2 D3 G#1,?,?
1485.375,F4 B4 D5 F3 B3 D4 G#2 D3,?,?
1485.5,F4 B4 D5 F3 B3 D4 G#2 D3 G#1,?,?
1485.75,F4 B4 D5 F3 B3 D4 G#2 D3 G#1,?,?
1485.875,F4 B4 D5 F3 B3 D4 G#2 D3,?,?
1486.0,F4 B4 D5 F3 B3 D4 G#2 D3 G#1,?,?
1486.25,F4 B4 D5 F3 B3 D4 G#2 D3 G#1,?,?
1486.375,F4 B4 D5 F3 B3 D4 G#2 D3,?,?
1486.5,F4 B4 D5 F3 B3 D4 G#2 D3 G#1,?,?
1486.75,F4 B4 D5 F3 B3 D4 G#2 D3 G#1,?,?
1486.875,F4 B4 D5 F3 B3 D4 G#2 D3,?,?
1487.0,F4 B4 D5 F3 B3 D4 G#2 D3 G#1,?,?
1487.25,G#2 F3 D4 D3 F4 D5 B3 B4 G#1,?,?
1487.375,G#2 D3,?,?
1487.5,G#2 D3 F4 D5 B3 B4 G#1,?,?
1487.75,G#2 D3 F4 D5 B3 B4 G#1,?,?
1487.875,G#2 D3,?,?
1488.0,G#2 D5 E3 D3 E4 E5 B3 B4 G#1,?,?
1488.25,B4 D5 E5 E3 B3 E4 G#2 D3 G#1,?,?
1488.375,G#2 B4 D5 E5 E3 B3 E4 D3,?,?
1488.5,G#2 D3 E4 E5 B3 B4 G#1,?,?
1488.75,G#2 D3 E4 E5 B3 B4 G#1,?,?
1488.875,G#2 D3,?,?
1489.0,G#2 D5 E3 D3 E4 E5 B3 B4 G#1,?,?
1489.25,B4 D5 E5 E3 B3 E4 G#2 D3 G#1,7,M
1489.375,B4 D5 E5 E3 B3 E4 G#2 D3,7,M
1489.5,B4 D5 E5 E3 B3 E4 G#2 D3 G#1,7,M
1489.75,B4 D5 E5 E3 B3 E4 G#2 D3 G#1,7,M
1489.875,B4 D5 E5 E3 B3 E4 G#2 D3,7,M
1490.0,B4 D5 E5 E3 B3 E4 G#2 D3 G#1,7,M
1490.25,B4 D5 E5 E3 B3 E4 G#2 D3 G#1,7,M
1490.375,B4 D5 E5 E3 B3 E4 G#2 D3,7,M
1490.5,B4 D5 E5 E3 B3 E4 G#2 D3 G#1,7,M
1490.75,B4 D5 E5 E3 B3 E4 G#2 D3 G#1,7,M
1490.875,B4 D5 E5 E3 B3 E4 G#2 D3,7,M
1491.0,B4 D5 E5 E3 B3 E4 G#2 D3 G#1,7,M
1491.25,B4 D5 E5 E3 B3 E4 G#2 D3 G#1,7,m
1491.375,B4 D5 E5 E3 B3 E4 G#2 D3,7,m
1491.5,B4 D5 E5 E3 B3 E4 G#2 D3 G#1,7,m
1491.75,B4 D5 E5 E3 B3 E4 G#2 D3 G#1,7,m
1491.875,B4 D5 E5 E3 B3 E4 G#2 D3,7,m
1492.0,G#2 B4 D5 E5 E3 B3 E4 D3 G#1,7,m
1492.25,G#2 D3 E4 E5 B3 B4 G#1,7,m
1492.375,G#2 D3,7,m
1492.5,G#2 D3 E4 E5 B3 B4 G#1,7,m
1492.75,G#2 D3 E4 E5 B3 B4 G#1,7,m
1492.875,G#2 D3,7,m
1493.0,A3 F4 D3 A4 F5 D4 D5 A2 A1,7,m
1493.25,A4 F5 D5 A3 D4 F4 A2 D3 A1,7,m
1493.375,A4 F5 D5 A3 D4 F4 A2 D3,7,m
1493.5,A4 F5 D5 A3 D4 F4 A2 D3 A1,7,m
1493.75,A4 F5 D5 A3 D4 F4 A2 D3 A1,7,m
1493.875,A4 F5 D5 A3 D4 F4 A2 D3,7,m
1494.0,A4 F5 D5 A3 D4 F4 A2 D3 A1,7,m
1494.125,D3 A4 F5 D4 D5 A2 A1,7,m
1494.25,D3 A4 F5 D4 D5 A2 A1,7,m
1494.375,D3,7,m
1494.5,D3 A4 F5 D4 D5 A2 A1,7,m
1494.75,D3 A4 F5 D4 D5 A2 A1,7,m
1494.875,D3,7,m
1495.0,E-5 A3 F#4 D3 A4 F#5 E-4 C3 C2,7,m
1495.25,F#5 E-5 A4 A3 E-4 F#4 C3 D3 C2,7,m
1495.375,F#5 E-5 A4 A3 E-4 F#4 C3 D3,7,m
1495.5,F#5 E-5 A4 A3 E-4 F#4 C3 D3 C2,7,m
1495.75,F#5 E-5 A4 A3 E-4 F#4 C3 D3 C2,7,m
1495.875,F#5 E-5 A4 A3 E-4 F#4 C3 D3,7,m
1496.0,F#5 E-5 A4 A3 E-4 F#4 C3 D3 C2,7,m
1496.125,D3 A4 F#5 E-4 C3 C2,7,m
1496.25,D3 A4 F#5 E-4 C3 C2,7,m
1496.375,D3,7,m
1496.5,D3 A4 F#5 E-4 C3 C2,7,m
1496.75,D3 A4 F#5 E-4 C3 C2,7,m
1496.875,D3,7,m
1497.0,E-5 B-3 G4 D3 B-4 G5 E-4 B-2,7,m
1497.25,G5 B-4 E-5 B-3 E-4 G4 B-2 D3,7,m
1497.375,G5 B-4 E-5 B-3 E-4 G4 B-2 D3,7,m
1497.5,G5 B-4 E-5 B-3 E-4 G4 B-2 D3,7,m
1497.75,G5 B-4 E-5 B-3 E-4 G4 B-2 D3,7,m
1497.875,G5 B-4 E-5 B-3 E-4 G4 B-2 D3,7,m
1498.0,G5 B-4 E-5 B-3 E-4 G4 B-2 D3,7,m
1498.125,D3 B-4 G5 E-4 B-2,7,m
1498.25,D3 B-4 G5 E-4 B-2,7,m
1498.375,D3,7,m
1498.5,D3 B-4 G5 E-4 B-2,7,m
1498.75,D3 B-4 G5 E-4 B-2,7,m
1498.875,D3,7,m
1499.0,G#3 G#4 D3 C5 G#5 E-4 E-5 C3,7,m
1499.25,G#5 E-5 G#3 E-4 G#4 C3 D3 C5,7,m
1499.375,G#5 E-5 G#3 E-4 G#4 C3 D3,7,m
1499.5,G#5 E-5 G#3 E-4 G#4 C3 D3 C5,7,m
1499.75,G#5 E-5 G#3 E-4 G#4 C3 D3 C5,7,m
1499.875,G#5 E-5 G#3 E-4 G#4 C3 D3,7,m
1500.0,G#5 E-5 G#3 E-4 G#4 C3 D3 C5,7,m
1500.125,D3 C5 G#5 E-4 E-5 C3,7,m
1500.25,D3 C5 G#5 E-4 E-5 C3,7,m
1500.375,D3,7,m
1500.5,D3 C5 G#5 E-4 E-5 C3,7,m
1500.75,D3 C5 G#5 E-4 E-5 C3,7,m
1500.875,D3,7,m
1501.0,A4 F#5 A3 C4 D3 C5 A5 F#4 E-3,7,m
1501.25,A5 A4 C5 F#5 A3 C4 F#4 E-3 D3,11,m
1501.375,A5 A4 C5 F#5 A3 C4 F#4 E-3 D3,11,m
1501.5,A5 A4 C5 F#5 A3 C4 F#4 E-3 D3,11,m
1501.75,A5 A4 C5 F#5 A3 C4 F#4 E-3 D3,11,m
1501.875,A5 A4 C5 F#5 A3 C4 F#4 E-3 D3,11,m
1502.0,A5 A4 C5 F#5 A3 C4 F#4 E-3 D3,11,m
1502.125,D3 C5 A5 F#4 E-3,11,m
1502.25,D3 C5 A5 F#4 E-3,11,m
1502.375,D3,11,m
1502.5,D3 C5 A5 F#4 E-3,11,m
1502.75,D3 C5 A5 F#4 E-3,11,m
1502.875,D3,11,m
1503.0,B-4 B-3 C#4 D3 C#5 B-5 F#4 F#5 C#3,11,m
1503.25,B-5 B-4 C#5 F#5 B-3 C#4 F#4 C#3 D3,11,m
1503.375,B-5 B-4 C#5 F#5 B-3 C#4 F#4 C#3 D3,11,m
1503.5,B-5 B-4 C#5 F#5 B-3 C#4 F#4 C#3 D3,11,m
1503.75,B-5 B-4 C#5 F#5 B-3 C#4 F#4 C#3 D3,11,m
1503.875,B-5 B-4 C#5 F#5 B-3 C#4 F#4 C#3 D3,11,m
1504.0,B-5 B-4 C#5 F#5 B-3 C#4 F#4 C#3 D3,11,m
1504.125,D3 C#5 B-5 F#4 F#5 C#3,11,m
1504.25,D3 C#5 B-5 F#4 F#5 C#3,11,m
1504.375,D3,11,m
1504.5,D3 C#5 B-5 F#4 F#5 C#3,11,m
1504.75,D3 C#5 B-5 F#4 F#5 C#3,11,m
1504.875,D3,11,m
1505.0,B4 B3 D4 D3 D5 B5 F#4 F#5 B2,11,m
1505.25,B5 B4 D5 F#5 B3 D4 F#4 B2 D3,11,m
1505.375,B5 B4 D5 F#5 B3 D4 F#4 B2 D3,11,m
1505.5,B5 B4 D5 F#5 B3 D4 F#4 B2 D3,11,m
1505.75,B5 B4 D5 F#5 B3 D4 F#4 B2 D3,11,m
1505.875,B5 B4 D5 F#5 B3 D4 F#4 B2 D3,11,m
1506.0,B5 B4 D5 F#5 B3 D4 F#4 B2 D3,11,m
1506.125,D3 D5 B5 F#4 F#5 B2,11,m
1506.25,D3 D5 B5 F#4 F#5 B2,11,m
1506.375,D3,11,m
1506.5,D3 D5 B5 F#4 F#5 B2,11,m
1506.75,D3 D5 B5 F#4 F#5 B2,11,m
1506.875,D3,11,m
1507.0,G5 B-3 E4 D3 E5 C#6 G4 C#5 B-2,11,m
1507.25,C#6 C#5 G5 E5 B-3 E4 G4 B-2 D3,11,m
1507.375,C#6 C#5 G5 E5 B-3 E4 G4 B-2 D3,11,m
1507.5,C#6 C#5 G5 E5 B-3 E4 G4 B-2 D3,11,m
1507.75,C#6 C#5 G5 E5 B-3 E4 G4 B-2 D3,11,m
1507.875,C#6 C#5 G5 E5 B-3 E4 G4 B-2 D3,11,m
1508.0,C#6 C#5 G5 E5 B-3 E4 G4 B-2 D3,11,m
1508.125,D3 E5 C#6 G4 C#5 B-2,11,m
1508.25,D3 E5 C#6 G4 C#5 B-2,11,m
1508.375,D3,11,m
1508.5,D3 E5 C#6 G4 C#5 B-2,11,m
1508.75,D3 E5 C#6 G4 C#5 B-2,11,m
1508.875,D3,11,m
1509.0,F#5 B3 D4 D3 E2 D6 F#4 D5 B2,11,m
1509.25,D6 F#5 D5 B3 D4 F#4 B2 D3 E2,11,m
1509.375,D6 F#5 D5 B3 D4 F#4 B2 D3 E2,11,m
1509.5,D6 F#5 D5 B3 D4 F#4 B2 D3 E2,11,m
1509.75,D6 F#5 D5 B3 D4 F#4 B2 D3 E2,11,m
1509.875,D6 F#5 D5 B3 D4 F#4 B2 D3 E2,11,m
1510.0,D6 F#5 D5 B3 D4 F#4 B2 D3 E2,11,m
1510.25,D6 F#5 D5 B3 D4 F#4 B2 D3 E2,11,m
1510.375,D6 F#5 D5 B3 D4 F#4 B2 D3 E2,11,m
1510.5,D6 F#5 D5 B3 D4 F#4 B2 D3 E2,11,m
1510.75,D6 F#5 D5 B3 D4 F#4 B2 D3 E2,11,m
1510.875,D6 F#5 D5 B3 D4 F#4 B2 D3 E2,11,m
1511.0,D6 F#5 D5 B3 D4 F#4 B2 D3 E2,11,m
1511.25,D6 F#5 D5 B3 D4 F#4 B2 D3 E2,11,m
1511.375,D6 F#5 D5 B3 D4 F#4 B2 D3 E2,11,m
1511.5,D6 F#5 D5 B3 D4 F#4 B2 D3 E2,11,m
1511.75,D6 F#5 D5 B3 D4 F#4 B2 D3 E2,11,m
1511.875,D6 F#5 D5 B3 D4 F#4 B2 D3 E2,11,m
1512.0,D6 F#5 D5 B3 D4 F#4 B2 D3 E2,11,m
1512.25,D3 E2 D6 F#4 D5 B2,11,m
1512.375,D3 E2,11,m
1512.5,D3 E2 D6 F#4 D5 B2,11,m
1512.75,D3 E2 D6 F#4 D5 B2,11,m
1512.875,D3 E2,11,m
1513.0,G#5 D5 G#3 D4 E4 D3 E2 E5 D6 G#4 B-2,11,m
1513.25,G#5 D6 G#4 D5 E5 G#3 D4 E4 B-2 D3 E2,11,m
1513.375,G#5 D6 G#4 D5 E5 G#3 D4 E4 B-2 D3 E2,11,m
1513.5,G#5 D6 G#4 D5 E5 G#3 D4 E4 B-2 D3 E2,11,m
1513.75,G#5 D6 G#4 D5 E5 G#3 D4 E4 B-2 D3 E2,11,m
1513.875,G#5 D6 G#4 D5 E5 G#3 D4 E4 B-2 D3 E2,11,m
1514.0,G#5 D6 G#4 D5 E5 G#3 D4 E4 B-2 D3 E2,11,m
1514.25,G#5 D6 G#4 D5 E5 G#3 D4 E4 B-2 D3 E2,11,m
1514.375,G#5 D6 G#4 D5 E5 G#3 D4 E4 B-2 D3 E2,11,m
1514.5,G#5 D6 G#4 D5 E5 G#3 D4 E4 B-2 D3 E2,11,m
1514.75,G#5 D6 G#4 D5 E5 G#3 D4 E4 B-2 D3 E2,11,m
1514.875,G#5 D6 G#4 D5 E5 G#3 D4 E4 B-2 D3 E2,11,m
1515.0,G#5 D6 G#4 D5 E5 G#3 D4 E4 B-2 D3 E2,11,m
1515.25,G#5 D6 G#4 D5 E5 G#3 D4 E4 B-2 D3 E2,9,M
1515.375,G#5 D6 G#4 D5 E5 G#3 D4 E4 B-2 D3 E2,9,M
1515.5,G#5 D6 G#4 D5 E5 G#3 D4 E4 B-2 D3 E2,9,M
1515.75,G#5 D6 G#4 D5 E5 G#3 D4 E4 B-2 D3 E2,9,M
1515.875,G#5 D6 G#4 D5 E5 G#3 D4 E4 B-2 D3 E2,9,M
1516.0,G#5 D6 G#4 D5 E5 G#3 D4 E4 B-2 D3 E2,9,M
1516.25,D3 E2 E5 D6 G#4 B-2,9,M
1516.375,D3 E2,9,M
1516.5,D3 E2 E5 D6 G#4 B-2,9,M
1516.75,D3 E2 E5 D6 G#4 B-2,9,M
1516.875,D3 E2,9,M
1517.0,A5 D5 A3 D4 F#4 D3 E2 F#5 D6 A4 A2,9,M
1517.25,A5 D6 A4 D5 F#5 A3 D4 F#4 A2 D3 E2,9,M
1517.375,A5 D6 A4 D5 F#5 A3 D4 F#4 A2 D3 E2,9,M
1517.5,A5 D6 A4 D5 F#5 A3 D4 F#4 A2 D3 E2,9,M
1517.75,A5 D6 A4 D5 F#5 A3 D4 F#4 A2 D3 E2,9,M
1517.875,A5 D6 A4 D5 F#5 A3 D4 F#4 A2 D3 E2,9,M
1518.0,A5 D6 A4 D5 F#5 A3 D4 F#4 A2 D3 E2,9,M
1518.25,A5 D6 A4 D5 F#5 A3 D4 F#4 A2 D3 E2,9,M
1518.375,A5 D6 A4 D5 F#5 A3 D4 F#4 A2 D3 E2,9,M
1518.5,A5 D6 A4 D5 F#5 A3 D4 F#4 A2 D3 E2,9,M
1518.75,A5 D6 A4 D5 F#5 A3 D4 F#4 A2 D3 E2,9,M
1518.875,A5 D6 A4 D5 F#5 A3 D4 F#4 A2 D3 E2,9,M
1519.0,A5 D6 A4 D5 F#5 A3 D4 F#4 A2 D3 E2,9,M
1519.25,A5 D5 A3 D4 F#4 D3 E2 F#5 D6 A4 A2,9,M
1519.375,D3 E2,9,M
1519.5,D3 E2 F#5 D6 A4 A2,9,M
1519.75,D3 E2 F#5 D6 A4 A2,9,M
1519.875,D3 E2,9,M
1520.0,B5 B4 G3 B3 D3 E2 E6 E4 E5 G2,9,M
1520.25,B5 E6 B4 E5 G3 B3 E4 G2 D3 E2,?,?
1520.375,B5 E6 B4 E5 G3 B3 E4 G2 D3 E2,?,?
1520.5,D3 E2 E6 E4 E5 G2,?,?
1520.75,D3 E2 E6 E4 E5 G2,?,?
1520.875,D3 E2,?,?
1521.0,B5 B4 G3 B3 D3 E2 E6 E4 E5 G2 G1,?,?
1521.25,B5 E6 B4 E5 G3 B3 E4 G2 D3 E2 G1,?,?
1521.375,B5 E6 B4 E5 G3 B3 E4 G2 D3 E2,?,?
1521.5,B5 E6 B4 E5 G3 B3 E4 G2 D3 E2 G1,?,?
1521.75,B5 E6 B4 E5 G3 B3 E4 G2 D3 E2 G1,?,?
1521.875,B5 E6 B4 E5 G3 B3 E4 G2 D3 E2,?,?
1522.0,B5 E6 B4 E5 G3 B3 E4 G2 D3 E2 G1,?,?
1522.25,B5 E6 B4 E5 G3 B3 E4 G2 D3 E2 G1,?,?
1522.375,B5 E6 B4 E5 G3 B3 E4 G2 D3 E2,?,?
1522.5,B5 E6 B4 E5 G3 B3 E4 G2 D3 E2 G1,?,?
1522.75,B5 E6 B4 E5 G3 B3 E4 G2 D3 E2 G1,?,?
1522.875,B5 E6 B4 E5 G3 B3 E4 G2 D3 E2,?,?
1523.0,B5 E6 B4 E5 G3 B3 E4 G2 D3 E2 G1,?,?
1523.25,B5 E6 B4 E5 G3 B3 E4 G2 D3 E2 G1,?,?
1523.375,B5 E6 B4 E5 G3 B3 E4 G2 D3 E2,?,?
1523.5,B5 E6 B4 E5 G3 B3 E4 G2 D3 E2 G1,?,?
1523.75,B5 E6 B4 E5 G3 B3 E4 G2 D3 E2 G1,?,?
1523.875,B5 E6 B4 E5 G3 B3 E4 G2 D3 E2,?,?
1524.0,B5 E6 B4 E5 G3 B3 E4 G2 D3 E2 G1,?,?
1524.25,D3 E2 E6 E4 E5 G2 G1,?,?
1524.375,D3 E2,?,?
1524.5,D3 E2 E6 E4 E5 G2 G1,?,?
1524.75,D3 E2 E6 E4 E5 G2 G1,?,?
1524.875,D3 E2,?,?
1525.0,B-5 C#6 F#4 B-4 C#5 F#3 B-3 C#4 D3 E2 F#6 F#5 F#2 F#1,?,?
1525.25,F#6 B-5 C#6 F#4 B-4 C#5 F#5 F#3 B-3 C#4 F#2 D3 E2 F#1,?,?
1525.375,F#6 B-5 C#6 F#4 B-4 C#5 F#5 F#3 B-3 C#4 F#2 D3 E2,?,?
1525.5,F#6 B-5 C#6 F#4 B-4 C#5 F#5 F#3 B-3 C#4 F#2 D3 E2 F#1,?,?
1525.75,F#6 B-5 C#6 F#4 B-4 C#5 F#5 F#3 B-3 C#4 F#2 D3 E2 F#1,?,?
1525.875,F#6 B-5 C#6 F#4 B-4 C#5 F#5 F#3 B-3 C#4 F#2 D3 E2,?,?
1526.0,F#6 B-5 C#6 F#4 B-4 C#5 F#5 F#3 B-3 C#4 F#2 D3 E2,?,?
1526.125,D3 E2 F#6 F#5 F#3 F#2,?,?
1526.25,D3 E2 F#6 F#5 F#3 F#2,?,?
1526.375,D3 E2,?,?
1526.5,D3 E2 F#6 F#5 F#3 F#2,?,?
1526.75,D3 E2 F#6 F#5 F#3 F#2,?,?
1526.875,D3 E2,?,?
1527.0,B5 E6 B4 E5 G3 B3 E4 D3 G6 G5 E3 E2,?,?
1527.25,G6 B5 E6 E2 B4 G5 E5 G3 B3 E4 E3 D3,?,?
1527.375,G6 B5 E6 E2 B4 G5 E5 G3 B3 E4 E3 D3,?,?
1527.5,G6 B5 E6 E2 B4 G5 E5 G3 B3 E4 E3 D3,?,?
1527.75,G6 B5 E6 E2 B4 G5 E5 G3 B3 E4 E3 D3,?,?
1527.875,G6 B5 E6 E2 B4 G5 E5 G3 B3 E4 E3 D3,?,?
